T 7658.09
T 7658.25
T 7658.44
P 8431 1402 20010056 appspawn-x
8431 (b.bridge.zigzag) R 1402 0 0 0 -1 4194624 2513 0 0 0 1 8 0 0 0 -20 1 0 765847 2454016000 5692 18446744073709551615 367306638804 367306705120 549462225152 0 0 0 0 4096 1073775866 0 0 0 17 6 0 0 0 0 0 367306716056 367306716216 367548850176 549462227549 549462227596 549462227596 549462228961 0
T 7658.69
P 8431 1402 20010056 appspawn-x
8431 (main) R 1402 0 0 0 -1 4194624 13242 0 0 0 6 22 0 0 0 -20 10 0 765847 3361243136 19067 18446744073709551615 367306638804 367306705120 549462225152 0 0 0 4612 0 1073779962 0 0 0 17 7 0 0 0 0 0 367306716056 367306716216 367548850176 549462227549 549462227596 549462227596 549462228961 0
T 7658.89
P 8431 1402 20010056 appspawn-x
8431 (main) R 1402 0 0 0 -1 4194624 15777 0 0 0 11 30 0 0 0 -20 10 0 765847 3518963712 24884 18446744073709551615 367306638804 367306705120 549462225152 0 0 0 4612 0 1073779962 0 0 0 17 5 0 0 0 0 0 367306716056 367306716216 367548850176 549462227549 549462227596 549462227596 549462228961 0
T 7659.07
P 8431 1402 20010056 appspawn-x
8431 (main) R 1402 0 0 0 -1 4194624 16845 0 0 0 26 30 0 0 0 -20 10 0 765847 3518984192 26215 18446744073709551615 367306638804 367306705120 549462225152 0 0 0 4612 0 1073779962 0 0 0 17 5 0 0 0 0 0 367306716056 367306716216 367548850176 549462227549 549462227596 549462227596 549462228961 0
T 7659.23
P 8431 1402 20010056 appspawn-x
8431 (main) R 1402 0 0 0 -1 4194624 20918 0 0 0 35 38 0 0 0 -20 10 0 765847 3584004096 46806 18446744073709551615 367306638804 367306705120 549462225152 0 0 0 4612 0 1073779962 0 0 0 17 7 0 0 0 0 0 367306716056 367306716216 367548850176 549462227549 549462227596 549462227596 549462228961 0
T 7659.41
P 8431 1402 20010056 appspawn-x
8431 (com.a2hlab.brid) R 1402 0 0 0 -1 4194624 28462 0 0 0 43 47 0 0 0 -20 13 0 765847 3719913472 57831 18446744073709551615 367306638804 367306705120 549462225152 0 0 0 4612 0 1073779962 0 0 0 17 7 0 0 0 0 0 367306716056 367306716216 367548850176 549462227549 549462227596 549462227596 549462228961 0
T 7659.57
P 8431 1402 20010056 appspawn-x
8431 (com.a2hlab.brid) R 1402 0 0 0 -1 4194624 37040 0 0 0 54 52 0 0 0 -20 13 0 765847 3748773888 64919 18446744073709551615 367306638804 367306705120 549462225152 0 0 0 4612 0 1073779962 0 0 0 17 7 0 0 0 0 0 367306716056 367306716216 367548850176 549462227549 549462227596 549462227596 549462228961 0
T 7659.74
P 8431 1402 20010056 appspawn-x
8431 (com.a2hlab.brid) R 1402 0 0 0 -1 4194624 38799 0 0 0 65 56 0 0 0 -20 13 0 765847 3725144064 59147 18446744073709551615 367306638804 367306705120 549462225152 0 0 0 4612 0 1073779962 0 0 0 17 7 0 0 0 0 0 367306716056 367306716216 367548850176 549462227549 549462227596 549462227596 549462228961 0
T 7659.90
P 8431 1402 20010056 appspawn-x
8431 (com.a2hlab.brid) R 1402 0 0 0 -1 4194624 41000 0 0 0 74 66 0 0 0 -20 14 0 765847 3787407360 61590 18446744073709551615 367306638804 367306705120 549462225152 0 0 0 4612 0 1073779962 0 0 0 17 7 0 0 0 0 0 367306716056 367306716216 367548850176 549462227549 549462227596 549462227596 549462228961 0
T 7660.07
P 8431 1402 20010056 appspawn-x
8431 (com.a2hlab.brid) S 1402 0 0 0 -1 1077936448 43316 0 0 0 80 75 0 0 0 -20 21 0 765847 4171202560 70661 18446744073709551615 367306638804 367306705120 549462225152 0 0 0 4612 0 1073779962 0 0 0 17 7 0 0 0 0 0 367306716056 367306716216 367548850176 549462227549 549462227596 549462227596 549462228961 0
T 7660.29
P 8431 1402 20010056 appspawn-x
8431 (com.a2hlab.brid) S 1402 0 0 0 -1 4194624 46565 0 0 0 83 80 0 0 0 -20 35 0 765847 4333187072 76250 18446744073709551615 367306638804 367306705120 549462225152 0 0 0 4612 0 1073779962 0 0 0 17 2 0 0 0 0 0 367306716056 367306716216 367548850176 549462227549 549462227596 549462227596 549462228961 0
T 7660.46
P 8431 1402 20010056 appspawn-x
8431 (com.a2hlab.brid) R 1402 0 0 0 -1 4194624 46565 0 0 0 83 80 0 0 0 -20 35 0 765847 4333187072 76250 18446744073709551615 367306638804 367306705120 549462225152 0 0 0 4612 0 1073779962 0 0 0 17 2 0 0 0 0 0 367306716056 367306716216 367548850176 549462227549 549462227596 549462227596 549462228961 0
T 7660.64
P 8431 1402 20010056 appspawn-x
8431 (com.a2hlab.brid) S 1402 0 0 0 -1 4194624 46574 0 0 0 83 80 0 0 0 -20 35 0 765847 4332507136 76206 18446744073709551615 367306638804 367306705120 549462225152 0 0 0 4612 0 1073779962 0 0 0 17 2 0 0 0 0 0 367306716056 367306716216 367548850176 549462227549 549462227596 549462227596 549462228961 0
T 7660.82
P 8431 1402 20010056 appspawn-x
8431 (com.a2hlab.brid) S 1402 0 0 0 -1 4194624 46574 0 0 0 83 80 0 0 0 -20 35 0 765847 4332503040 76206 18446744073709551615 367306638804 367306705120 549462225152 0 0 0 4612 0 1073779962 0 0 0 17 2 0 0 0 0 0 367306716056 367306716216 367548850176 549462227549 549462227596 549462227596 549462228961 0
T 7660.97
P 8431 1402 20010056 appspawn-x
8431 (com.a2hlab.brid) S 1402 0 0 0 -1 4194624 46574 0 0 0 83 80 0 0 0 -20 35 0 765847 4332498944 76206 18446744073709551615 367306638804 367306705120 549462225152 0 0 0 4612 0 1073779962 0 0 0 17 2 0 0 0 0 0 367306716056 367306716216 367548850176 549462227549 549462227596 549462227596 549462228961 0
T 7661.14
P 8431 1402 20010056 appspawn-x
8431 (com.a2hlab.brid) S 1402 0 0 0 -1 4194624 46574 0 0 0 83 80 0 0 0 -20 35 0 765847 4332498944 76206 18446744073709551615 367306638804 367306705120 549462225152 0 0 0 4612 0 1073779962 0 0 0 17 2 0 0 0 0 0 367306716056 367306716216 367548850176 549462227549 549462227596 549462227596 549462228961 0
T 7661.30
P 8431 1402 20010056 appspawn-x
8431 (com.a2hlab.brid) S 1402 0 0 0 -1 4194624 46574 0 0 0 83 80 0 0 0 -20 35 0 765847 4332498944 76206 18446744073709551615 367306638804 367306705120 549462225152 0 0 0 4612 0 1073779962 0 0 0 17 2 0 0 0 0 0 367306716056 367306716216 367548850176 549462227549 549462227596 549462227596 549462228961 0
T 7661.45
P 8431 1402 20010056 appspawn-x
8431 (com.a2hlab.brid) S 1402 0 0 0 -1 4194624 46574 0 0 0 83 80 0 0 0 -20 35 0 765847 4332498944 76206 18446744073709551615 367306638804 367306705120 549462225152 0 0 0 4612 0 1073779962 0 0 0 17 2 0 0 0 0 0 367306716056 367306716216 367548850176 549462227549 549462227596 549462227596 549462228961 0
T 7661.61
P 8431 1402 20010056 appspawn-x
8431 (com.a2hlab.brid) S 1402 0 0 0 -1 4194624 46581 0 0 0 83 80 0 0 0 -20 35 0 765847 4332498944 76206 18446744073709551615 367306638804 367306705120 549462225152 0 0 0 4612 0 1073779962 0 0 0 17 2 0 0 0 0 0 367306716056 367306716216 367548850176 549462227549 549462227596 549462227596 549462228961 0
T 7661.78
P 8431 1402 20010056 appspawn-x
8431 (com.a2hlab.brid) S 1402 0 0 0 -1 4194624 46581 0 0 0 83 80 0 0 0 -20 35 0 765847 4332498944 76206 18446744073709551615 367306638804 367306705120 549462225152 0 0 0 4612 0 1073779962 0 0 0 17 2 0 0 0 0 0 367306716056 367306716216 367548850176 549462227549 549462227596 549462227596 549462228961 0
T 7661.94
P 8431 1402 20010056 appspawn-x
8431 (com.a2hlab.brid) S 1402 0 0 0 -1 4194624 46582 0 0 0 83 80 0 0 0 -20 35 0 765847 4332498944 76206 18446744073709551615 367306638804 367306705120 549462225152 0 0 0 4612 0 1073779962 0 0 0 17 2 0 0 0 0 0 367306716056 367306716216 367548850176 549462227549 549462227596 549462227596 549462228961 0
T 7662.10
P 8431 1402 20010056 appspawn-x
8431 (com.a2hlab.brid) S 1402 0 0 0 -1 4194624 46582 0 0 0 83 80 0 0 0 -20 35 0 765847 4332498944 76206 18446744073709551615 367306638804 367306705120 549462225152 0 0 0 4612 0 1073779962 0 0 0 17 2 0 0 0 0 0 367306716056 367306716216 367548850176 549462227549 549462227596 549462227596 549462228961 0
T 7662.25
P 8431 1402 20010056 appspawn-x
8431 (com.a2hlab.brid) S 1402 0 0 0 -1 4194624 46582 0 0 0 83 80 0 0 0 -20 35 0 765847 4332498944 76206 18446744073709551615 367306638804 367306705120 549462225152 0 0 0 4612 0 1073779962 0 0 0 17 2 0 0 0 0 0 367306716056 367306716216 367548850176 549462227549 549462227596 549462227596 549462228961 0
T 7662.41
P 8431 1402 20010056 appspawn-x
8431 (com.a2hlab.brid) S 1402 0 0 0 -1 4194624 46582 0 0 0 83 80 0 0 0 -20 35 0 765847 4332498944 76206 18446744073709551615 367306638804 367306705120 549462225152 0 0 0 4612 0 1073779962 0 0 0 17 2 0 0 0 0 0 367306716056 367306716216 367548850176 549462227549 549462227596 549462227596 549462228961 0
T 7662.56
P 8431 1402 20010056 appspawn-x
8431 (com.a2hlab.brid) S 1402 0 0 0 -1 4194624 46582 0 0 0 83 80 0 0 0 -20 35 0 765847 4332498944 76206 18446744073709551615 367306638804 367306705120 549462225152 0 0 0 4612 0 1073779962 0 0 0 17 2 0 0 0 0 0 367306716056 367306716216 367548850176 549462227549 549462227596 549462227596 549462228961 0
T 7662.72
P 8431 1402 20010056 appspawn-x
8431 (com.a2hlab.brid) S 1402 0 0 0 -1 4194624 46582 0 0 0 83 80 0 0 0 -20 35 0 765847 4332498944 76206 18446744073709551615 367306638804 367306705120 549462225152 0 0 0 4612 0 1073779962 0 0 0 17 2 0 0 0 0 0 367306716056 367306716216 367548850176 549462227549 549462227596 549462227596 549462228961 0
T 7662.89
P 8431 1402 20010056 appspawn-x
8431 (com.a2hlab.brid) S 1402 0 0 0 -1 4194624 46582 0 0 0 83 81 0 0 0 -20 35 0 765847 4332498944 76206 18446744073709551615 367306638804 367306705120 549462225152 0 0 0 4612 0 1073779962 0 0 0 17 2 0 0 0 0 0 367306716056 367306716216 367548850176 549462227549 549462227596 549462227596 549462228961 0
T 7663.08
P 8431 1402 20010056 appspawn-x
8431 (com.a2hlab.brid) S 1402 0 0 0 -1 4194624 46598 0 0 0 84 81 0 0 0 -20 35 0 765847 4332498944 76206 18446744073709551615 367306638804 367306705120 549462225152 0 0 0 4612 0 1073779962 0 0 0 17 2 0 0 0 0 0 367306716056 367306716216 367548850176 549462227549 549462227596 549462227596 549462228961 0
T 7663.23
P 8431 1402 20010056 appspawn-x
8431 (com.a2hlab.brid) S 1402 0 0 0 -1 4194624 46598 0 0 0 84 81 0 0 0 -20 35 0 765847 4332498944 76206 18446744073709551615 367306638804 367306705120 549462225152 0 0 0 4612 0 1073779962 0 0 0 17 2 0 0 0 0 0 367306716056 367306716216 367548850176 549462227549 549462227596 549462227596 549462228961 0
T 7663.40
P 8431 1402 20010056 appspawn-x
8431 (com.a2hlab.brid) S 1402 0 0 0 -1 4194624 46598 0 0 0 84 81 0 0 0 -20 35 0 765847 4332498944 76206 18446744073709551615 367306638804 367306705120 549462225152 0 0 0 4612 0 1073779962 0 0 0 17 2 0 0 0 0 0 367306716056 367306716216 367548850176 549462227549 549462227596 549462227596 549462228961 0
T 7663.57
P 8431 1402 20010056 appspawn-x
8431 (com.a2hlab.brid) S 1402 0 0 0 -1 4194624 46598 0 0 0 84 81 0 0 0 -20 35 0 765847 4332498944 76206 18446744073709551615 367306638804 367306705120 549462225152 0 0 0 4612 0 1073779962 0 0 0 17 2 0 0 0 0 0 367306716056 367306716216 367548850176 549462227549 549462227596 549462227596 549462228961 0
T 7663.75
P 8431 1402 20010056 appspawn-x
8431 (com.a2hlab.brid) S 1402 0 0 0 -1 4194624 46598 0 0 0 84 81 0 0 0 -20 35 0 765847 4332498944 76206 18446744073709551615 367306638804 367306705120 549462225152 0 0 0 4612 0 1073779962 0 0 0 17 2 0 0 0 0 0 367306716056 367306716216 367548850176 549462227549 549462227596 549462227596 549462228961 0
T 7663.92
P 8431 1402 20010056 appspawn-x
8431 (com.a2hlab.brid) S 1402 0 0 0 -1 4194624 46598 0 0 0 84 81 0 0 0 -20 35 0 765847 4332498944 76206 18446744073709551615 367306638804 367306705120 549462225152 0 0 0 4612 0 1073779962 0 0 0 17 2 0 0 0 0 0 367306716056 367306716216 367548850176 549462227549 549462227596 549462227596 549462228961 0
T 7664.11
P 8431 1402 20010056 appspawn-x
8431 (com.a2hlab.brid) S 1402 0 0 0 -1 4194624 46598 0 0 0 84 81 0 0 0 -20 35 0 765847 4332498944 76206 18446744073709551615 367306638804 367306705120 549462225152 0 0 0 4612 0 1073779962 0 0 0 17 2 0 0 0 0 0 367306716056 367306716216 367548850176 549462227549 549462227596 549462227596 549462228961 0
T 7664.27
P 8431 1402 20010056 appspawn-x
8431 (com.a2hlab.brid) S 1402 0 0 0 -1 4194624 46598 0 0 0 84 81 0 0 0 -20 35 0 765847 4332498944 76206 18446744073709551615 367306638804 367306705120 549462225152 0 0 0 4612 0 1073779962 0 0 0 17 2 0 0 0 0 0 367306716056 367306716216 367548850176 549462227549 549462227596 549462227596 549462228961 0
T 7664.44
P 8431 1402 20010056 appspawn-x
8431 (com.a2hlab.brid) S 1402 0 0 0 -1 4194624 46598 0 0 0 84 81 0 0 0 -20 35 0 765847 4332498944 76206 18446744073709551615 367306638804 367306705120 549462225152 0 0 0 4612 0 1073779962 0 0 0 17 2 0 0 0 0 0 367306716056 367306716216 367548850176 549462227549 549462227596 549462227596 549462228961 0
T 7664.62
P 8431 1402 20010056 appspawn-x
8431 (com.a2hlab.brid) S 1402 0 0 0 -1 4194624 46598 0 0 0 84 81 0 0 0 -20 35 0 765847 4332498944 76206 18446744073709551615 367306638804 367306705120 549462225152 0 0 0 4612 0 1073779962 0 0 0 17 2 0 0 0 0 0 367306716056 367306716216 367548850176 549462227549 549462227596 549462227596 549462228961 0
T 7664.77
P 8431 1402 20010056 appspawn-x
8431 (com.a2hlab.brid) S 1402 0 0 0 -1 4194624 46598 0 0 0 84 81 0 0 0 -20 35 0 765847 4332498944 76206 18446744073709551615 367306638804 367306705120 549462225152 0 0 0 4612 0 1073779962 0 0 0 17 2 0 0 0 0 0 367306716056 367306716216 367548850176 549462227549 549462227596 549462227596 549462228961 0
T 7664.98
P 8431 1402 20010056 appspawn-x
8431 (com.a2hlab.brid) S 1402 0 0 0 -1 4194624 46658 0 0 0 85 81 0 0 0 -20 35 0 765847 4332498944 76221 18446744073709551615 367306638804 367306705120 549462225152 0 0 0 4612 0 1073779962 0 0 0 17 2 0 0 0 0 0 367306716056 367306716216 367548850176 549462227549 549462227596 549462227596 549462228961 0
T 7665.15
P 8431 1402 20010056 appspawn-x
8431 (com.a2hlab.brid) S 1402 0 0 0 -1 4194624 46658 0 0 0 85 81 0 0 0 -20 35 0 765847 4332498944 76221 18446744073709551615 367306638804 367306705120 549462225152 0 0 0 4612 0 1073779962 0 0 0 17 2 0 0 0 0 0 367306716056 367306716216 367548850176 549462227549 549462227596 549462227596 549462228961 0
T 7665.33
P 8431 1402 20010056 appspawn-x
8431 (com.a2hlab.brid) S 1402 0 0 0 -1 4194624 46658 0 0 0 85 81 0 0 0 -20 35 0 765847 4332498944 76221 18446744073709551615 367306638804 367306705120 549462225152 0 0 0 4612 0 1073779962 0 0 0 17 2 0 0 0 0 0 367306716056 367306716216 367548850176 549462227549 549462227596 549462227596 549462228961 0
T 7665.50
P 8431 1402 20010056 appspawn-x
8431 (com.a2hlab.brid) S 1402 0 0 0 -1 4194624 46658 0 0 0 85 81 0 0 0 -20 35 0 765847 4332498944 76221 18446744073709551615 367306638804 367306705120 549462225152 0 0 0 4612 0 1073779962 0 0 0 17 2 0 0 0 0 0 367306716056 367306716216 367548850176 549462227549 549462227596 549462227596 549462228961 0
T 7665.66
P 8431 1402 20010056 appspawn-x
8431 (com.a2hlab.brid) S 1402 0 0 0 -1 4194624 46658 0 0 0 85 81 0 0 0 -20 35 0 765847 4332498944 76221 18446744073709551615 367306638804 367306705120 549462225152 0 0 0 4612 0 1073779962 0 0 0 17 2 0 0 0 0 0 367306716056 367306716216 367548850176 549462227549 549462227596 549462227596 549462228961 0
T 7665.82
P 8431 1402 20010056 appspawn-x
8431 (com.a2hlab.brid) S 1402 0 0 0 -1 4194624 46658 0 0 0 85 81 0 0 0 -20 35 0 765847 4332498944 76221 18446744073709551615 367306638804 367306705120 549462225152 0 0 0 4612 0 1073779962 0 0 0 17 2 0 0 0 0 0 367306716056 367306716216 367548850176 549462227549 549462227596 549462227596 549462228961 0
T 7665.98
P 8431 1402 20010056 appspawn-x
8431 (com.a2hlab.brid) S 1402 0 0 0 -1 4194624 46658 0 0 0 85 81 0 0 0 -20 35 0 765847 4332498944 76221 18446744073709551615 367306638804 367306705120 549462225152 0 0 0 4612 0 1073779962 0 0 0 17 2 0 0 0 0 0 367306716056 367306716216 367548850176 549462227549 549462227596 549462227596 549462228961 0
T 7666.13
P 8431 1402 20010056 appspawn-x
8431 (com.a2hlab.brid) S 1402 0 0 0 -1 4194624 46658 0 0 0 85 81 0 0 0 -20 35 0 765847 4332498944 76221 18446744073709551615 367306638804 367306705120 549462225152 0 0 0 4612 0 1073779962 0 0 0 17 2 0 0 0 0 0 367306716056 367306716216 367548850176 549462227549 549462227596 549462227596 549462228961 0
T 7666.30
P 8431 1402 20010056 appspawn-x
8431 (com.a2hlab.brid) S 1402 0 0 0 -1 4194624 46658 0 0 0 85 81 0 0 0 -20 35 0 765847 4332498944 76221 18446744073709551615 367306638804 367306705120 549462225152 0 0 0 4612 0 1073779962 0 0 0 17 2 0 0 0 0 0 367306716056 367306716216 367548850176 549462227549 549462227596 549462227596 549462228961 0
T 7666.46
P 8431 1402 20010056 appspawn-x
8431 (com.a2hlab.brid) S 1402 0 0 0 -1 4194624 46658 0 0 0 85 81 0 0 0 -20 35 0 765847 4332498944 76221 18446744073709551615 367306638804 367306705120 549462225152 0 0 0 4612 0 1073779962 0 0 0 17 2 0 0 0 0 0 367306716056 367306716216 367548850176 549462227549 549462227596 549462227596 549462228961 0
T 7666.61
P 8431 1402 20010056 appspawn-x
8431 (com.a2hlab.brid) S 1402 0 0 0 -1 4194624 46658 0 0 0 85 81 0 0 0 -20 35 0 765847 4332498944 76221 18446744073709551615 367306638804 367306705120 549462225152 0 0 0 4612 0 1073779962 0 0 0 17 2 0 0 0 0 0 367306716056 367306716216 367548850176 549462227549 549462227596 549462227596 549462228961 0
T 7666.78
P 8431 1402 20010056 appspawn-x
8431 (com.a2hlab.brid) S 1402 0 0 0 -1 4194624 46658 0 0 0 85 81 0 0 0 -20 35 0 765847 4332498944 76221 18446744073709551615 367306638804 367306705120 549462225152 0 0 0 4612 0 1073779962 0 0 0 17 2 0 0 0 0 0 367306716056 367306716216 367548850176 549462227549 549462227596 549462227596 549462228961 0
T 7666.94
P 8431 1402 20010056 appspawn-x
8431 (com.a2hlab.brid) S 1402 0 0 0 -1 4194624 46658 0 0 0 85 81 0 0 0 -20 35 0 765847 4332498944 76221 18446744073709551615 367306638804 367306705120 549462225152 0 0 0 4612 0 1073779962 0 0 0 17 2 0 0 0 0 0 367306716056 367306716216 367548850176 549462227549 549462227596 549462227596 549462228961 0
T 7667.09
P 8431 1402 20010056 appspawn-x
8431 (com.a2hlab.brid) S 1402 0 0 0 -1 4194624 46658 0 0 0 85 81 0 0 0 -20 35 0 765847 4332498944 76221 18446744073709551615 367306638804 367306705120 549462225152 0 0 0 4612 0 1073779962 0 0 0 17 2 0 0 0 0 0 367306716056 367306716216 367548850176 549462227549 549462227596 549462227596 549462228961 0
T 7667.25
P 8431 1402 20010056 appspawn-x
8431 (com.a2hlab.brid) S 1402 0 0 0 -1 4194624 46658 0 0 0 85 81 0 0 0 -20 35 0 765847 4332498944 76221 18446744073709551615 367306638804 367306705120 549462225152 0 0 0 4612 0 1073779962 0 0 0 17 2 0 0 0 0 0 367306716056 367306716216 367548850176 549462227549 549462227596 549462227596 549462228961 0
T 7667.43
P 8431 1402 20010056 appspawn-x
8431 (com.a2hlab.brid) S 1402 0 0 0 -1 4194624 46658 0 0 0 85 81 0 0 0 -20 35 0 765847 4332498944 76221 18446744073709551615 367306638804 367306705120 549462225152 0 0 0 4612 0 1073779962 0 0 0 17 2 0 0 0 0 0 367306716056 367306716216 367548850176 549462227549 549462227596 549462227596 549462228961 0
T 7667.58
P 8431 1402 20010056 appspawn-x
8431 (com.a2hlab.brid) S 1402 0 0 0 -1 4194624 46658 0 0 0 85 81 0 0 0 -20 35 0 765847 4332498944 76221 18446744073709551615 367306638804 367306705120 549462225152 0 0 0 4612 0 1073779962 0 0 0 17 2 0 0 0 0 0 367306716056 367306716216 367548850176 549462227549 549462227596 549462227596 549462228961 0
T 7667.77
P 8431 1402 20010056 appspawn-x
8431 (com.a2hlab.brid) S 1402 0 0 0 -1 4194624 46658 0 0 0 85 81 0 0 0 -20 35 0 765847 4332498944 76221 18446744073709551615 367306638804 367306705120 549462225152 0 0 0 4612 0 1073779962 0 0 0 17 2 0 0 0 0 0 367306716056 367306716216 367548850176 549462227549 549462227596 549462227596 549462228961 0
T 7667.93
P 8431 1402 20010056 appspawn-x
8431 (com.a2hlab.brid) S 1402 0 0 0 -1 4194624 46658 0 0 0 85 81 0 0 0 -20 35 0 765847 4332498944 76221 18446744073709551615 367306638804 367306705120 549462225152 0 0 0 4612 0 1073779962 0 0 0 17 2 0 0 0 0 0 367306716056 367306716216 367548850176 549462227549 549462227596 549462227596 549462228961 0
T 7668.10
P 8431 1402 20010056 appspawn-x
8431 (com.a2hlab.brid) S 1402 0 0 0 -1 4194624 46658 0 0 0 85 81 0 0 0 -20 35 0 765847 4332498944 76221 18446744073709551615 367306638804 367306705120 549462225152 0 0 0 4612 0 1073779962 0 0 0 17 2 0 0 0 0 0 367306716056 367306716216 367548850176 549462227549 549462227596 549462227596 549462228961 0
T 7668.26
P 8431 1402 20010056 appspawn-x
8431 (com.a2hlab.brid) S 1402 0 0 0 -1 4194624 46658 0 0 0 85 81 0 0 0 -20 35 0 765847 4332498944 76221 18446744073709551615 367306638804 367306705120 549462225152 0 0 0 4612 0 1073779962 0 0 0 17 2 0 0 0 0 0 367306716056 367306716216 367548850176 549462227549 549462227596 549462227596 549462228961 0
T 7668.44
P 8431 1402 20010056 appspawn-x
8431 (com.a2hlab.brid) S 1402 0 0 0 -1 4194624 46658 0 0 0 85 81 0 0 0 -20 35 0 765847 4332498944 76221 18446744073709551615 367306638804 367306705120 549462225152 0 0 0 4612 0 1073779962 0 0 0 17 2 0 0 0 0 0 367306716056 367306716216 367548850176 549462227549 549462227596 549462227596 549462228961 0
T 7668.61
P 8431 1402 20010056 appspawn-x
8431 (com.a2hlab.brid) S 1402 0 0 0 -1 4194624 46658 0 0 0 85 81 0 0 0 -20 35 0 765847 4332498944 76221 18446744073709551615 367306638804 367306705120 549462225152 0 0 0 4612 0 1073779962 0 0 0 17 2 0 0 0 0 0 367306716056 367306716216 367548850176 549462227549 549462227596 549462227596 549462228961 0
T 7668.80
P 8431 1402 20010056 appspawn-x
8431 (com.a2hlab.brid) S 1402 0 0 0 -1 4194624 46658 0 0 0 85 81 0 0 0 -20 35 0 765847 4332498944 76221 18446744073709551615 367306638804 367306705120 549462225152 0 0 0 4612 0 1073779962 0 0 0 17 2 0 0 0 0 0 367306716056 367306716216 367548850176 549462227549 549462227596 549462227596 549462228961 0
T 7668.98
P 8431 1402 20010056 appspawn-x
8431 (com.a2hlab.brid) S 1402 0 0 0 -1 4194624 46658 0 0 0 85 81 0 0 0 -20 35 0 765847 4332498944 76221 18446744073709551615 367306638804 367306705120 549462225152 0 0 0 4612 0 1073779962 0 0 0 17 2 0 0 0 0 0 367306716056 367306716216 367548850176 549462227549 549462227596 549462227596 549462228961 0
T 7669.17
P 8431 1402 20010056 appspawn-x
8431 (com.a2hlab.brid) S 1402 0 0 0 -1 4194624 46658 0 0 0 85 81 0 0 0 -20 35 0 765847 4332498944 76221 18446744073709551615 367306638804 367306705120 549462225152 0 0 0 4612 0 1073779962 0 0 0 17 2 0 0 0 0 0 367306716056 367306716216 367548850176 549462227549 549462227596 549462227596 549462228961 0
T 7669.36
P 8431 1402 20010056 appspawn-x
8431 (com.a2hlab.brid) S 1402 0 0 0 -1 4194624 46658 0 0 0 85 81 0 0 0 -20 35 0 765847 4332498944 76221 18446744073709551615 367306638804 367306705120 549462225152 0 0 0 4612 0 1073779962 0 0 0 17 2 0 0 0 0 0 367306716056 367306716216 367548850176 549462227549 549462227596 549462227596 549462228961 0
T 7669.55
P 8431 1402 20010056 appspawn-x
8431 (com.a2hlab.brid) S 1402 0 0 0 -1 4194624 46658 0 0 0 85 81 0 0 0 -20 35 0 765847 4332498944 76221 18446744073709551615 367306638804 367306705120 549462225152 0 0 0 4612 0 1073779962 0 0 0 17 2 0 0 0 0 0 367306716056 367306716216 367548850176 549462227549 549462227596 549462227596 549462228961 0
T 7669.74
P 8431 1402 20010056 appspawn-x
8431 (com.a2hlab.brid) S 1402 0 0 0 -1 4194624 46658 0 0 0 85 81 0 0 0 -20 35 0 765847 4332498944 76221 18446744073709551615 367306638804 367306705120 549462225152 0 0 0 4612 0 1073779962 0 0 0 17 2 0 0 0 0 0 367306716056 367306716216 367548850176 549462227549 549462227596 549462227596 549462228961 0
T 7669.93
P 8431 1402 20010056 appspawn-x
8431 (com.a2hlab.brid) S 1402 0 0 0 -1 4194624 46658 0 0 0 85 81 0 0 0 -20 35 0 765847 4332498944 76221 18446744073709551615 367306638804 367306705120 549462225152 0 0 0 4612 0 1073779962 0 0 0 17 2 0 0 0 0 0 367306716056 367306716216 367548850176 549462227549 549462227596 549462227596 549462228961 0
T 7670.12
P 8431 1402 20010056 appspawn-x
8431 (com.a2hlab.brid) S 1402 0 0 0 -1 4194624 46658 0 0 0 85 81 0 0 0 -20 35 0 765847 4332498944 76172 18446744073709551615 367306638804 367306705120 549462225152 0 0 0 4612 0 1073779962 0 0 0 17 2 0 0 0 0 0 367306716056 367306716216 367548850176 549462227549 549462227596 549462227596 549462228961 0
T 7670.30
P 8431 1402 20010056 appspawn-x
8431 (com.a2hlab.brid) S 1402 0 0 0 -1 4194624 46658 0 0 0 85 81 0 0 0 -20 35 0 765847 4332498944 76172 18446744073709551615 367306638804 367306705120 549462225152 0 0 0 4612 0 1073779962 0 0 0 17 2 0 0 0 0 0 367306716056 367306716216 367548850176 549462227549 549462227596 549462227596 549462228961 0
T 7670.48
P 8431 1402 20010056 appspawn-x
8431 (com.a2hlab.brid) S 1402 0 0 0 -1 4194624 46658 0 0 0 85 81 0 0 0 -20 35 0 765847 4332498944 76172 18446744073709551615 367306638804 367306705120 549462225152 0 0 0 4612 0 1073779962 0 0 0 17 2 0 0 0 0 0 367306716056 367306716216 367548850176 549462227549 549462227596 549462227596 549462228961 0
T 7670.66
P 8431 1402 20010056 appspawn-x
8431 (com.a2hlab.brid) S 1402 0 0 0 -1 4194624 46658 0 0 0 85 81 0 0 0 -20 35 0 765847 4332498944 76172 18446744073709551615 367306638804 367306705120 549462225152 0 0 0 4612 0 1073779962 0 0 0 17 2 0 0 0 0 0 367306716056 367306716216 367548850176 549462227549 549462227596 549462227596 549462228961 0
T 7670.84
P 8431 1402 20010056 appspawn-x
8431 (com.a2hlab.brid) S 1402 0 0 0 -1 4194624 46658 0 0 0 85 81 0 0 0 -20 35 0 765847 4332498944 76172 18446744073709551615 367306638804 367306705120 549462225152 0 0 0 4612 0 1073779962 0 0 0 17 2 0 0 0 0 0 367306716056 367306716216 367548850176 549462227549 549462227596 549462227596 549462228961 0
T 7671.03
P 8431 1402 20010056 appspawn-x
8431 (com.a2hlab.brid) S 1402 0 0 0 -1 4194624 46658 0 0 0 85 81 0 0 0 -20 35 0 765847 4332498944 76172 18446744073709551615 367306638804 367306705120 549462225152 0 0 0 4612 0 1073779962 0 0 0 17 2 0 0 0 0 0 367306716056 367306716216 367548850176 549462227549 549462227596 549462227596 549462228961 0
T 7671.22
P 8431 1402 20010056 appspawn-x
8431 (com.a2hlab.brid) S 1402 0 0 0 -1 4194624 46658 0 0 0 85 81 0 0 0 -20 35 0 765847 4332498944 76172 18446744073709551615 367306638804 367306705120 549462225152 0 0 0 4612 0 1073779962 0 0 0 17 2 0 0 0 0 0 367306716056 367306716216 367548850176 549462227549 549462227596 549462227596 549462228961 0
T 7671.40
P 8431 1402 20010056 appspawn-x
8431 (com.a2hlab.brid) S 1402 0 0 0 -1 4194624 46658 0 0 0 85 81 0 0 0 -20 35 0 765847 4332498944 76172 18446744073709551615 367306638804 367306705120 549462225152 0 0 0 4612 0 1073779962 0 0 0 17 2 0 0 0 0 0 367306716056 367306716216 367548850176 549462227549 549462227596 549462227596 549462228961 0
T 7671.58
P 8431 1402 20010056 appspawn-x
8431 (com.a2hlab.brid) S 1402 0 0 0 -1 4194624 46658 0 0 0 85 81 0 0 0 -20 35 0 765847 4332498944 76172 18446744073709551615 367306638804 367306705120 549462225152 0 0 0 4612 0 1073779962 0 0 0 17 2 0 0 0 0 0 367306716056 367306716216 367548850176 549462227549 549462227596 549462227596 549462228961 0
T 7671.78
P 8431 1402 20010056 appspawn-x
8431 (com.a2hlab.brid) S 1402 0 0 0 -1 4194624 46658 0 0 0 85 81 0 0 0 -20 35 0 765847 4332498944 76172 18446744073709551615 367306638804 367306705120 549462225152 0 0 0 4612 0 1073779962 0 0 0 17 2 0 0 0 0 0 367306716056 367306716216 367548850176 549462227549 549462227596 549462227596 549462228961 0
T 7671.96
P 8431 1402 20010056 appspawn-x
8431 (com.a2hlab.brid) S 1402 0 0 0 -1 4194624 46658 0 0 0 85 81 0 0 0 -20 35 0 765847 4332498944 76172 18446744073709551615 367306638804 367306705120 549462225152 0 0 0 4612 0 1073779962 0 0 0 17 2 0 0 0 0 0 367306716056 367306716216 367548850176 549462227549 549462227596 549462227596 549462228961 0
T 7672.16
P 8431 1402 20010056 appspawn-x
8431 (com.a2hlab.brid) S 1402 0 0 0 -1 4194624 46658 0 0 0 85 81 0 0 0 -20 35 0 765847 4332498944 76172 18446744073709551615 367306638804 367306705120 549462225152 0 0 0 4612 0 1073779962 0 0 0 17 2 0 0 0 0 0 367306716056 367306716216 367548850176 549462227549 549462227596 549462227596 549462228961 0
T 7672.34
P 8431 1402 20010056 appspawn-x
8431 (com.a2hlab.brid) S 1402 0 0 0 -1 4194624 46658 0 0 0 85 81 0 0 0 -20 35 0 765847 4332498944 76172 18446744073709551615 367306638804 367306705120 549462225152 0 0 0 4612 0 1073779962 0 0 0 17 2 0 0 0 0 0 367306716056 367306716216 367548850176 549462227549 549462227596 549462227596 549462228961 0
T 7672.54
P 8431 1402 20010056 appspawn-x
8431 (com.a2hlab.brid) S 1402 0 0 0 -1 4194624 46658 0 0 0 85 81 0 0 0 -20 35 0 765847 4332498944 76172 18446744073709551615 367306638804 367306705120 549462225152 0 0 0 4612 0 1073779962 0 0 0 17 2 0 0 0 0 0 367306716056 367306716216 367548850176 549462227549 549462227596 549462227596 549462228961 0
T 7672.71
P 8431 1402 20010056 appspawn-x
8431 (com.a2hlab.brid) S 1402 0 0 0 -1 4194624 46658 0 0 0 85 81 0 0 0 -20 35 0 765847 4332498944 76172 18446744073709551615 367306638804 367306705120 549462225152 0 0 0 4612 0 1073779962 0 0 0 17 2 0 0 0 0 0 367306716056 367306716216 367548850176 549462227549 549462227596 549462227596 549462228961 0
T 7672.90
P 8431 1402 20010056 appspawn-x
8431 (com.a2hlab.brid) S 1402 0 0 0 -1 4194624 46658 0 0 0 85 81 0 0 0 -20 35 0 765847 4332498944 76172 18446744073709551615 367306638804 367306705120 549462225152 0 0 0 4612 0 1073779962 0 0 0 17 2 0 0 0 0 0 367306716056 367306716216 367548850176 549462227549 549462227596 549462227596 549462228961 0
T 7673.09
P 8431 1402 20010056 appspawn-x
8431 (com.a2hlab.brid) S 1402 0 0 0 -1 4194624 46658 0 0 0 85 81 0 0 0 -20 35 0 765847 4332498944 76172 18446744073709551615 367306638804 367306705120 549462225152 0 0 0 4612 0 1073779962 0 0 0 17 2 0 0 0 0 0 367306716056 367306716216 367548850176 549462227549 549462227596 549462227596 549462228961 0
T 7673.28
P 8431 1402 20010056 appspawn-x
8431 (com.a2hlab.brid) S 1402 0 0 0 -1 4194624 46658 0 0 0 85 81 0 0 0 -20 35 0 765847 4332498944 76172 18446744073709551615 367306638804 367306705120 549462225152 0 0 0 4612 0 1073779962 0 0 0 17 2 0 0 0 0 0 367306716056 367306716216 367548850176 549462227549 549462227596 549462227596 549462228961 0
T 7673.46
P 8431 1402 20010056 appspawn-x
8431 (com.a2hlab.brid) S 1402 0 0 0 -1 4194624 46658 0 0 0 85 81 0 0 0 -20 35 0 765847 4332498944 76172 18446744073709551615 367306638804 367306705120 549462225152 0 0 0 4612 0 1073779962 0 0 0 17 2 0 0 0 0 0 367306716056 367306716216 367548850176 549462227549 549462227596 549462227596 549462228961 0
T 7673.62
P 8431 1402 20010056 appspawn-x
8431 (com.a2hlab.brid) S 1402 0 0 0 -1 4194624 46658 0 0 0 85 81 0 0 0 -20 35 0 765847 4332498944 76172 18446744073709551615 367306638804 367306705120 549462225152 0 0 0 4612 0 1073779962 0 0 0 17 2 0 0 0 0 0 367306716056 367306716216 367548850176 549462227549 549462227596 549462227596 549462228961 0
T 7673.81
P 8431 1402 20010056 appspawn-x
8431 (com.a2hlab.brid) S 1402 0 0 0 -1 4194624 46658 0 0 0 85 81 0 0 0 -20 35 0 765847 4332498944 76172 18446744073709551615 367306638804 367306705120 549462225152 0 0 0 4612 0 1073779962 0 0 0 17 2 0 0 0 0 0 367306716056 367306716216 367548850176 549462227549 549462227596 549462227596 549462228961 0
T 7673.98
P 8431 1402 20010056 appspawn-x
8431 (com.a2hlab.brid) S 1402 0 0 0 -1 4194624 46658 0 0 0 85 81 0 0 0 -20 35 0 765847 4332498944 76172 18446744073709551615 367306638804 367306705120 549462225152 0 0 0 4612 0 1073779962 0 0 0 17 2 0 0 0 0 0 367306716056 367306716216 367548850176 549462227549 549462227596 549462227596 549462228961 0
T 7674.18
P 8431 1402 20010056 appspawn-x
8431 (com.a2hlab.brid) S 1402 0 0 0 -1 4194624 46658 0 0 0 85 81 0 0 0 -20 35 0 765847 4332498944 76172 18446744073709551615 367306638804 367306705120 549462225152 0 0 0 4612 0 1073779962 0 0 0 17 2 0 0 0 0 0 367306716056 367306716216 367548850176 549462227549 549462227596 549462227596 549462228961 0
