T 489.85
T 490.02
T 490.18
T 490.36
T 490.53
P 11055 9847 20010055 appspawn-x
11055 (mple.helloworld) R 9847 0 0 0 -1 4194624 3381 0 0 0 13 7 0 0 0 -20 1 0 49041 2454024192 6618 18446744073709551615 366504318740 366504385408 548786572672 0 0 0 0 4096 1073775866 0 0 0 17 7 0 0 0 0 0 366504396344 366504396504 366837297152 548786575965 548786576012 548786576012 548786577377 0
T 490.73
P 11055 9847 20010055 appspawn-x
11055 (main) D 9847 0 0 0 -1 4194624 13319 0 0 0 21 16 0 0 0 -20 10 0 49041 3362091008 19224 18446744073709551615 366504318740 366504385408 548786572672 0 0 0 4612 0 1073779962 0 0 0 17 5 0 0 0 0 0 366504396344 366504396504 366837297152 548786575965 548786576012 548786576012 548786577377 0
T 490.92
P 11055 9847 20010055 appspawn-x
11055 (main) R 9847 0 0 0 -1 4194624 16102 0 0 0 28 24 0 0 0 -20 10 0 49041 3518763008 25505 18446744073709551615 366504318740 366504385408 548786572672 0 0 0 4612 0 1073779962 0 0 0 17 7 0 0 0 0 0 366504396344 366504396504 366837297152 548786575965 548786576012 548786576012 548786577377 0
T 491.12
P 11055 9847 20010055 appspawn-x
11055 (main) R 9847 0 0 0 -1 4194624 20001 0 0 0 42 30 0 0 0 -20 10 0 49041 3576209408 42906 18446744073709551615 366504318740 366504385408 548786572672 0 0 0 4612 0 1073779962 0 0 0 17 7 0 0 0 0 0 366504396344 366504396504 366837297152 548786575965 548786576012 548786576012 548786577377 0
T 491.31
P 11055 9847 20010055 appspawn-x
11055 (com.example.hel) R 9847 0 0 0 -1 4194624 22586 0 0 0 52 36 0 0 0 -20 12 0 49041 3707465728 52880 18446744073709551615 366504318740 366504385408 548786572672 0 0 0 4612 0 1073779962 0 0 0 17 7 0 0 0 0 0 366504396344 366504396504 366837297152 548786575965 548786576012 548786576012 548786577377 0
T 491.50
P 11055 9847 20010055 appspawn-x
11055 (com.example.hel) R 9847 0 0 0 -1 4194624 32238 0 0 0 62 44 0 0 0 -20 12 0 49041 3725778944 62001 18446744073709551615 366504318740 366504385408 548786572672 0 0 0 4612 0 1073779962 0 0 0 17 7 0 0 0 0 0 366504396344 366504396504 366837297152 548786575965 548786576012 548786576012 548786577377 0
T 491.68
P 11055 9847 20010055 appspawn-x
11055 (com.example.hel) R 9847 0 0 0 -1 4194624 38237 0 0 0 74 49 0 0 0 -20 12 0 49041 3744006144 66453 18446744073709551615 366504318740 366504385408 548786572672 0 0 0 4612 0 1073779962 0 0 0 17 7 0 0 0 0 0 366504396344 366504396504 366837297152 548786575965 548786576012 548786576012 548786577377 0
T 491.86
P 11055 9847 20010055 appspawn-x
11055 (<pre-initialize) R 9847 0 0 0 -1 4194624 39676 0 0 0 86 53 0 0 0 -20 13 0 49041 3723284480 59574 18446744073709551615 366504318740 366504385408 548786572672 0 0 0 4612 0 1073779962 0 0 0 17 4 0 0 0 0 0 366504396344 366504396504 366837297152 548786575965 548786576012 548786576012 548786577377 0
T 492.01
P 11055 9847 20010055 appspawn-x
11055 (com.example.hel) S 9847 0 0 0 -1 1077936448 41050 0 0 0 92 57 0 0 0 -20 15 0 49041 3794128896 64584 18446744073709551615 366504318740 366504385408 548786572672 0 0 0 4612 0 1073779962 0 0 0 17 6 0 0 0 0 0 366504396344 366504396504 366837297152 548786575965 548786576012 548786576012 548786577377 0
T 492.16
P 11055 9847 20010055 appspawn-x
11055 (com.example.hel) S 9847 0 0 0 -1 1077936448 43781 0 0 0 98 63 0 0 0 -20 30 0 49041 3934908416 70090 18446744073709551615 366504318740 366504385408 548786572672 0 0 0 4612 0 1073779962 0 0 0 17 5 0 0 0 0 0 366504396344 366504396504 366837297152 548786575965 548786576012 548786576012 548786577377 0
T 492.33
P 11055 9847 20010055 appspawn-x
11055 (com.example.hel) R 9847 0 0 0 -1 4194624 46116 0 0 0 107 69 0 0 0 -20 34 0 49041 4042158080 74175 18446744073709551615 366504318740 366504385408 548786572672 0 0 0 4612 0 1073779962 0 0 0 17 3 0 0 0 0 0 366504396344 366504396504 366837297152 548786575965 548786576012 548786576012 548786577377 0
T 492.51
P 11055 9847 20010055 appspawn-x
11055 (com.example.hel) S 9847 0 0 0 -1 4194624 46130 0 0 0 116 79 0 0 0 -20 34 0 49041 4042158080 74177 18446744073709551615 366504318740 366504385408 548786572672 0 0 0 4612 0 1073779962 0 0 0 17 1 0 0 0 0 0 366504396344 366504396504 366837297152 548786575965 548786576012 548786576012 548786577377 0
T 492.70
P 11055 9847 20010055 appspawn-x
11055 (com.example.hel) S 9847 0 0 0 -1 4194624 46130 0 0 0 126 89 0 0 0 -20 34 0 49041 4042158080 74177 18446744073709551615 366504318740 366504385408 548786572672 0 0 0 4612 0 1073779962 0 0 0 17 1 0 0 0 0 0 366504396344 366504396504 366837297152 548786575965 548786576012 548786576012 548786577377 0
T 492.89
P 11055 9847 20010055 appspawn-x
11055 (com.example.hel) S 9847 0 0 0 -1 4194624 46130 0 0 0 136 96 0 0 0 -20 34 0 49041 4041420800 74057 18446744073709551615 366504318740 366504385408 548786572672 0 0 0 4612 0 1073779962 0 0 0 17 1 0 0 0 0 0 366504396344 366504396504 366837297152 548786575965 548786576012 548786576012 548786577377 0
T 493.08
P 11055 9847 20010055 appspawn-x
11055 (com.example.hel) S 9847 0 0 0 -1 4194624 46130 0 0 0 145 106 0 0 0 -20 34 0 49041 4040916992 74003 18446744073709551615 366504318740 366504385408 548786572672 0 0 0 4612 0 1073779962 0 0 0 17 1 0 0 0 0 0 366504396344 366504396504 366837297152 548786575965 548786576012 548786576012 548786577377 0
T 493.26
P 11055 9847 20010055 appspawn-x
11055 (com.example.hel) S 9847 0 0 0 -1 4194624 46130 0 0 0 157 113 0 0 0 -20 34 0 49041 4040904704 74003 18446744073709551615 366504318740 366504385408 548786572672 0 0 0 4612 0 1073779962 0 0 0 17 1 0 0 0 0 0 366504396344 366504396504 366837297152 548786575965 548786576012 548786576012 548786577377 0
T 493.46
P 11055 9847 20010055 appspawn-x
11055 (com.example.hel) S 9847 0 0 0 -1 4194624 46134 0 0 0 165 124 0 0 0 -20 34 0 49041 4040904704 74003 18446744073709551615 366504318740 366504385408 548786572672 0 0 0 4612 0 1073779962 0 0 0 17 1 0 0 0 0 0 366504396344 366504396504 366837297152 548786575965 548786576012 548786576012 548786577377 0
T 493.66
P 11055 9847 20010055 appspawn-x
11055 (com.example.hel) S 9847 0 0 0 -1 4194624 46134 0 0 0 174 134 0 0 0 -20 34 0 49041 4040904704 74003 18446744073709551615 366504318740 366504385408 548786572672 0 0 0 4612 0 1073779962 0 0 0 17 1 0 0 0 0 0 366504396344 366504396504 366837297152 548786575965 548786576012 548786576012 548786577377 0
T 493.86
P 11055 9847 20010055 appspawn-x
11055 (com.example.hel) S 9847 0 0 0 -1 4194624 46135 0 0 0 182 145 0 0 0 -20 34 0 49041 4040904704 74003 18446744073709551615 366504318740 366504385408 548786572672 0 0 0 4612 0 1073779962 0 0 0 17 1 0 0 0 0 0 366504396344 366504396504 366837297152 548786575965 548786576012 548786576012 548786577377 0
T 494.06
P 11055 9847 20010055 appspawn-x
11055 (com.example.hel) S 9847 0 0 0 -1 4194624 46135 0 0 0 190 156 0 0 0 -20 34 0 49041 4040904704 74003 18446744073709551615 366504318740 366504385408 548786572672 0 0 0 4612 0 1073779962 0 0 0 17 1 0 0 0 0 0 366504396344 366504396504 366837297152 548786575965 548786576012 548786576012 548786577377 0
T 494.25
P 11055 9847 20010055 appspawn-x
11055 (com.example.hel) S 9847 0 0 0 -1 4194624 46135 0 0 0 200 165 0 0 0 -20 34 0 49041 4040904704 74003 18446744073709551615 366504318740 366504385408 548786572672 0 0 0 4612 0 1073779962 0 0 0 17 1 0 0 0 0 0 366504396344 366504396504 366837297152 548786575965 548786576012 548786576012 548786577377 0
T 494.44
P 11055 9847 20010055 appspawn-x
11055 (com.example.hel) S 9847 0 0 0 -1 4194624 46135 0 0 0 210 174 0 0 0 -20 34 0 49041 4040904704 74003 18446744073709551615 366504318740 366504385408 548786572672 0 0 0 4612 0 1073779962 0 0 0 17 1 0 0 0 0 0 366504396344 366504396504 366837297152 548786575965 548786576012 548786576012 548786577377 0
T 494.63
P 11055 9847 20010055 appspawn-x
11055 (com.example.hel) S 9847 0 0 0 -1 4194624 46135 0 0 0 221 182 0 0 0 -20 34 0 49041 4040904704 74003 18446744073709551615 366504318740 366504385408 548786572672 0 0 0 4612 0 1073779962 0 0 0 17 1 0 0 0 0 0 366504396344 366504396504 366837297152 548786575965 548786576012 548786576012 548786577377 0
T 494.83
P 11055 9847 20010055 appspawn-x
11055 (com.example.hel) S 9847 0 0 0 -1 4194624 46135 0 0 0 230 192 0 0 0 -20 34 0 49041 4040904704 74003 18446744073709551615 366504318740 366504385408 548786572672 0 0 0 4612 0 1073779962 0 0 0 17 1 0 0 0 0 0 366504396344 366504396504 366837297152 548786575965 548786576012 548786576012 548786577377 0
T 495.02
P 11055 9847 20010055 appspawn-x
11055 (com.example.hel) S 9847 0 0 0 -1 4194624 46139 0 0 0 240 200 0 0 0 -20 34 0 49041 4040904704 74003 18446744073709551615 366504318740 366504385408 548786572672 0 0 0 4612 0 1073779962 0 0 0 17 1 0 0 0 0 0 366504396344 366504396504 366837297152 548786575965 548786576012 548786576012 548786577377 0
T 495.20
P 11055 9847 20010055 appspawn-x
11055 (com.example.hel) S 9847 0 0 0 -1 4194624 46139 0 0 0 250 210 0 0 0 -20 34 0 49041 4040904704 74003 18446744073709551615 366504318740 366504385408 548786572672 0 0 0 4612 0 1073779962 0 0 0 17 1 0 0 0 0 0 366504396344 366504396504 366837297152 548786575965 548786576012 548786576012 548786577377 0
T 495.40
P 11055 9847 20010055 appspawn-x
11055 (com.example.hel) S 9847 0 0 0 -1 4194624 46139 0 0 0 262 218 0 0 0 -20 34 0 49041 4040904704 74003 18446744073709551615 366504318740 366504385408 548786572672 0 0 0 4612 0 1073779962 0 0 0 17 1 0 0 0 0 0 366504396344 366504396504 366837297152 548786575965 548786576012 548786576012 548786577377 0
T 495.59
P 11055 9847 20010055 appspawn-x
11055 (com.example.hel) S 9847 0 0 0 -1 4194624 46139 0 0 0 272 226 0 0 0 -20 34 0 49041 4040904704 74003 18446744073709551615 366504318740 366504385408 548786572672 0 0 0 4612 0 1073779962 0 0 0 17 1 0 0 0 0 0 366504396344 366504396504 366837297152 548786575965 548786576012 548786576012 548786577377 0
T 495.78
P 11055 9847 20010055 appspawn-x
11055 (com.example.hel) S 9847 0 0 0 -1 4194624 46139 0 0 0 283 235 0 0 0 -20 34 0 49041 4040904704 74003 18446744073709551615 366504318740 366504385408 548786572672 0 0 0 4612 0 1073779962 0 0 0 17 1 0 0 0 0 0 366504396344 366504396504 366837297152 548786575965 548786576012 548786576012 548786577377 0
T 495.98
P 11055 9847 20010055 appspawn-x
11055 (com.example.hel) S 9847 0 0 0 -1 4194624 46139 0 0 0 296 240 0 0 0 -20 34 0 49041 4040904704 74003 18446744073709551615 366504318740 366504385408 548786572672 0 0 0 4612 0 1073779962 0 0 0 17 1 0 0 0 0 0 366504396344 366504396504 366837297152 548786575965 548786576012 548786576012 548786577377 0
T 496.16
P 11055 9847 20010055 appspawn-x
11055 (com.example.hel) S 9847 0 0 0 -1 4194624 46139 0 0 0 307 249 0 0 0 -20 34 0 49041 4040904704 74003 18446744073709551615 366504318740 366504385408 548786572672 0 0 0 4612 0 1073779962 0 0 0 17 1 0 0 0 0 0 366504396344 366504396504 366837297152 548786575965 548786576012 548786576012 548786577377 0
T 496.35
P 11055 9847 20010055 appspawn-x
11055 (com.example.hel) S 9847 0 0 0 -1 4194624 46139 0 0 0 316 255 0 0 0 -20 34 0 49041 4040904704 74003 18446744073709551615 366504318740 366504385408 548786572672 0 0 0 4612 0 1073779962 0 0 0 17 1 0 0 0 0 0 366504396344 366504396504 366837297152 548786575965 548786576012 548786576012 548786577377 0
T 496.56
P 11055 9847 20010055 appspawn-x
11055 (com.example.hel) S 9847 0 0 0 -1 4194624 46139 0 0 0 326 263 0 0 0 -20 34 0 49041 4040904704 74003 18446744073709551615 366504318740 366504385408 548786572672 0 0 0 4612 0 1073779962 0 0 0 17 1 0 0 0 0 0 366504396344 366504396504 366837297152 548786575965 548786576012 548786576012 548786577377 0
T 496.74
P 11055 9847 20010055 appspawn-x
11055 (com.example.hel) S 9847 0 0 0 -1 4194624 46139 0 0 0 336 272 0 0 0 -20 34 0 49041 4040904704 74003 18446744073709551615 366504318740 366504385408 548786572672 0 0 0 4612 0 1073779962 0 0 0 17 1 0 0 0 0 0 366504396344 366504396504 366837297152 548786575965 548786576012 548786576012 548786577377 0
T 496.92
P 11055 9847 20010055 appspawn-x
11055 (com.example.hel) S 9847 0 0 0 -1 4194624 46160 0 0 0 344 285 0 0 0 -20 34 0 49041 4040904704 74194 18446744073709551615 366504318740 366504385408 548786572672 0 0 0 4612 0 1073779962 0 0 0 17 1 0 0 0 0 0 366504396344 366504396504 366837297152 548786575965 548786576012 548786576012 548786577377 0
T 497.12
P 11055 9847 20010055 appspawn-x
11055 (com.example.hel) S 9847 0 0 0 -1 4194624 46160 0 0 0 354 295 0 0 0 -20 34 0 49041 4040904704 74194 18446744073709551615 366504318740 366504385408 548786572672 0 0 0 4612 0 1073779962 0 0 0 17 1 0 0 0 0 0 366504396344 366504396504 366837297152 548786575965 548786576012 548786576012 548786577377 0
T 497.32
P 11055 9847 20010055 appspawn-x
11055 (com.example.hel) S 9847 0 0 0 -1 4194624 46160 0 0 0 364 304 0 0 0 -20 34 0 49041 4040904704 74194 18446744073709551615 366504318740 366504385408 548786572672 0 0 0 4612 0 1073779962 0 0 0 17 1 0 0 0 0 0 366504396344 366504396504 366837297152 548786575965 548786576012 548786576012 548786577377 0
T 497.52
P 11055 9847 20010055 appspawn-x
11055 (com.example.hel) S 9847 0 0 0 -1 4194624 46160 0 0 0 374 314 0 0 0 -20 34 0 49041 4040904704 74194 18446744073709551615 366504318740 366504385408 548786572672 0 0 0 4612 0 1073779962 0 0 0 17 1 0 0 0 0 0 366504396344 366504396504 366837297152 548786575965 548786576012 548786576012 548786577377 0
T 497.72
P 11055 9847 20010055 appspawn-x
11055 (com.example.hel) S 9847 0 0 0 -1 4194624 46160 0 0 0 388 320 0 0 0 -20 34 0 49041 4040904704 74194 18446744073709551615 366504318740 366504385408 548786572672 0 0 0 4612 0 1073779962 0 0 0 17 1 0 0 0 0 0 366504396344 366504396504 366837297152 548786575965 548786576012 548786576012 548786577377 0
T 497.92
P 11055 9847 20010055 appspawn-x
11055 (com.example.hel) S 9847 0 0 0 -1 4194624 46160 0 0 0 400 328 0 0 0 -20 34 0 49041 4040904704 74194 18446744073709551615 366504318740 366504385408 548786572672 0 0 0 4612 0 1073779962 0 0 0 17 1 0 0 0 0 0 366504396344 366504396504 366837297152 548786575965 548786576012 548786576012 548786577377 0
T 498.11
P 11055 9847 20010055 appspawn-x
11055 (com.example.hel) S 9847 0 0 0 -1 4194624 46160 0 0 0 410 335 0 0 0 -20 34 0 49041 4040904704 74194 18446744073709551615 366504318740 366504385408 548786572672 0 0 0 4612 0 1073779962 0 0 0 17 1 0 0 0 0 0 366504396344 366504396504 366837297152 548786575965 548786576012 548786576012 548786577377 0
T 498.30
P 11055 9847 20010055 appspawn-x
11055 (com.example.hel) S 9847 0 0 0 -1 4194624 46160 0 0 0 419 344 0 0 0 -20 34 0 49041 4040904704 74194 18446744073709551615 366504318740 366504385408 548786572672 0 0 0 4612 0 1073779962 0 0 0 17 1 0 0 0 0 0 366504396344 366504396504 366837297152 548786575965 548786576012 548786576012 548786577377 0
T 498.48
P 11055 9847 20010055 appspawn-x
11055 (com.example.hel) S 9847 0 0 0 -1 4194624 46160 0 0 0 430 352 0 0 0 -20 34 0 49041 4040904704 74194 18446744073709551615 366504318740 366504385408 548786572672 0 0 0 4612 0 1073779962 0 0 0 17 1 0 0 0 0 0 366504396344 366504396504 366837297152 548786575965 548786576012 548786576012 548786577377 0
T 498.65
P 11055 9847 20010055 appspawn-x
11055 (com.example.hel) S 9847 0 0 0 -1 4194624 46160 0 0 0 437 362 0 0 0 -20 34 0 49041 4040904704 74194 18446744073709551615 366504318740 366504385408 548786572672 0 0 0 4612 0 1073779962 0 0 0 17 1 0 0 0 0 0 366504396344 366504396504 366837297152 548786575965 548786576012 548786576012 548786577377 0
T 498.84
P 11055 9847 20010055 appspawn-x
11055 (com.example.hel) S 9847 0 0 0 -1 4194624 46160 0 0 0 445 372 0 0 0 -20 34 0 49041 4040904704 74194 18446744073709551615 366504318740 366504385408 548786572672 0 0 0 4612 0 1073779962 0 0 0 17 1 0 0 0 0 0 366504396344 366504396504 366837297152 548786575965 548786576012 548786576012 548786577377 0
T 499.02
P 11055 9847 20010055 appspawn-x
11055 (com.example.hel) S 9847 0 0 0 -1 4194624 46160 0 0 0 455 382 0 0 0 -20 34 0 49041 4040904704 74194 18446744073709551615 366504318740 366504385408 548786572672 0 0 0 4612 0 1073779962 0 0 0 17 1 0 0 0 0 0 366504396344 366504396504 366837297152 548786575965 548786576012 548786576012 548786577377 0
T 499.22
P 11055 9847 20010055 appspawn-x
11055 (com.example.hel) S 9847 0 0 0 -1 4194624 46160 0 0 0 465 389 0 0 0 -20 34 0 49041 4040904704 74194 18446744073709551615 366504318740 366504385408 548786572672 0 0 0 4612 0 1073779962 0 0 0 17 1 0 0 0 0 0 366504396344 366504396504 366837297152 548786575965 548786576012 548786576012 548786577377 0
T 499.38
P 11055 9847 20010055 appspawn-x
11055 (com.example.hel) S 9847 0 0 0 -1 4194624 46160 0 0 0 474 397 0 0 0 -20 34 0 49041 4040904704 74194 18446744073709551615 366504318740 366504385408 548786572672 0 0 0 4612 0 1073779962 0 0 0 17 1 0 0 0 0 0 366504396344 366504396504 366837297152 548786575965 548786576012 548786576012 548786577377 0
T 499.56
P 11055 9847 20010055 appspawn-x
11055 (com.example.hel) S 9847 0 0 0 -1 4194624 46160 0 0 0 487 404 0 0 0 -20 34 0 49041 4040904704 74194 18446744073709551615 366504318740 366504385408 548786572672 0 0 0 4612 0 1073779962 0 0 0 17 1 0 0 0 0 0 366504396344 366504396504 366837297152 548786575965 548786576012 548786576012 548786577377 0
T 499.76
P 11055 9847 20010055 appspawn-x
11055 (com.example.hel) S 9847 0 0 0 -1 4194624 46160 0 0 0 495 414 0 0 0 -20 34 0 49041 4040904704 74194 18446744073709551615 366504318740 366504385408 548786572672 0 0 0 4612 0 1073779962 0 0 0 17 1 0 0 0 0 0 366504396344 366504396504 366837297152 548786575965 548786576012 548786576012 548786577377 0
T 499.94
P 11055 9847 20010055 appspawn-x
11055 (com.example.hel) S 9847 0 0 0 -1 4194624 46174 0 0 0 506 423 0 0 0 -20 34 0 49041 4040904704 74194 18446744073709551615 366504318740 366504385408 548786572672 0 0 0 4612 0 1073779962 0 0 0 17 1 0 0 0 0 0 366504396344 366504396504 366837297152 548786575965 548786576012 548786576012 548786577377 0
T 500.14
P 11055 9847 20010055 appspawn-x
11055 (com.example.hel) S 9847 0 0 0 -1 4194624 46174 0 0 0 513 433 0 0 0 -20 34 0 49041 4040904704 74194 18446744073709551615 366504318740 366504385408 548786572672 0 0 0 4612 0 1073779962 0 0 0 17 1 0 0 0 0 0 366504396344 366504396504 366837297152 548786575965 548786576012 548786576012 548786577377 0
T 500.32
P 11055 9847 20010055 appspawn-x
11055 (com.example.hel) S 9847 0 0 0 -1 4194624 46174 0 0 0 523 442 0 0 0 -20 34 0 49041 4040904704 74194 18446744073709551615 366504318740 366504385408 548786572672 0 0 0 4612 0 1073779962 0 0 0 17 1 0 0 0 0 0 366504396344 366504396504 366837297152 548786575965 548786576012 548786576012 548786577377 0
T 500.50
P 11055 9847 20010055 appspawn-x
11055 (com.example.hel) S 9847 0 0 0 -1 4194624 46174 0 0 0 530 452 0 0 0 -20 34 0 49041 4040904704 74194 18446744073709551615 366504318740 366504385408 548786572672 0 0 0 4612 0 1073779962 0 0 0 17 1 0 0 0 0 0 366504396344 366504396504 366837297152 548786575965 548786576012 548786576012 548786577377 0
T 500.68
P 11055 9847 20010055 appspawn-x
11055 (com.example.hel) S 9847 0 0 0 -1 4194624 46174 0 0 0 540 463 0 0 0 -20 34 0 49041 4040904704 74194 18446744073709551615 366504318740 366504385408 548786572672 0 0 0 4612 0 1073779962 0 0 0 17 1 0 0 0 0 0 366504396344 366504396504 366837297152 548786575965 548786576012 548786576012 548786577377 0
T 500.88
P 11055 9847 20010055 appspawn-x
11055 (com.example.hel) S 9847 0 0 0 -1 4194624 46174 0 0 0 550 472 0 0 0 -20 34 0 49041 4040904704 74194 18446744073709551615 366504318740 366504385408 548786572672 0 0 0 4612 0 1073779962 0 0 0 17 1 0 0 0 0 0 366504396344 366504396504 366837297152 548786575965 548786576012 548786576012 548786577377 0
T 501.08
P 11055 9847 20010055 appspawn-x
11055 (com.example.hel) S 9847 0 0 0 -1 4194624 46174 0 0 0 559 483 0 0 0 -20 34 0 49041 4040904704 74194 18446744073709551615 366504318740 366504385408 548786572672 0 0 0 4612 0 1073779962 0 0 0 17 1 0 0 0 0 0 366504396344 366504396504 366837297152 548786575965 548786576012 548786576012 548786577377 0
T 501.28
P 11055 9847 20010055 appspawn-x
11055 (com.example.hel) S 9847 0 0 0 -1 4194624 46174 0 0 0 570 492 0 0 0 -20 34 0 49041 4040904704 74194 18446744073709551615 366504318740 366504385408 548786572672 0 0 0 4612 0 1073779962 0 0 0 17 1 0 0 0 0 0 366504396344 366504396504 366837297152 548786575965 548786576012 548786576012 548786577377 0
T 501.48
P 11055 9847 20010055 appspawn-x
11055 (com.example.hel) S 9847 0 0 0 -1 4194624 46174 0 0 0 581 501 0 0 0 -20 34 0 49041 4040904704 74194 18446744073709551615 366504318740 366504385408 548786572672 0 0 0 4612 0 1073779962 0 0 0 17 1 0 0 0 0 0 366504396344 366504396504 366837297152 548786575965 548786576012 548786576012 548786577377 0
T 501.68
P 11055 9847 20010055 appspawn-x
11055 (com.example.hel) S 9847 0 0 0 -1 4194624 46174 0 0 0 591 509 0 0 0 -20 34 0 49041 4040904704 74194 18446744073709551615 366504318740 366504385408 548786572672 0 0 0 4612 0 1073779962 0 0 0 17 1 0 0 0 0 0 366504396344 366504396504 366837297152 548786575965 548786576012 548786576012 548786577377 0
T 501.86
P 11055 9847 20010055 appspawn-x
11055 (com.example.hel) S 9847 0 0 0 -1 4194624 46174 0 0 0 603 516 0 0 0 -20 34 0 49041 4040904704 74194 18446744073709551615 366504318740 366504385408 548786572672 0 0 0 4612 0 1073779962 0 0 0 17 1 0 0 0 0 0 366504396344 366504396504 366837297152 548786575965 548786576012 548786576012 548786577377 0
T 502.05
P 11055 9847 20010055 appspawn-x
11055 (com.example.hel) S 9847 0 0 0 -1 4194624 46174 0 0 0 614 524 0 0 0 -20 34 0 49041 4040904704 74194 18446744073709551615 366504318740 366504385408 548786572672 0 0 0 4612 0 1073779962 0 0 0 17 1 0 0 0 0 0 366504396344 366504396504 366837297152 548786575965 548786576012 548786576012 548786577377 0
T 502.24
P 11055 9847 20010055 appspawn-x
11055 (com.example.hel) S 9847 0 0 0 -1 4194624 46174 0 0 0 622 536 0 0 0 -20 34 0 49041 4040904704 74194 18446744073709551615 366504318740 366504385408 548786572672 0 0 0 4612 0 1073779962 0 0 0 17 1 0 0 0 0 0 366504396344 366504396504 366837297152 548786575965 548786576012 548786576012 548786577377 0
T 502.44
P 11055 9847 20010055 appspawn-x
11055 (com.example.hel) S 9847 0 0 0 -1 4194624 46174 0 0 0 630 545 0 0 0 -20 34 0 49041 4040904704 74194 18446744073709551615 366504318740 366504385408 548786572672 0 0 0 4612 0 1073779962 0 0 0 17 1 0 0 0 0 0 366504396344 366504396504 366837297152 548786575965 548786576012 548786576012 548786577377 0
T 502.62
P 11055 9847 20010055 appspawn-x
11055 (com.example.hel) S 9847 0 0 0 -1 4194624 46174 0 0 0 639 555 0 0 0 -20 34 0 49041 4040904704 74194 18446744073709551615 366504318740 366504385408 548786572672 0 0 0 4612 0 1073779962 0 0 0 17 1 0 0 0 0 0 366504396344 366504396504 366837297152 548786575965 548786576012 548786576012 548786577377 0
T 502.80
P 11055 9847 20010055 appspawn-x
11055 (com.example.hel) S 9847 0 0 0 -1 4194624 46174 0 0 0 647 566 0 0 0 -20 34 0 49041 4040904704 74194 18446744073709551615 366504318740 366504385408 548786572672 0 0 0 4612 0 1073779962 0 0 0 17 1 0 0 0 0 0 366504396344 366504396504 366837297152 548786575965 548786576012 548786576012 548786577377 0
T 502.99
P 11055 9847 20010055 appspawn-x
11055 (com.example.hel) S 9847 0 0 0 -1 4194624 46174 0 0 0 658 574 0 0 0 -20 34 0 49041 4040904704 74194 18446744073709551615 366504318740 366504385408 548786572672 0 0 0 4612 0 1073779962 0 0 0 17 1 0 0 0 0 0 366504396344 366504396504 366837297152 548786575965 548786576012 548786576012 548786577377 0
T 503.18
P 11055 9847 20010055 appspawn-x
11055 (com.example.hel) S 9847 0 0 0 -1 4194624 46174 0 0 0 667 583 0 0 0 -20 34 0 49041 4040904704 74194 18446744073709551615 366504318740 366504385408 548786572672 0 0 0 4612 0 1073779962 0 0 0 17 1 0 0 0 0 0 366504396344 366504396504 366837297152 548786575965 548786576012 548786576012 548786577377 0
T 503.36
P 11055 9847 20010055 appspawn-x
11055 (com.example.hel) S 9847 0 0 0 -1 4194624 46174 0 0 0 676 591 0 0 0 -20 34 0 49041 4040904704 74194 18446744073709551615 366504318740 366504385408 548786572672 0 0 0 4612 0 1073779962 0 0 0 17 1 0 0 0 0 0 366504396344 366504396504 366837297152 548786575965 548786576012 548786576012 548786577377 0
T 503.53
P 11055 9847 20010055 appspawn-x
11055 (com.example.hel) S 9847 0 0 0 -1 4194624 46174 0 0 0 684 601 0 0 0 -20 34 0 49041 4040904704 74194 18446744073709551615 366504318740 366504385408 548786572672 0 0 0 4612 0 1073779962 0 0 0 17 1 0 0 0 0 0 366504396344 366504396504 366837297152 548786575965 548786576012 548786576012 548786577377 0
T 503.72
P 11055 9847 20010055 appspawn-x
11055 (com.example.hel) S 9847 0 0 0 -1 4194624 46174 0 0 0 695 610 0 0 0 -20 34 0 49041 4040904704 74194 18446744073709551615 366504318740 366504385408 548786572672 0 0 0 4612 0 1073779962 0 0 0 17 1 0 0 0 0 0 366504396344 366504396504 366837297152 548786575965 548786576012 548786576012 548786577377 0
T 503.92
P 11055 9847 20010055 appspawn-x
11055 (com.example.hel) S 9847 0 0 0 -1 4194624 46174 0 0 0 704 620 0 0 0 -20 34 0 49041 4040904704 74194 18446744073709551615 366504318740 366504385408 548786572672 0 0 0 4612 0 1073779962 0 0 0 17 1 0 0 0 0 0 366504396344 366504396504 366837297152 548786575965 548786576012 548786576012 548786577377 0
T 504.10
P 11055 9847 20010055 appspawn-x
11055 (com.example.hel) S 9847 0 0 0 -1 4194624 46174 0 0 0 716 626 0 0 0 -20 34 0 49041 4040904704 74194 18446744073709551615 366504318740 366504385408 548786572672 0 0 0 4612 0 1073779962 0 0 0 17 1 0 0 0 0 0 366504396344 366504396504 366837297152 548786575965 548786576012 548786576012 548786577377 0
T 504.28
P 11055 9847 20010055 appspawn-x
11055 (com.example.hel) S 9847 0 0 0 -1 4194624 46174 0 0 0 726 633 0 0 0 -20 34 0 49041 4040904704 74194 18446744073709551615 366504318740 366504385408 548786572672 0 0 0 4612 0 1073779962 0 0 0 17 1 0 0 0 0 0 366504396344 366504396504 366837297152 548786575965 548786576012 548786576012 548786577377 0
T 504.46
P 11055 9847 20010055 appspawn-x
11055 (com.example.hel) S 9847 0 0 0 -1 4194624 46174 0 0 0 735 641 0 0 0 -20 34 0 49041 4040904704 74194 18446744073709551615 366504318740 366504385408 548786572672 0 0 0 4612 0 1073779962 0 0 0 17 1 0 0 0 0 0 366504396344 366504396504 366837297152 548786575965 548786576012 548786576012 548786577377 0
T 504.63
P 11055 9847 20010055 appspawn-x
11055 (com.example.hel) S 9847 0 0 0 -1 4194624 46174 0 0 0 744 651 0 0 0 -20 34 0 49041 4040904704 74194 18446744073709551615 366504318740 366504385408 548786572672 0 0 0 4612 0 1073779962 0 0 0 17 1 0 0 0 0 0 366504396344 366504396504 366837297152 548786575965 548786576012 548786576012 548786577377 0
T 504.82
P 11055 9847 20010055 appspawn-x
11055 (com.example.hel) S 9847 0 0 0 -1 4194624 46174 0 0 0 753 657 0 0 0 -20 34 0 49041 4040904704 74194 18446744073709551615 366504318740 366504385408 548786572672 0 0 0 4612 0 1073779962 0 0 0 17 1 0 0 0 0 0 366504396344 366504396504 366837297152 548786575965 548786576012 548786576012 548786577377 0
T 504.97
P 11055 9847 20010055 appspawn-x
11055 (com.example.hel) S 9847 0 0 0 -1 4194624 46174 0 0 0 761 666 0 0 0 -20 34 0 49041 4040904704 74194 18446744073709551615 366504318740 366504385408 548786572672 0 0 0 4612 0 1073779962 0 0 0 17 1 0 0 0 0 0 366504396344 366504396504 366837297152 548786575965 548786576012 548786576012 548786577377 0
T 505.14
P 11055 9847 20010055 appspawn-x
11055 (com.example.hel) S 9847 0 0 0 -1 4194624 46174 0 0 0 768 674 0 0 0 -20 34 0 49041 4040904704 74194 18446744073709551615 366504318740 366504385408 548786572672 0 0 0 4612 0 1073779962 0 0 0 17 1 0 0 0 0 0 366504396344 366504396504 366837297152 548786575965 548786576012 548786576012 548786577377 0
T 505.30
P 11055 9847 20010055 appspawn-x
11055 (com.example.hel) S 9847 0 0 0 -1 4194624 46174 0 0 0 779 682 0 0 0 -20 34 0 49041 4040904704 74194 18446744073709551615 366504318740 366504385408 548786572672 0 0 0 4612 0 1073779962 0 0 0 17 1 0 0 0 0 0 366504396344 366504396504 366837297152 548786575965 548786576012 548786576012 548786577377 0
T 505.48
P 11055 9847 20010055 appspawn-x
11055 (com.example.hel) S 9847 0 0 0 -1 4194624 46174 0 0 0 787 689 0 0 0 -20 34 0 49041 4040904704 74194 18446744073709551615 366504318740 366504385408 548786572672 0 0 0 4612 0 1073779962 0 0 0 17 1 0 0 0 0 0 366504396344 366504396504 366837297152 548786575965 548786576012 548786576012 548786577377 0
T 505.63
P 11055 9847 20010055 appspawn-x
11055 (com.example.hel) S 9847 0 0 0 -1 4194624 46174 0 0 0 796 698 0 0 0 -20 34 0 49041 4040904704 74194 18446744073709551615 366504318740 366504385408 548786572672 0 0 0 4612 0 1073779962 0 0 0 17 1 0 0 0 0 0 366504396344 366504396504 366837297152 548786575965 548786576012 548786576012 548786577377 0
T 505.82
P 11055 9847 20010055 appspawn-x
11055 (com.example.hel) S 9847 0 0 0 -1 4194624 46174 0 0 0 806 708 0 0 0 -20 34 0 49041 4040904704 74194 18446744073709551615 366504318740 366504385408 548786572672 0 0 0 4612 0 1073779962 0 0 0 17 1 0 0 0 0 0 366504396344 366504396504 366837297152 548786575965 548786576012 548786576012 548786577377 0
