T 1056.25
T 1056.44
T 1056.60
T 1056.79
P 22270 20865 20010055 appspawn-x
22270 (mple.helloworld) R 20865 0 0 0 -1 4194624 247 0 0 0 6 2 0 0 0 -20 1 0 105678 2197676032 1605 18446744073709551615 366558000660 366558066384 549077284688 0 0 0 0 4096 1073775866 0 0 0 17 5 0 0 0 0 0 366558077320 366558077480 367215783936 549077285469 549077285516 549077285516 549077286881 0
T 1056.98
P 22270 20865 20010055 appspawn-x
22270 (mple.helloworld) R 20865 0 0 0 -1 4194624 10235 0 0 0 14 14 0 0 0 -20 1 0 105678 2456219648 14111 18446744073709551615 366558000660 366558066384 549077284688 0 0 0 0 4096 1073775866 0 0 0 17 7 0 0 0 0 0 366558077320 366558077480 367215783936 549077285469 549077285516 549077285516 549077286881 0
T 1057.18
P 22270 20865 20010055 appspawn-x
22270 (main) R 20865 0 0 0 -1 4194624 15559 0 0 0 22 23 0 0 0 -20 10 0 105678 3520954368 24735 18446744073709551615 366558000660 366558066384 549077284688 0 0 0 4612 0 1073779962 0 0 0 17 7 0 0 0 0 0 366558077320 366558077480 367215783936 549077285469 549077285516 549077285516 549077286881 0
T 1057.39
P 22270 20865 20010055 appspawn-x
22270 (main) R 20865 0 0 0 -1 4194624 17365 0 0 0 37 25 0 0 0 -20 10 0 105678 3521032192 27831 18446744073709551615 366558000660 366558066384 549077284688 0 0 0 4612 0 1073779962 0 0 0 17 7 0 0 0 0 0 366558077320 366558077480 367215783936 549077285469 549077285516 549077285516 549077286881 0
T 1057.56
P 22270 20865 20010055 appspawn-x
22270 (main) R 20865 0 0 0 -1 4194624 21041 0 0 0 49 31 0 0 0 -20 10 0 105678 3584876544 47598 18446744073709551615 366558000660 366558066384 549077284688 0 0 0 4612 0 1073779962 0 0 0 17 7 0 0 0 0 0 366558077320 366558077480 367215783936 549077285469 549077285516 549077285516 549077286881 0
T 1057.73
P 22270 20865 20010055 appspawn-x
22270 (com.example.hel) R 20865 0 0 0 -1 4194624 28535 0 0 0 60 38 0 0 0 -20 12 0 105678 3712094208 58209 18446744073709551615 366558000660 366558066384 549077284688 0 0 0 4612 0 1073779962 0 0 0 17 7 0 0 0 0 0 366558077320 366558077480 367215783936 549077285469 549077285516 549077285516 549077286881 0
T 1057.92
P 22270 20865 20010055 appspawn-x
22270 (com.example.hel) R 20865 0 0 0 -1 4194624 36569 0 0 0 71 42 0 0 0 -20 12 0 105678 3745021952 66261 18446744073709551615 366558000660 366558066384 549077284688 0 0 0 4612 0 1073779962 0 0 0 17 7 0 0 0 0 0 366558077320 366558077480 367215783936 549077285469 549077285516 549077285516 549077286881 0
T 1058.08
P 22270 20865 20010055 appspawn-x
22270 (com.example.hel) R 20865 0 0 0 -1 4194624 38825 0 0 0 82 47 0 0 0 -20 12 0 105678 3718529024 59801 18446744073709551615 366558000660 366558066384 549077284688 0 0 0 4612 0 1073779962 0 0 0 17 7 0 0 0 0 0 366558077320 366558077480 367215783936 549077285469 549077285516 549077285516 549077286881 0
T 1058.24
P 22270 20865 20010055 appspawn-x
22270 (com.example.hel) R 20865 0 0 0 -1 4194624 40852 0 0 0 93 52 0 0 0 -20 14 0 105678 3788132352 63923 18446744073709551615 366558000660 366558066384 549077284688 0 0 0 4612 0 1073779962 0 0 0 17 4 0 0 0 0 0 366558077320 366558077480 367215783936 549077285469 549077285516 549077285516 549077286881 0
T 1058.40
P 22270 20865 20010055 appspawn-x
22270 (com.example.hel) S 20865 0 0 0 -1 1077936448 43896 0 0 0 99 61 0 0 0 -20 29 0 105678 3928698880 70400 18446744073709551615 366558000660 366558066384 549077284688 0 0 0 4612 0 1073779962 0 0 0 17 4 0 0 0 0 0 366558077320 366558077480 367215783936 549077285469 549077285516 549077285516 549077286881 0
T 1058.59
P 22270 20865 20010055 appspawn-x
22270 (com.example.hel) S 20865 0 0 0 -1 1077936448 45849 0 0 0 105 67 0 0 0 -20 33 0 105678 4036063232 74471 18446744073709551615 366558000660 366558066384 549077284688 0 0 0 4612 0 1073779962 0 0 0 17 3 0 0 0 0 0 366558077320 366558077480 367215783936 549077285469 549077285516 549077285516 549077286881 0
T 1058.75
P 22270 20865 20010055 appspawn-x
22270 (com.example.hel) S 20865 0 0 0 -1 4194624 45876 0 0 0 106 68 0 0 0 -20 33 0 105678 4036063232 74473 18446744073709551615 366558000660 366558066384 549077284688 0 0 0 4612 0 1073779962 0 0 0 17 2 0 0 0 0 0 366558077320 366558077480 367215783936 549077285469 549077285516 549077285516 549077286881 0
T 1058.93
P 22270 20865 20010055 appspawn-x
22270 (com.example.hel) S 20865 0 0 0 -1 4194624 45876 0 0 0 106 68 0 0 0 -20 33 0 105678 4036063232 74473 18446744073709551615 366558000660 366558066384 549077284688 0 0 0 4612 0 1073779962 0 0 0 17 2 0 0 0 0 0 366558077320 366558077480 367215783936 549077285469 549077285516 549077285516 549077286881 0
T 1059.10
P 22270 20865 20010055 appspawn-x
22270 (com.example.hel) S 20865 0 0 0 -1 4194624 45876 0 0 0 106 68 0 0 0 -20 33 0 105678 4035325952 74353 18446744073709551615 366558000660 366558066384 549077284688 0 0 0 4612 0 1073779962 0 0 0 17 2 0 0 0 0 0 366558077320 366558077480 367215783936 549077285469 549077285516 549077285516 549077286881 0
T 1059.28
P 22270 20865 20010055 appspawn-x
22270 (com.example.hel) S 20865 0 0 0 -1 4194624 45876 0 0 0 106 68 0 0 0 -20 33 0 105678 4035096576 74307 18446744073709551615 366558000660 366558066384 549077284688 0 0 0 4612 0 1073779962 0 0 0 17 2 0 0 0 0 0 366558077320 366558077480 367215783936 549077285469 549077285516 549077285516 549077286881 0
T 1059.44
P 22270 20865 20010055 appspawn-x
22270 (com.example.hel) S 20865 0 0 0 -1 4194624 45876 0 0 0 106 68 0 0 0 -20 33 0 105678 4034818048 74299 18446744073709551615 366558000660 366558066384 549077284688 0 0 0 4612 0 1073779962 0 0 0 17 2 0 0 0 0 0 366558077320 366558077480 367215783936 549077285469 549077285516 549077285516 549077286881 0
T 1059.60
P 22270 20865 20010055 appspawn-x
22270 (com.example.hel) S 20865 0 0 0 -1 4194624 45876 0 0 0 106 68 0 0 0 -20 33 0 105678 4034809856 74299 18446744073709551615 366558000660 366558066384 549077284688 0 0 0 4612 0 1073779962 0 0 0 17 2 0 0 0 0 0 366558077320 366558077480 367215783936 549077285469 549077285516 549077285516 549077286881 0
T 1059.77
P 22270 20865 20010055 appspawn-x
22270 (com.example.hel) R 20865 0 0 0 -1 4194624 45885 0 0 0 106 69 0 0 0 -20 33 0 105678 4034809856 74299 18446744073709551615 366558000660 366558066384 549077284688 0 0 0 4612 0 1073779962 0 0 0 17 0 0 0 0 0 0 366558077320 366558077480 367215783936 549077285469 549077285516 549077285516 549077286881 0
T 1059.93
P 22270 20865 20010055 appspawn-x
22270 (com.example.hel) S 20865 0 0 0 -1 4194624 45885 0 0 0 107 69 0 0 0 -20 33 0 105678 4034809856 74299 18446744073709551615 366558000660 366558066384 549077284688 0 0 0 4612 0 1073779962 0 0 0 17 1 0 0 0 0 0 366558077320 366558077480 367215783936 549077285469 549077285516 549077285516 549077286881 0
T 1060.11
P 22270 20865 20010055 appspawn-x
22270 (com.example.hel) S 20865 0 0 0 -1 4194624 45885 0 0 0 107 69 0 0 0 -20 33 0 105678 4034809856 74299 18446744073709551615 366558000660 366558066384 549077284688 0 0 0 4612 0 1073779962 0 0 0 17 1 0 0 0 0 0 366558077320 366558077480 367215783936 549077285469 549077285516 549077285516 549077286881 0
T 1060.27
P 22270 20865 20010055 appspawn-x
22270 (com.example.hel) S 20865 0 0 0 -1 4194624 45886 0 0 0 107 69 0 0 0 -20 33 0 105678 4034809856 74299 18446744073709551615 366558000660 366558066384 549077284688 0 0 0 4612 0 1073779962 0 0 0 17 1 0 0 0 0 0 366558077320 366558077480 367215783936 549077285469 549077285516 549077285516 549077286881 0
T 1060.44
P 22270 20865 20010055 appspawn-x
22270 (com.example.hel) S 20865 0 0 0 -1 4194624 45886 0 0 0 107 69 0 0 0 -20 33 0 105678 4034809856 74299 18446744073709551615 366558000660 366558066384 549077284688 0 0 0 4612 0 1073779962 0 0 0 17 1 0 0 0 0 0 366558077320 366558077480 367215783936 549077285469 549077285516 549077285516 549077286881 0
T 1060.62
P 22270 20865 20010055 appspawn-x
22270 (com.example.hel) S 20865 0 0 0 -1 4194624 45886 0 0 0 107 69 0 0 0 -20 33 0 105678 4034809856 74299 18446744073709551615 366558000660 366558066384 549077284688 0 0 0 4612 0 1073779962 0 0 0 17 1 0 0 0 0 0 366558077320 366558077480 367215783936 549077285469 549077285516 549077285516 549077286881 0
T 1060.79
P 22270 20865 20010055 appspawn-x
22270 (com.example.hel) S 20865 0 0 0 -1 4194624 45886 0 0 0 107 69 0 0 0 -20 33 0 105678 4034809856 74299 18446744073709551615 366558000660 366558066384 549077284688 0 0 0 4612 0 1073779962 0 0 0 17 1 0 0 0 0 0 366558077320 366558077480 367215783936 549077285469 549077285516 549077285516 549077286881 0
T 1060.95
P 22270 20865 20010055 appspawn-x
22270 (com.example.hel) S 20865 0 0 0 -1 4194624 45886 0 0 0 107 69 0 0 0 -20 33 0 105678 4034809856 74299 18446744073709551615 366558000660 366558066384 549077284688 0 0 0 4612 0 1073779962 0 0 0 17 1 0 0 0 0 0 366558077320 366558077480 367215783936 549077285469 549077285516 549077285516 549077286881 0
T 1061.14
P 22270 20865 20010055 appspawn-x
22270 (com.example.hel) S 20865 0 0 0 -1 4194624 45886 0 0 0 107 69 0 0 0 -20 33 0 105678 4034809856 74299 18446744073709551615 366558000660 366558066384 549077284688 0 0 0 4612 0 1073779962 0 0 0 17 1 0 0 0 0 0 366558077320 366558077480 367215783936 549077285469 549077285516 549077285516 549077286881 0
T 1061.34
P 22270 20865 20010055 appspawn-x
22270 (com.example.hel) S 20865 0 0 0 -1 4194624 45896 0 0 0 107 69 0 0 0 -20 33 0 105678 4034809856 74299 18446744073709551615 366558000660 366558066384 549077284688 0 0 0 4612 0 1073779962 0 0 0 17 1 0 0 0 0 0 366558077320 366558077480 367215783936 549077285469 549077285516 549077285516 549077286881 0
T 1061.49
P 22270 20865 20010055 appspawn-x
22270 (com.example.hel) S 20865 0 0 0 -1 4194624 45896 0 0 0 107 69 0 0 0 -20 33 0 105678 4034809856 74299 18446744073709551615 366558000660 366558066384 549077284688 0 0 0 4612 0 1073779962 0 0 0 17 1 0 0 0 0 0 366558077320 366558077480 367215783936 549077285469 549077285516 549077285516 549077286881 0
T 1061.66
P 22270 20865 20010055 appspawn-x
22270 (com.example.hel) S 20865 0 0 0 -1 4194624 45896 0 0 0 107 69 0 0 0 -20 33 0 105678 4034809856 74299 18446744073709551615 366558000660 366558066384 549077284688 0 0 0 4612 0 1073779962 0 0 0 17 1 0 0 0 0 0 366558077320 366558077480 367215783936 549077285469 549077285516 549077285516 549077286881 0
T 1061.86
P 22270 20865 20010055 appspawn-x
22270 (com.example.hel) S 20865 0 0 0 -1 4194624 45896 0 0 0 107 69 0 0 0 -20 33 0 105678 4034809856 74299 18446744073709551615 366558000660 366558066384 549077284688 0 0 0 4612 0 1073779962 0 0 0 17 1 0 0 0 0 0 366558077320 366558077480 367215783936 549077285469 549077285516 549077285516 549077286881 0
T 1062.02
P 22270 20865 20010055 appspawn-x
22270 (com.example.hel) S 20865 0 0 0 -1 4194624 45896 0 0 0 107 69 0 0 0 -20 33 0 105678 4034809856 74299 18446744073709551615 366558000660 366558066384 549077284688 0 0 0 4612 0 1073779962 0 0 0 17 1 0 0 0 0 0 366558077320 366558077480 367215783936 549077285469 549077285516 549077285516 549077286881 0
T 1062.20
P 22270 20865 20010055 appspawn-x
22270 (com.example.hel) S 20865 0 0 0 -1 4194624 45896 0 0 0 107 69 0 0 0 -20 33 0 105678 4034809856 74299 18446744073709551615 366558000660 366558066384 549077284688 0 0 0 4612 0 1073779962 0 0 0 17 1 0 0 0 0 0 366558077320 366558077480 367215783936 549077285469 549077285516 549077285516 549077286881 0
T 1062.38
P 22270 20865 20010055 appspawn-x
22270 (com.example.hel) S 20865 0 0 0 -1 4194624 45896 0 0 0 107 69 0 0 0 -20 33 0 105678 4034809856 74299 18446744073709551615 366558000660 366558066384 549077284688 0 0 0 4612 0 1073779962 0 0 0 17 1 0 0 0 0 0 366558077320 366558077480 367215783936 549077285469 549077285516 549077285516 549077286881 0
T 1062.58
P 22270 20865 20010055 appspawn-x
22270 (com.example.hel) S 20865 0 0 0 -1 4194624 45896 0 0 0 107 69 0 0 0 -20 33 0 105678 4034809856 74299 18446744073709551615 366558000660 366558066384 549077284688 0 0 0 4612 0 1073779962 0 0 0 17 1 0 0 0 0 0 366558077320 366558077480 367215783936 549077285469 549077285516 549077285516 549077286881 0
T 1062.76
P 22270 20865 20010055 appspawn-x
22270 (com.example.hel) S 20865 0 0 0 -1 4194624 45896 0 0 0 107 69 0 0 0 -20 33 0 105678 4034809856 74299 18446744073709551615 366558000660 366558066384 549077284688 0 0 0 4612 0 1073779962 0 0 0 17 1 0 0 0 0 0 366558077320 366558077480 367215783936 549077285469 549077285516 549077285516 549077286881 0
T 1062.95
P 22270 20865 20010055 appspawn-x
22270 (com.example.hel) S 20865 0 0 0 -1 4194624 45896 0 0 0 107 69 0 0 0 -20 33 0 105678 4034809856 74299 18446744073709551615 366558000660 366558066384 549077284688 0 0 0 4612 0 1073779962 0 0 0 17 1 0 0 0 0 0 366558077320 366558077480 367215783936 549077285469 549077285516 549077285516 549077286881 0
T 1063.14
P 22270 20865 20010055 appspawn-x
22270 (com.example.hel) S 20865 0 0 0 -1 4194624 45896 0 0 0 107 69 0 0 0 -20 33 0 105678 4034809856 74294 18446744073709551615 366558000660 366558066384 549077284688 0 0 0 4612 0 1073779962 0 0 0 17 1 0 0 0 0 0 366558077320 366558077480 367215783936 549077285469 549077285516 549077285516 549077286881 0
T 1063.33
P 22270 20865 20010055 appspawn-x
22270 (com.example.hel) S 20865 0 0 0 -1 4194624 45920 0 0 0 108 69 0 0 0 -20 33 0 105678 4034809856 74294 18446744073709551615 366558000660 366558066384 549077284688 0 0 0 4612 0 1073779962 0 0 0 17 2 0 0 0 0 0 366558077320 366558077480 367215783936 549077285469 549077285516 549077285516 549077286881 0
T 1063.52
P 22270 20865 20010055 appspawn-x
22270 (com.example.hel) S 20865 0 0 0 -1 4194624 45920 0 0 0 108 69 0 0 0 -20 33 0 105678 4034809856 74294 18446744073709551615 366558000660 366558066384 549077284688 0 0 0 4612 0 1073779962 0 0 0 17 2 0 0 0 0 0 366558077320 366558077480 367215783936 549077285469 549077285516 549077285516 549077286881 0
T 1063.70
P 22270 20865 20010055 appspawn-x
22270 (com.example.hel) S 20865 0 0 0 -1 4194624 45920 0 0 0 108 69 0 0 0 -20 33 0 105678 4034809856 74294 18446744073709551615 366558000660 366558066384 549077284688 0 0 0 4612 0 1073779962 0 0 0 17 2 0 0 0 0 0 366558077320 366558077480 367215783936 549077285469 549077285516 549077285516 549077286881 0
T 1063.85
P 22270 20865 20010055 appspawn-x
22270 (com.example.hel) S 20865 0 0 0 -1 4194624 45920 0 0 0 108 69 0 0 0 -20 33 0 105678 4034809856 74294 18446744073709551615 366558000660 366558066384 549077284688 0 0 0 4612 0 1073779962 0 0 0 17 2 0 0 0 0 0 366558077320 366558077480 367215783936 549077285469 549077285516 549077285516 549077286881 0
T 1064.02
P 22270 20865 20010055 appspawn-x
22270 (com.example.hel) S 20865 0 0 0 -1 4194624 45920 0 0 0 108 69 0 0 0 -20 33 0 105678 4034809856 74294 18446744073709551615 366558000660 366558066384 549077284688 0 0 0 4612 0 1073779962 0 0 0 17 2 0 0 0 0 0 366558077320 366558077480 367215783936 549077285469 549077285516 549077285516 549077286881 0
T 1064.22
P 22270 20865 20010055 appspawn-x
22270 (com.example.hel) S 20865 0 0 0 -1 4194624 45920 0 0 0 108 69 0 0 0 -20 33 0 105678 4034809856 74294 18446744073709551615 366558000660 366558066384 549077284688 0 0 0 4612 0 1073779962 0 0 0 17 2 0 0 0 0 0 366558077320 366558077480 367215783936 549077285469 549077285516 549077285516 549077286881 0
T 1064.37
P 22270 20865 20010055 appspawn-x
22270 (com.example.hel) S 20865 0 0 0 -1 4194624 45920 0 0 0 108 69 0 0 0 -20 33 0 105678 4034809856 74294 18446744073709551615 366558000660 366558066384 549077284688 0 0 0 4612 0 1073779962 0 0 0 17 2 0 0 0 0 0 366558077320 366558077480 367215783936 549077285469 549077285516 549077285516 549077286881 0
T 1064.53
P 22270 20865 20010055 appspawn-x
22270 (com.example.hel) S 20865 0 0 0 -1 4194624 45920 0 0 0 108 69 0 0 0 -20 33 0 105678 4034809856 74294 18446744073709551615 366558000660 366558066384 549077284688 0 0 0 4612 0 1073779962 0 0 0 17 2 0 0 0 0 0 366558077320 366558077480 367215783936 549077285469 549077285516 549077285516 549077286881 0
T 1064.69
P 22270 20865 20010055 appspawn-x
22270 (com.example.hel) S 20865 0 0 0 -1 4194624 45920 0 0 0 108 69 0 0 0 -20 33 0 105678 4034809856 74294 18446744073709551615 366558000660 366558066384 549077284688 0 0 0 4612 0 1073779962 0 0 0 17 2 0 0 0 0 0 366558077320 366558077480 367215783936 549077285469 549077285516 549077285516 549077286881 0
T 1064.85
P 22270 20865 20010055 appspawn-x
22270 (com.example.hel) S 20865 0 0 0 -1 4194624 45920 0 0 0 108 69 0 0 0 -20 33 0 105678 4034809856 74294 18446744073709551615 366558000660 366558066384 549077284688 0 0 0 4612 0 1073779962 0 0 0 17 2 0 0 0 0 0 366558077320 366558077480 367215783936 549077285469 549077285516 549077285516 549077286881 0
T 1065.00
P 22270 20865 20010055 appspawn-x
22270 (com.example.hel) S 20865 0 0 0 -1 4194624 45920 0 0 0 108 69 0 0 0 -20 33 0 105678 4034809856 74294 18446744073709551615 366558000660 366558066384 549077284688 0 0 0 4612 0 1073779962 0 0 0 17 2 0 0 0 0 0 366558077320 366558077480 367215783936 549077285469 549077285516 549077285516 549077286881 0
T 1065.17
P 22270 20865 20010055 appspawn-x
22270 (com.example.hel) S 20865 0 0 0 -1 4194624 45920 0 0 0 108 69 0 0 0 -20 33 0 105678 4034809856 74294 18446744073709551615 366558000660 366558066384 549077284688 0 0 0 4612 0 1073779962 0 0 0 17 2 0 0 0 0 0 366558077320 366558077480 367215783936 549077285469 549077285516 549077285516 549077286881 0
T 1065.33
P 22270 20865 20010055 appspawn-x
22270 (com.example.hel) S 20865 0 0 0 -1 4194624 45920 0 0 0 108 69 0 0 0 -20 33 0 105678 4034809856 74294 18446744073709551615 366558000660 366558066384 549077284688 0 0 0 4612 0 1073779962 0 0 0 17 2 0 0 0 0 0 366558077320 366558077480 367215783936 549077285469 549077285516 549077285516 549077286881 0
T 1065.48
P 22270 20865 20010055 appspawn-x
22270 (com.example.hel) S 20865 0 0 0 -1 4194624 45920 0 0 0 108 69 0 0 0 -20 33 0 105678 4034809856 74294 18446744073709551615 366558000660 366558066384 549077284688 0 0 0 4612 0 1073779962 0 0 0 17 2 0 0 0 0 0 366558077320 366558077480 367215783936 549077285469 549077285516 549077285516 549077286881 0
T 1065.64
P 22270 20865 20010055 appspawn-x
22270 (com.example.hel) S 20865 0 0 0 -1 4194624 45920 0 0 0 108 69 0 0 0 -20 33 0 105678 4034809856 74294 18446744073709551615 366558000660 366558066384 549077284688 0 0 0 4612 0 1073779962 0 0 0 17 2 0 0 0 0 0 366558077320 366558077480 367215783936 549077285469 549077285516 549077285516 549077286881 0
T 1065.80
P 22270 20865 20010055 appspawn-x
22270 (com.example.hel) S 20865 0 0 0 -1 4194624 45920 0 0 0 108 69 0 0 0 -20 33 0 105678 4034809856 74294 18446744073709551615 366558000660 366558066384 549077284688 0 0 0 4612 0 1073779962 0 0 0 17 2 0 0 0 0 0 366558077320 366558077480 367215783936 549077285469 549077285516 549077285516 549077286881 0
T 1065.97
P 22270 20865 20010055 appspawn-x
22270 (com.example.hel) S 20865 0 0 0 -1 4194624 45920 0 0 0 108 69 0 0 0 -20 33 0 105678 4034809856 74294 18446744073709551615 366558000660 366558066384 549077284688 0 0 0 4612 0 1073779962 0 0 0 17 2 0 0 0 0 0 366558077320 366558077480 367215783936 549077285469 549077285516 549077285516 549077286881 0
T 1066.13
P 22270 20865 20010055 appspawn-x
22270 (com.example.hel) S 20865 0 0 0 -1 4194624 45920 0 0 0 108 69 0 0 0 -20 33 0 105678 4034809856 74294 18446744073709551615 366558000660 366558066384 549077284688 0 0 0 4612 0 1073779962 0 0 0 17 2 0 0 0 0 0 366558077320 366558077480 367215783936 549077285469 549077285516 549077285516 549077286881 0
T 1066.29
P 22270 20865 20010055 appspawn-x
22270 (com.example.hel) S 20865 0 0 0 -1 4194624 45934 0 0 0 108 69 0 0 0 -20 33 0 105678 4034809856 74462 18446744073709551615 366558000660 366558066384 549077284688 0 0 0 4612 0 1073779962 0 0 0 17 1 0 0 0 0 0 366558077320 366558077480 367215783936 549077285469 549077285516 549077285516 549077286881 0
T 1066.48
P 22270 20865 20010055 appspawn-x
22270 (com.example.hel) S 20865 0 0 0 -1 4194624 45934 0 0 0 108 69 0 0 0 -20 33 0 105678 4034809856 74462 18446744073709551615 366558000660 366558066384 549077284688 0 0 0 4612 0 1073779962 0 0 0 17 1 0 0 0 0 0 366558077320 366558077480 367215783936 549077285469 549077285516 549077285516 549077286881 0
T 1066.66
P 22270 20865 20010055 appspawn-x
22270 (com.example.hel) S 20865 0 0 0 -1 4194624 45934 0 0 0 108 69 0 0 0 -20 33 0 105678 4034809856 74462 18446744073709551615 366558000660 366558066384 549077284688 0 0 0 4612 0 1073779962 0 0 0 17 1 0 0 0 0 0 366558077320 366558077480 367215783936 549077285469 549077285516 549077285516 549077286881 0
T 1066.81
P 22270 20865 20010055 appspawn-x
22270 (com.example.hel) S 20865 0 0 0 -1 4194624 45934 0 0 0 108 69 0 0 0 -20 33 0 105678 4034809856 74462 18446744073709551615 366558000660 366558066384 549077284688 0 0 0 4612 0 1073779962 0 0 0 17 1 0 0 0 0 0 366558077320 366558077480 367215783936 549077285469 549077285516 549077285516 549077286881 0
T 1066.99
P 22270 20865 20010055 appspawn-x
22270 (com.example.hel) S 20865 0 0 0 -1 4194624 45934 0 0 0 108 69 0 0 0 -20 33 0 105678 4034809856 74462 18446744073709551615 366558000660 366558066384 549077284688 0 0 0 4612 0 1073779962 0 0 0 17 1 0 0 0 0 0 366558077320 366558077480 367215783936 549077285469 549077285516 549077285516 549077286881 0
T 1067.18
P 22270 20865 20010055 appspawn-x
22270 (com.example.hel) S 20865 0 0 0 -1 4194624 45934 0 0 0 108 69 0 0 0 -20 33 0 105678 4034809856 74462 18446744073709551615 366558000660 366558066384 549077284688 0 0 0 4612 0 1073779962 0 0 0 17 1 0 0 0 0 0 366558077320 366558077480 367215783936 549077285469 549077285516 549077285516 549077286881 0
T 1067.34
P 22270 20865 20010055 appspawn-x
22270 (com.example.hel) S 20865 0 0 0 -1 4194624 45934 0 0 0 108 69 0 0 0 -20 33 0 105678 4034809856 74462 18446744073709551615 366558000660 366558066384 549077284688 0 0 0 4612 0 1073779962 0 0 0 17 1 0 0 0 0 0 366558077320 366558077480 367215783936 549077285469 549077285516 549077285516 549077286881 0
T 1067.53
P 22270 20865 20010055 appspawn-x
22270 (com.example.hel) S 20865 0 0 0 -1 4194624 45934 0 0 0 108 69 0 0 0 -20 33 0 105678 4034809856 74462 18446744073709551615 366558000660 366558066384 549077284688 0 0 0 4612 0 1073779962 0 0 0 17 1 0 0 0 0 0 366558077320 366558077480 367215783936 549077285469 549077285516 549077285516 549077286881 0
T 1067.69
P 22270 20865 20010055 appspawn-x
22270 (com.example.hel) S 20865 0 0 0 -1 4194624 45934 0 0 0 108 69 0 0 0 -20 33 0 105678 4034809856 74462 18446744073709551615 366558000660 366558066384 549077284688 0 0 0 4612 0 1073779962 0 0 0 17 1 0 0 0 0 0 366558077320 366558077480 367215783936 549077285469 549077285516 549077285516 549077286881 0
T 1067.85
P 22270 20865 20010055 appspawn-x
22270 (com.example.hel) S 20865 0 0 0 -1 4194624 45934 0 0 0 108 69 0 0 0 -20 33 0 105678 4034809856 74462 18446744073709551615 366558000660 366558066384 549077284688 0 0 0 4612 0 1073779962 0 0 0 17 1 0 0 0 0 0 366558077320 366558077480 367215783936 549077285469 549077285516 549077285516 549077286881 0
T 1068.03
P 22270 20865 20010055 appspawn-x
22270 (com.example.hel) S 20865 0 0 0 -1 4194624 45934 0 0 0 108 69 0 0 0 -20 33 0 105678 4034809856 74462 18446744073709551615 366558000660 366558066384 549077284688 0 0 0 4612 0 1073779962 0 0 0 17 1 0 0 0 0 0 366558077320 366558077480 367215783936 549077285469 549077285516 549077285516 549077286881 0
T 1068.21
P 22270 20865 20010055 appspawn-x
22270 (com.example.hel) S 20865 0 0 0 -1 4194624 45934 0 0 0 108 69 0 0 0 -20 33 0 105678 4034809856 74462 18446744073709551615 366558000660 366558066384 549077284688 0 0 0 4612 0 1073779962 0 0 0 17 1 0 0 0 0 0 366558077320 366558077480 367215783936 549077285469 549077285516 549077285516 549077286881 0
T 1068.39
P 22270 20865 20010055 appspawn-x
22270 (com.example.hel) S 20865 0 0 0 -1 4194624 45934 0 0 0 108 69 0 0 0 -20 33 0 105678 4034809856 74462 18446744073709551615 366558000660 366558066384 549077284688 0 0 0 4612 0 1073779962 0 0 0 17 1 0 0 0 0 0 366558077320 366558077480 367215783936 549077285469 549077285516 549077285516 549077286881 0
T 1068.56
P 22270 20865 20010055 appspawn-x
22270 (com.example.hel) S 20865 0 0 0 -1 4194624 45934 0 0 0 108 69 0 0 0 -20 33 0 105678 4034809856 74462 18446744073709551615 366558000660 366558066384 549077284688 0 0 0 4612 0 1073779962 0 0 0 17 1 0 0 0 0 0 366558077320 366558077480 367215783936 549077285469 549077285516 549077285516 549077286881 0
T 1068.71
P 22270 20865 20010055 appspawn-x
22270 (com.example.hel) S 20865 0 0 0 -1 4194624 45934 0 0 0 108 69 0 0 0 -20 33 0 105678 4034809856 74462 18446744073709551615 366558000660 366558066384 549077284688 0 0 0 4612 0 1073779962 0 0 0 17 1 0 0 0 0 0 366558077320 366558077480 367215783936 549077285469 549077285516 549077285516 549077286881 0
T 1068.89
P 22270 20865 20010055 appspawn-x
22270 (com.example.hel) S 20865 0 0 0 -1 4194624 45934 0 0 0 108 69 0 0 0 -20 33 0 105678 4034809856 74462 18446744073709551615 366558000660 366558066384 549077284688 0 0 0 4612 0 1073779962 0 0 0 17 1 0 0 0 0 0 366558077320 366558077480 367215783936 549077285469 549077285516 549077285516 549077286881 0
T 1069.08
P 22270 20865 20010055 appspawn-x
22270 (com.example.hel) S 20865 0 0 0 -1 4194624 45934 0 0 0 108 69 0 0 0 -20 33 0 105678 4034809856 74462 18446744073709551615 366558000660 366558066384 549077284688 0 0 0 4612 0 1073779962 0 0 0 17 1 0 0 0 0 0 366558077320 366558077480 367215783936 549077285469 549077285516 549077285516 549077286881 0
T 1069.26
P 22270 20865 20010055 appspawn-x
22270 (com.example.hel) S 20865 0 0 0 -1 4194624 45934 0 0 0 108 69 0 0 0 -20 33 0 105678 4034809856 74462 18446744073709551615 366558000660 366558066384 549077284688 0 0 0 4612 0 1073779962 0 0 0 17 1 0 0 0 0 0 366558077320 366558077480 367215783936 549077285469 549077285516 549077285516 549077286881 0
T 1069.44
P 22270 20865 20010055 appspawn-x
22270 (com.example.hel) S 20865 0 0 0 -1 4194624 45934 0 0 0 108 69 0 0 0 -20 33 0 105678 4034809856 74462 18446744073709551615 366558000660 366558066384 549077284688 0 0 0 4612 0 1073779962 0 0 0 17 1 0 0 0 0 0 366558077320 366558077480 367215783936 549077285469 549077285516 549077285516 549077286881 0
T 1069.60
P 22270 20865 20010055 appspawn-x
22270 (com.example.hel) S 20865 0 0 0 -1 4194624 45934 0 0 0 108 69 0 0 0 -20 33 0 105678 4034809856 74462 18446744073709551615 366558000660 366558066384 549077284688 0 0 0 4612 0 1073779962 0 0 0 17 1 0 0 0 0 0 366558077320 366558077480 367215783936 549077285469 549077285516 549077285516 549077286881 0
T 1069.79
P 22270 20865 20010055 appspawn-x
22270 (com.example.hel) S 20865 0 0 0 -1 4194624 45934 0 0 0 108 69 0 0 0 -20 33 0 105678 4034809856 74462 18446744073709551615 366558000660 366558066384 549077284688 0 0 0 4612 0 1073779962 0 0 0 17 1 0 0 0 0 0 366558077320 366558077480 367215783936 549077285469 549077285516 549077285516 549077286881 0
T 1069.98
P 22270 20865 20010055 appspawn-x
22270 (com.example.hel) S 20865 0 0 0 -1 4194624 45934 0 0 0 108 69 0 0 0 -20 33 0 105678 4034809856 74462 18446744073709551615 366558000660 366558066384 549077284688 0 0 0 4612 0 1073779962 0 0 0 17 1 0 0 0 0 0 366558077320 366558077480 367215783936 549077285469 549077285516 549077285516 549077286881 0
T 1070.16
P 22270 20865 20010055 appspawn-x
22270 (com.example.hel) S 20865 0 0 0 -1 4194624 45934 0 0 0 108 69 0 0 0 -20 33 0 105678 4034809856 74462 18446744073709551615 366558000660 366558066384 549077284688 0 0 0 4612 0 1073779962 0 0 0 17 1 0 0 0 0 0 366558077320 366558077480 367215783936 549077285469 549077285516 549077285516 549077286881 0
T 1070.35
P 22270 20865 20010055 appspawn-x
22270 (com.example.hel) S 20865 0 0 0 -1 4194624 45934 0 0 0 108 69 0 0 0 -20 33 0 105678 4034809856 74462 18446744073709551615 366558000660 366558066384 549077284688 0 0 0 4612 0 1073779962 0 0 0 17 1 0 0 0 0 0 366558077320 366558077480 367215783936 549077285469 549077285516 549077285516 549077286881 0
T 1070.52
P 22270 20865 20010055 appspawn-x
22270 (com.example.hel) S 20865 0 0 0 -1 4194624 45934 0 0 0 108 69 0 0 0 -20 33 0 105678 4034809856 74462 18446744073709551615 366558000660 366558066384 549077284688 0 0 0 4612 0 1073779962 0 0 0 17 1 0 0 0 0 0 366558077320 366558077480 367215783936 549077285469 549077285516 549077285516 549077286881 0
T 1070.70
P 22270 20865 20010055 appspawn-x
22270 (com.example.hel) S 20865 0 0 0 -1 4194624 45934 0 0 0 108 69 0 0 0 -20 33 0 105678 4034809856 74462 18446744073709551615 366558000660 366558066384 549077284688 0 0 0 4612 0 1073779962 0 0 0 17 1 0 0 0 0 0 366558077320 366558077480 367215783936 549077285469 549077285516 549077285516 549077286881 0
T 1070.88
P 22270 20865 20010055 appspawn-x
22270 (com.example.hel) S 20865 0 0 0 -1 4194624 45934 0 0 0 108 69 0 0 0 -20 33 0 105678 4034809856 74462 18446744073709551615 366558000660 366558066384 549077284688 0 0 0 4612 0 1073779962 0 0 0 17 1 0 0 0 0 0 366558077320 366558077480 367215783936 549077285469 549077285516 549077285516 549077286881 0
T 1071.05
P 22270 20865 20010055 appspawn-x
22270 (com.example.hel) S 20865 0 0 0 -1 4194624 45934 0 0 0 108 69 0 0 0 -20 33 0 105678 4034809856 74462 18446744073709551615 366558000660 366558066384 549077284688 0 0 0 4612 0 1073779962 0 0 0 17 1 0 0 0 0 0 366558077320 366558077480 367215783936 549077285469 549077285516 549077285516 549077286881 0
T 1071.24
P 22270 20865 20010055 appspawn-x
22270 (com.example.hel) S 20865 0 0 0 -1 4194624 45934 0 0 0 108 69 0 0 0 -20 33 0 105678 4034809856 74462 18446744073709551615 366558000660 366558066384 549077284688 0 0 0 4612 0 1073779962 0 0 0 17 1 0 0 0 0 0 366558077320 366558077480 367215783936 549077285469 549077285516 549077285516 549077286881 0
T 1071.42
P 22270 20865 20010055 appspawn-x
22270 (com.example.hel) S 20865 0 0 0 -1 4194624 45934 0 0 0 108 69 0 0 0 -20 33 0 105678 4034809856 74462 18446744073709551615 366558000660 366558066384 549077284688 0 0 0 4612 0 1073779962 0 0 0 17 1 0 0 0 0 0 366558077320 366558077480 367215783936 549077285469 549077285516 549077285516 549077286881 0
T 1071.58
P 22270 20865 20010055 appspawn-x
22270 (com.example.hel) S 20865 0 0 0 -1 4194624 45934 0 0 0 108 69 0 0 0 -20 33 0 105678 4034809856 74462 18446744073709551615 366558000660 366558066384 549077284688 0 0 0 4612 0 1073779962 0 0 0 17 1 0 0 0 0 0 366558077320 366558077480 367215783936 549077285469 549077285516 549077285516 549077286881 0
T 1071.74
P 22270 20865 20010055 appspawn-x
22270 (com.example.hel) S 20865 0 0 0 -1 4194624 45934 0 0 0 108 69 0 0 0 -20 33 0 105678 4034809856 74462 18446744073709551615 366558000660 366558066384 549077284688 0 0 0 4612 0 1073779962 0 0 0 17 1 0 0 0 0 0 366558077320 366558077480 367215783936 549077285469 549077285516 549077285516 549077286881 0
T 1071.91
P 22270 20865 20010055 appspawn-x
22270 (com.example.hel) S 20865 0 0 0 -1 4194624 45934 0 0 0 108 69 0 0 0 -20 33 0 105678 4034809856 74462 18446744073709551615 366558000660 366558066384 549077284688 0 0 0 4612 0 1073779962 0 0 0 17 1 0 0 0 0 0 366558077320 366558077480 367215783936 549077285469 549077285516 549077285516 549077286881 0
T 1072.10
P 22270 20865 20010055 appspawn-x
22270 (com.example.hel) S 20865 0 0 0 -1 4194624 45934 0 0 0 108 69 0 0 0 -20 33 0 105678 4034809856 74462 18446744073709551615 366558000660 366558066384 549077284688 0 0 0 4612 0 1073779962 0 0 0 17 1 0 0 0 0 0 366558077320 366558077480 367215783936 549077285469 549077285516 549077285516 549077286881 0
