T 8550.42
T 8550.60
T 8550.79
P 17566 13161 20010056 appspawn-x
17566 (b.bridge.zigzag) R 13161 0 0 0 -1 4194624 247 0 0 0 8 2 0 0 0 -20 1 0 855078 2197676032 1617 18446744073709551615 366870431252 366870496976 549156205216 0 0 0 0 4096 1073775866 0 0 0 17 6 0 0 0 0 0 366870507912 366870508072 367424618496 549156207218 549156207265 549156207265 549156208609 0
T 8551.01
P 17566 13161 20010056 appspawn-x
17566 (b.bridge.zigzag) R 13161 0 0 0 -1 4194624 9873 0 0 0 14 15 0 0 0 -20 1 0 855078 2456219648 14088 18446744073709551615 366870431252 366870496976 549156205216 0 0 0 0 4096 1073775866 0 0 0 17 6 0 0 0 0 0 366870507912 366870508072 367424618496 549156207218 549156207265 549156207265 549156208609 0
T 8551.21
P 17566 13161 20010056 appspawn-x
17566 (main) D 13161 0 0 0 -1 4194624 13662 0 0 0 21 20 0 0 0 -20 10 0 855078 3367862272 19718 18446744073709551615 366870431252 366870496976 549156205216 0 0 0 4612 0 1073779962 0 0 0 17 5 0 0 0 0 0 366870507912 366870508072 367424618496 549156207218 549156207265 549156207265 549156208609 0
T 8551.37
P 17566 13161 20010056 appspawn-x
17566 (main) R 13161 0 0 0 -1 4194624 16262 0 0 0 31 27 0 0 0 -20 10 0 855078 3520958464 25688 18446744073709551615 366870431252 366870496976 549156205216 0 0 0 4612 0 1073779962 0 0 0 17 6 0 0 0 0 0 366870507912 366870508072 367424618496 549156207218 549156207265 549156207265 549156208609 0
T 8551.55
P 17566 13161 20010056 appspawn-x
17566 (main) R 13161 0 0 0 -1 4194624 19840 0 0 0 42 33 0 0 0 -20 10 0 855078 3574657024 42082 18446744073709551615 366870431252 366870496976 549156205216 0 0 0 4612 0 1073779962 0 0 0 17 7 0 0 0 0 0 366870507912 366870508072 367424618496 549156207218 549156207265 549156207265 549156208609 0
T 8551.72
P 17566 13161 20010056 appspawn-x
17566 (main) R 13161 0 0 0 -1 4194624 21727 0 0 0 52 40 0 0 0 -20 12 0 855078 3688873984 49896 18446744073709551615 366870431252 366870496976 549156205216 0 0 0 4612 0 1073779962 0 0 0 17 7 0 0 0 0 0 366870507912 366870508072 367424618496 549156207218 549156207265 549156207265 549156208609 0
T 8551.90
P 17566 13161 20010056 appspawn-x
17566 (com.a2hlab.brid) R 13161 0 0 0 -1 4194624 29833 0 0 0 61 47 0 0 0 -20 12 0 855078 3717660672 58012 18446744073709551615 366870431252 366870496976 549156205216 0 0 0 4612 0 1073779962 0 0 0 17 7 0 0 0 0 0 366870507912 366870508072 367424618496 549156207218 549156207265 549156207265 549156208609 0
T 8552.06
P 17566 13161 20010056 appspawn-x
17566 (com.a2hlab.brid) R 13161 0 0 0 -1 4194624 37195 0 0 0 72 51 0 0 0 -20 12 0 855078 3741552640 63844 18446744073709551615 366870431252 366870496976 549156205216 0 0 0 4612 0 1073779962 0 0 0 17 7 0 0 0 0 0 366870507912 366870508072 367424618496 549156207218 549156207265 549156207265 549156208609 0
T 8552.22
P 17566 13161 20010056 appspawn-x
17566 (com.a2hlab.brid) S 13161 0 0 0 -1 1077936448 38772 0 0 0 84 56 0 0 0 -20 12 0 855078 3698065408 53238 18446744073709551615 366870431252 366870496976 549156205216 0 0 0 4612 0 1073779962 0 0 0 17 7 0 0 0 0 0 366870507912 366870508072 367424618496 549156207218 549156207265 549156207265 549156208609 0
T 8552.38
P 17566 13161 20010056 appspawn-x
17566 (com.a2hlab.brid) S 13161 0 0 0 -1 1077936448 41186 0 0 0 95 61 0 0 0 -20 14 0 855078 3787907072 60311 18446744073709551615 366870431252 366870496976 549156205216 0 0 0 4612 0 1073779962 0 0 0 17 5 0 0 0 0 0 366870507912 366870508072 367424618496 549156207218 549156207265 549156207265 549156208609 0
T 8552.54
P 17566 13161 20010056 appspawn-x
17566 (com.a2hlab.brid) R 13161 0 0 0 -1 4194624 43271 0 8 0 102 67 0 0 0 -20 23 0 855078 4195385344 68326 18446744073709551615 366870431252 366870496976 549156205216 0 0 0 4612 0 1073779962 0 0 0 17 1 0 0 0 0 0 366870507912 366870508072 367424618496 549156207218 549156207265 549156207265 549156208609 0
T 8552.72
P 17566 13161 20010056 appspawn-x
17566 (com.a2hlab.brid) S 13161 0 0 0 -1 4194624 48060 0 8 0 109 74 0 0 0 -20 39 0 855078 6514130944 75538 18446744073709551615 366870431252 366870496976 549156205216 0 0 0 4612 0 1073779962 0 0 0 17 6 0 0 0 0 0 366870507912 366870508072 367424618496 549156207218 549156207265 549156207265 549156208609 0
T 8552.89
P 17566 13161 20010056 appspawn-x
17566 (com.a2hlab.brid) S 13161 0 0 0 -1 4194624 48096 0 8 0 126 74 0 0 0 -20 39 0 855078 6514130944 75538 18446744073709551615 366870431252 366870496976 549156205216 0 0 0 4612 0 1073779962 0 0 0 17 6 0 0 0 0 0 366870507912 366870508072 367424618496 549156207218 549156207265 549156207265 549156208609 0
T 8553.08
P 17566 13161 20010056 appspawn-x
17566 (com.a2hlab.brid) S 13161 0 0 0 -1 4194624 51290 0 8 0 141 78 0 0 0 -20 41 0 855078 6553985024 79701 18446744073709551615 366870431252 366870496976 549156205216 0 0 0 4612 0 1619039482 0 0 0 17 2 0 0 0 0 0 366870507912 366870508072 367424618496 549156207218 549156207265 549156207265 549156208609 0
T 8553.26
P 17566 13161 20010056 appspawn-x
17566 (com.a2hlab.brid) S 13161 0 0 0 -1 4194624 55521 0 9 0 146 85 0 0 0 -20 63 0 855078 7010009088 83260 18446744073709551615 366870431252 366870496976 549156205216 0 0 0 4612 0 1619039482 0 0 0 17 2 0 0 0 0 0 366870507912 366870508072 367424618496 549156207218 549156207265 549156207265 549156208609 0
T 8553.44
P 17566 13161 20010056 appspawn-x
17566 (com.a2hlab.brid) S 13161 0 0 0 -1 4194624 60891 0 9 0 155 93 0 0 0 -20 67 0 855078 7614599168 94293 18446744073709551615 366870431252 366870496976 549156205216 0 0 0 4612 0 1619039482 0 0 0 17 5 0 0 0 0 0 366870507912 366870508072 367424618496 549156207218 549156207265 549156207265 549156208609 0
T 8553.64
P 17566 13161 20010056 appspawn-x
17566 (com.a2hlab.brid) S 13161 0 0 0 -1 4194624 64420 0 9 0 169 101 0 0 0 -20 68 0 855078 7970373632 99247 18446744073709551615 366870431252 366870496976 549156205216 0 0 0 4612 0 1619039482 0 0 0 17 2 0 0 0 0 0 366870507912 366870508072 367424618496 549156207218 549156207265 549156207265 549156208609 0
T 8553.82
P 17566 13161 20010056 appspawn-x
17566 (com.a2hlab.brid) S 13161 0 0 0 -1 4194624 64582 0 9 0 171 104 0 0 0 -20 68 0 855078 7970373632 99319 18446744073709551615 366870431252 366870496976 549156205216 0 0 0 4612 0 1619039482 0 0 0 17 2 0 0 0 0 0 366870507912 366870508072 367424618496 549156207218 549156207265 549156207265 549156208609 0
T 8554.02
P 17566 13161 20010056 appspawn-x
17566 (com.a2hlab.brid) S 13161 0 0 0 -1 4194624 64638 0 9 0 173 105 0 0 0 -20 68 0 855078 7970373632 99321 18446744073709551615 366870431252 366870496976 549156205216 0 0 0 4612 0 1619039482 0 0 0 17 2 0 0 0 0 0 366870507912 366870508072 367424618496 549156207218 549156207265 549156207265 549156208609 0
T 8554.20
P 17566 13161 20010056 appspawn-x
17566 (com.a2hlab.brid) S 13161 0 0 0 -1 4194624 64693 0 9 0 174 107 0 0 0 -20 68 0 855078 7970373632 99359 18446744073709551615 366870431252 366870496976 549156205216 0 0 0 4612 0 1619039482 0 0 0 17 2 0 0 0 0 0 366870507912 366870508072 367424618496 549156207218 549156207265 549156207265 549156208609 0
T 8554.38
P 17566 13161 20010056 appspawn-x
17566 (com.a2hlab.brid) S 13161 0 0 0 -1 4194624 64841 0 9 0 175 110 0 0 0 -20 68 0 855078 7970373632 99429 18446744073709551615 366870431252 366870496976 549156205216 0 0 0 4612 0 1619039482 0 0 0 17 2 0 0 0 0 0 366870507912 366870508072 367424618496 549156207218 549156207265 549156207265 549156208609 0
T 8554.58
P 17566 13161 20010056 appspawn-x
17566 (com.a2hlab.brid) S 13161 0 0 0 -1 4194624 64973 0 9 0 177 112 0 0 0 -20 68 0 855078 7970373632 100013 18446744073709551615 366870431252 366870496976 549156205216 0 0 0 4612 0 1619039482 0 0 0 17 2 0 0 0 0 0 366870507912 366870508072 367424618496 549156207218 549156207265 549156207265 549156208609 0
T 8554.76
P 17566 13161 20010056 appspawn-x
17566 (com.a2hlab.brid) S 13161 0 0 0 -1 4194624 65097 0 9 0 178 115 0 0 0 -20 68 0 855078 7970373632 99596 18446744073709551615 366870431252 366870496976 549156205216 0 0 0 4612 0 1619039482 0 0 0 17 2 0 0 0 0 0 366870507912 366870508072 367424618496 549156207218 549156207265 549156207265 549156208609 0
T 8554.94
P 17566 13161 20010056 appspawn-x
17566 (com.a2hlab.brid) S 13161 0 0 0 -1 4194624 65244 0 9 0 180 117 0 0 0 -20 68 0 855078 7970373632 99666 18446744073709551615 366870431252 366870496976 549156205216 0 0 0 4612 0 1619039482 0 0 0 17 2 0 0 0 0 0 366870507912 366870508072 367424618496 549156207218 549156207265 549156207265 549156208609 0
T 8555.13
P 17566 13161 20010056 appspawn-x
17566 (com.a2hlab.brid) S 13161 0 0 0 -1 4194624 65348 0 9 0 182 119 0 0 0 -20 68 0 855078 7987605504 99711 18446744073709551615 366870431252 366870496976 549156205216 0 0 0 4612 0 1619039482 0 0 0 17 2 0 0 0 0 0 366870507912 366870508072 367424618496 549156207218 549156207265 549156207265 549156208609 0
T 8555.32
P 17566 13161 20010056 appspawn-x
17566 (com.a2hlab.brid) S 13161 0 0 0 -1 4194624 65423 0 9 0 182 123 0 0 0 -20 68 0 855078 7970373632 100767 18446744073709551615 366870431252 366870496976 549156205216 0 0 0 4612 0 1619039482 0 0 0 17 2 0 0 0 0 0 366870507912 366870508072 367424618496 549156207218 549156207265 549156207265 549156208609 0
T 8555.51
P 17566 13161 20010056 appspawn-x
17566 (com.a2hlab.brid) S 13161 0 0 0 -1 4194624 65549 0 9 0 185 125 0 0 0 -20 68 0 855078 7970455552 100331 18446744073709551615 366870431252 366870496976 549156205216 0 0 0 4612 0 1619039482 0 0 0 17 1 0 0 0 0 0 366870507912 366870508072 367424618496 549156207218 549156207265 549156207265 549156208609 0
T 8555.71
P 17566 13161 20010056 appspawn-x
17566 (com.a2hlab.brid) S 13161 0 0 0 -1 4194624 68844 0 9 0 196 132 0 0 0 -20 71 0 855078 8057167872 103836 18446744073709551615 366870431252 366870496976 549156205216 0 0 0 4612 0 1619039482 0 0 0 17 5 0 0 0 0 0 366870507912 366870508072 367424618496 549156207218 549156207265 549156207265 549156208609 0
T 8555.88
P 17566 13161 20010056 appspawn-x
17566 (com.a2hlab.brid) S 13161 0 0 0 -1 4194624 70238 0 9 0 208 135 0 0 0 -20 72 0 855078 8062689280 106045 18446744073709551615 366870431252 366870496976 549156205216 0 0 0 4612 0 1619039482 0 0 0 17 5 0 0 0 0 0 366870507912 366870508072 367424618496 549156207218 549156207265 549156207265 549156208609 0
T 8556.07
P 17566 13161 20010056 appspawn-x
17566 (com.a2hlab.brid) S 13161 0 0 0 -1 4194624 70547 0 9 0 210 137 0 0 0 -20 72 0 855078 8062689280 106365 18446744073709551615 366870431252 366870496976 549156205216 0 0 0 4612 0 1619039482 0 0 0 17 5 0 0 0 0 0 366870507912 366870508072 367424618496 549156207218 549156207265 549156207265 549156208609 0
T 8556.26
P 17566 13161 20010056 appspawn-x
17566 (com.a2hlab.brid) S 13161 0 0 0 -1 4194624 70822 0 9 0 211 140 0 0 0 -20 72 0 855078 8062689280 106567 18446744073709551615 366870431252 366870496976 549156205216 0 0 0 4612 0 1619039482 0 0 0 17 5 0 0 0 0 0 366870507912 366870508072 367424618496 549156207218 549156207265 549156207265 549156208609 0
T 8556.44
P 17566 13161 20010056 appspawn-x
17566 (com.a2hlab.brid) S 13161 0 0 0 -1 4194624 71031 0 9 0 214 142 0 0 0 -20 72 0 855078 8062689280 106712 18446744073709551615 366870431252 366870496976 549156205216 0 0 0 4612 0 1619039482 0 0 0 17 5 0 0 0 0 0 366870507912 366870508072 367424618496 549156207218 549156207265 549156207265 549156208609 0
T 8556.64
P 17566 13161 20010056 appspawn-x
17566 (com.a2hlab.brid) S 13161 0 0 0 -1 4194624 71124 0 9 0 215 144 0 0 0 -20 72 0 855078 8062689280 106772 18446744073709551615 366870431252 366870496976 549156205216 0 0 0 4612 0 1619039482 0 0 0 17 5 0 0 0 0 0 366870507912 366870508072 367424618496 549156207218 549156207265 549156207265 549156208609 0
T 8556.82
P 17566 13161 20010056 appspawn-x
17566 (com.a2hlab.brid) S 13161 0 0 0 -1 4194624 71298 0 9 0 218 146 0 0 0 -20 72 0 855078 8062689280 106883 18446744073709551615 366870431252 366870496976 549156205216 0 0 0 4612 0 1619039482 0 0 0 17 5 0 0 0 0 0 366870507912 366870508072 367424618496 549156207218 549156207265 549156207265 549156208609 0
T 8557.00
P 17566 13161 20010056 appspawn-x
17566 (com.a2hlab.brid) S 13161 0 0 0 -1 4194624 71465 0 9 0 220 149 0 0 0 -20 72 0 855078 8062689280 106992 18446744073709551615 366870431252 366870496976 549156205216 0 0 0 4612 0 1619039482 0 0 0 17 5 0 0 0 0 0 366870507912 366870508072 367424618496 549156207218 549156207265 549156207265 549156208609 0
T 8557.18
P 17566 13161 20010056 appspawn-x
17566 (com.a2hlab.brid) S 13161 0 0 0 -1 4194624 71550 0 9 0 222 150 0 0 0 -20 72 0 855078 8062689280 107053 18446744073709551615 366870431252 366870496976 549156205216 0 0 0 4612 0 1619039482 0 0 0 17 5 0 0 0 0 0 366870507912 366870508072 367424618496 549156207218 549156207265 549156207265 549156208609 0
T 8557.34
P 17566 13161 20010056 appspawn-x
17566 (com.a2hlab.brid) S 13161 0 0 0 -1 4194624 71616 0 9 0 224 153 0 0 0 -20 72 0 855078 8062689280 107098 18446744073709551615 366870431252 366870496976 549156205216 0 0 0 4612 0 1619039482 0 0 0 17 5 0 0 0 0 0 366870507912 366870508072 367424618496 549156207218 549156207265 549156207265 549156208609 0
T 8557.54
P 17566 13161 20010056 appspawn-x
17566 (com.a2hlab.brid) S 13161 0 0 0 -1 4194624 71682 0 9 0 227 154 0 0 0 -20 72 0 855078 8062689280 107099 18446744073709551615 366870431252 366870496976 549156205216 0 0 0 4612 0 1619039482 0 0 0 17 5 0 0 0 0 0 366870507912 366870508072 367424618496 549156207218 549156207265 549156207265 549156208609 0
T 8557.72
P 17566 13161 20010056 appspawn-x
17566 (com.a2hlab.brid) S 13161 0 0 0 -1 4194624 71734 0 9 0 229 155 0 0 0 -20 72 0 855078 8062689280 107164 18446744073709551615 366870431252 366870496976 549156205216 0 0 0 4612 0 1619039482 0 0 0 17 5 0 0 0 0 0 366870507912 366870508072 367424618496 549156207218 549156207265 549156207265 549156208609 0
T 8557.88
P 17566 13161 20010056 appspawn-x
17566 (com.a2hlab.brid) S 13161 0 0 0 -1 4194624 71793 0 9 0 233 156 0 0 0 -20 72 0 855078 8062689280 107228 18446744073709551615 366870431252 366870496976 549156205216 0 0 0 4612 0 1619039482 0 0 0 17 5 0 0 0 0 0 366870507912 366870508072 367424618496 549156207218 549156207265 549156207265 549156208609 0
T 8558.08
P 17566 13161 20010056 appspawn-x
17566 (com.a2hlab.brid) S 13161 0 0 0 -1 4194624 71845 0 9 0 236 157 0 0 0 -20 72 0 855078 8062689280 107229 18446744073709551615 366870431252 366870496976 549156205216 0 0 0 4612 0 1619039482 0 0 0 17 5 0 0 0 0 0 366870507912 366870508072 367424618496 549156207218 549156207265 549156207265 549156208609 0
T 8558.24
P 17566 13161 20010056 appspawn-x
17566 (com.a2hlab.brid) S 13161 0 0 0 -1 4194624 71889 0 9 0 237 159 0 0 0 -20 72 0 855078 8062689280 107293 18446744073709551615 366870431252 366870496976 549156205216 0 0 0 4612 0 1619039482 0 0 0 17 5 0 0 0 0 0 366870507912 366870508072 367424618496 549156207218 549156207265 549156207265 549156208609 0
T 8558.41
P 17566 13161 20010056 appspawn-x
17566 (com.a2hlab.brid) S 13161 0 0 0 -1 4194624 71944 0 9 0 240 160 0 0 0 -20 72 0 855078 8062689280 107296 18446744073709551615 366870431252 366870496976 549156205216 0 0 0 4612 0 1619039482 0 0 0 17 5 0 0 0 0 0 366870507912 366870508072 367424618496 549156207218 549156207265 549156207265 549156208609 0
T 8558.57
P 17566 13161 20010056 appspawn-x
17566 (com.a2hlab.brid) S 13161 0 0 0 -1 4194624 71992 0 9 0 242 162 0 0 0 -20 72 0 855078 8062689280 107366 18446744073709551615 366870431252 366870496976 549156205216 0 0 0 4612 0 1619039482 0 0 0 17 5 0 0 0 0 0 366870507912 366870508072 367424618496 549156207218 549156207265 549156207265 549156208609 0
T 8558.74
P 17566 13161 20010056 appspawn-x
17566 (com.a2hlab.brid) S 13161 0 0 0 -1 4194624 72035 0 9 0 244 164 0 0 0 -20 72 0 855078 8062689280 107433 18446744073709551615 366870431252 366870496976 549156205216 0 0 0 4612 0 1619039482 0 0 0 17 5 0 0 0 0 0 366870507912 366870508072 367424618496 549156207218 549156207265 549156207265 549156208609 0
T 8558.90
P 17566 13161 20010056 appspawn-x
17566 (com.a2hlab.brid) S 13161 0 0 0 -1 4194624 72101 0 9 0 247 165 0 0 0 -20 72 0 855078 8062689280 108457 18446744073709551615 366870431252 366870496976 549156205216 0 0 0 4612 0 1619039482 0 0 0 17 5 0 0 0 0 0 366870507912 366870508072 367424618496 549156207218 549156207265 549156207265 549156208609 0
T 8559.06
P 17566 13161 20010056 appspawn-x
17566 (com.a2hlab.brid) S 13161 0 0 0 -1 4194624 72135 0 9 0 248 167 0 0 0 -20 72 0 855078 8062689280 107500 18446744073709551615 366870431252 366870496976 549156205216 0 0 0 4612 0 1619039482 0 0 0 17 5 0 0 0 0 0 366870507912 366870508072 367424618496 549156207218 549156207265 549156207265 549156208609 0
T 8559.22
P 17566 13161 20010056 appspawn-x
17566 (com.a2hlab.brid) S 13161 0 0 0 -1 4194624 72196 0 9 0 251 168 0 0 0 -20 72 0 855078 8062689280 107533 18446744073709551615 366870431252 366870496976 549156205216 0 0 0 4612 0 1619039482 0 0 0 17 5 0 0 0 0 0 366870507912 366870508072 367424618496 549156207218 549156207265 549156207265 549156208609 0
T 8559.40
P 17566 13161 20010056 appspawn-x
17566 (com.a2hlab.brid) S 13161 0 0 0 -1 4194624 72253 0 9 0 253 170 0 0 0 -20 72 0 855078 8062689280 107599 18446744073709551615 366870431252 366870496976 549156205216 0 0 0 4612 0 1619039482 0 0 0 17 5 0 0 0 0 0 366870507912 366870508072 367424618496 549156207218 549156207265 549156207265 549156208609 0
T 8559.58
P 17566 13161 20010056 appspawn-x
17566 (com.a2hlab.brid) S 13161 0 0 0 -1 4194624 72303 0 9 0 256 171 0 0 0 -20 72 0 855078 8062689280 107599 18446744073709551615 366870431252 366870496976 549156205216 0 0 0 4612 0 1619039482 0 0 0 17 5 0 0 0 0 0 366870507912 366870508072 367424618496 549156207218 549156207265 549156207265 549156208609 0
T 8559.76
P 17566 13161 20010056 appspawn-x
17566 (com.a2hlab.brid) S 13161 0 0 0 -1 4194624 72342 0 9 0 259 172 0 0 0 -20 72 0 855078 8062689280 107665 18446744073709551615 366870431252 366870496976 549156205216 0 0 0 4612 0 1619039482 0 0 0 17 5 0 0 0 0 0 366870507912 366870508072 367424618496 549156207218 549156207265 549156207265 549156208609 0
T 8559.94
P 17566 13161 20010056 appspawn-x
17566 (com.a2hlab.brid) S 13161 0 0 0 -1 4194624 72387 0 9 0 259 176 0 0 0 -20 72 0 855078 8062689280 107665 18446744073709551615 366870431252 366870496976 549156205216 0 0 0 4612 0 1619039482 0 0 0 17 5 0 0 0 0 0 366870507912 366870508072 367424618496 549156207218 549156207265 549156207265 549156208609 0
T 8560.12
P 17566 13161 20010056 appspawn-x
17566 (com.a2hlab.brid) S 13161 0 0 0 -1 4194624 72436 0 9 0 261 179 0 0 0 -20 72 0 855078 8062689280 107732 18446744073709551615 366870431252 366870496976 549156205216 0 0 0 4612 0 1619039482 0 0 0 17 5 0 0 0 0 0 366870507912 366870508072 367424618496 549156207218 549156207265 549156207265 549156208609 0
T 8560.30
P 17566 13161 20010056 appspawn-x
17566 (com.a2hlab.brid) S 13161 0 0 0 -1 4194624 72478 0 9 0 263 180 0 0 0 -20 72 0 855078 8062689280 107799 18446744073709551615 366870431252 366870496976 549156205216 0 0 0 4612 0 1619039482 0 0 0 17 5 0 0 0 0 0 366870507912 366870508072 367424618496 549156207218 549156207265 549156207265 549156208609 0
T 8560.47
P 17566 13161 20010056 appspawn-x
17566 (com.a2hlab.brid) S 13161 0 0 0 -1 4194624 72536 0 9 0 264 182 0 0 0 -20 72 0 855078 8062689280 107801 18446744073709551615 366870431252 366870496976 549156205216 0 0 0 4612 0 1619039482 0 0 0 17 7 0 0 0 0 0 366870507912 366870508072 367424618496 549156207218 549156207265 549156207265 549156208609 0
T 8560.64
P 17566 13161 20010056 appspawn-x
17566 (com.a2hlab.brid) S 13161 0 0 0 -1 4194624 72576 0 9 0 266 185 0 0 0 -20 72 0 855078 8062689280 107867 18446744073709551615 366870431252 366870496976 549156205216 0 0 0 4612 0 1619039482 0 0 0 17 7 0 0 0 0 0 366870507912 366870508072 367424618496 549156207218 549156207265 549156207265 549156208609 0
T 8560.81
P 17566 13161 20010056 appspawn-x
17566 (com.a2hlab.brid) S 13161 0 0 0 -1 4194624 72625 0 9 0 269 186 0 0 0 -20 72 0 855078 8062689280 107868 18446744073709551615 366870431252 366870496976 549156205216 0 0 0 4612 0 1619039482 0 0 0 17 7 0 0 0 0 0 366870507912 366870508072 367424618496 549156207218 549156207265 549156207265 549156208609 0
T 8561.00
P 17566 13161 20010056 appspawn-x
17566 (com.a2hlab.brid) S 13161 0 0 0 -1 4194624 72672 0 9 0 272 188 0 0 0 -20 72 0 855078 8062689280 107934 18446744073709551615 366870431252 366870496976 549156205216 0 0 0 4612 0 1619039482 0 0 0 17 7 0 0 0 0 0 366870507912 366870508072 367424618496 549156207218 549156207265 549156207265 549156208609 0
T 8561.20
P 17566 13161 20010056 appspawn-x
17566 (com.a2hlab.brid) S 13161 0 0 0 -1 4194624 72712 0 9 0 274 190 0 0 0 -20 72 0 855078 8062689280 107934 18446744073709551615 366870431252 366870496976 549156205216 0 0 0 4612 0 1619039482 0 0 0 17 7 0 0 0 0 0 366870507912 366870508072 367424618496 549156207218 549156207265 549156207265 549156208609 0
T 8561.36
P 17566 13161 20010056 appspawn-x
17566 (com.a2hlab.brid) S 13161 0 0 0 -1 4194624 72761 0 9 0 276 192 0 0 0 -20 72 0 855078 8062689280 108002 18446744073709551615 366870431252 366870496976 549156205216 0 0 0 4612 0 1619039482 0 0 0 17 7 0 0 0 0 0 366870507912 366870508072 367424618496 549156207218 549156207265 549156207265 549156208609 0
T 8561.56
P 17566 13161 20010056 appspawn-x
17566 (com.a2hlab.brid) S 13161 0 0 0 -1 4194624 72810 0 9 0 278 194 0 0 0 -20 72 0 855078 8062689280 108002 18446744073709551615 366870431252 366870496976 549156205216 0 0 0 4612 0 1619039482 0 0 0 17 7 0 0 0 0 0 366870507912 366870508072 367424618496 549156207218 549156207265 549156207265 549156208609 0
T 8561.75
P 17566 13161 20010056 appspawn-x
17566 (com.a2hlab.brid) S 13161 0 0 0 -1 4194624 72858 0 9 0 281 196 0 0 0 -20 72 0 855078 8062689280 109092 18446744073709551615 366870431252 366870496976 549156205216 0 0 0 4612 0 1619039482 0 0 0 17 7 0 0 0 0 0 366870507912 366870508072 367424618496 549156207218 549156207265 549156207265 549156208609 0
T 8561.93
P 17566 13161 20010056 appspawn-x
17566 (com.a2hlab.brid) S 13161 0 0 0 -1 4194624 72898 0 9 0 282 198 0 0 0 -20 72 0 855078 8062689280 108134 18446744073709551615 366870431252 366870496976 549156205216 0 0 0 4612 0 1619039482 0 0 0 17 7 0 0 0 0 0 366870507912 366870508072 367424618496 549156207218 549156207265 549156207265 549156208609 0
T 8562.12
P 17566 13161 20010056 appspawn-x
17566 (com.a2hlab.brid) S 13161 0 0 0 -1 4194624 72938 0 9 0 284 199 0 0 0 -20 72 0 855078 8062689280 108134 18446744073709551615 366870431252 366870496976 549156205216 0 0 0 4612 0 1619039482 0 0 0 17 7 0 0 0 0 0 366870507912 366870508072 367424618496 549156207218 549156207265 549156207265 549156208609 0
T 8562.29
P 17566 13161 20010056 appspawn-x
17566 (com.a2hlab.brid) S 13161 0 0 0 -1 4194624 72985 0 9 0 285 202 0 0 0 -20 72 0 855078 8062689280 108712 18446744073709551615 366870431252 366870496976 549156205216 0 0 0 4612 0 1619039482 0 0 0 17 7 0 0 0 0 0 366870507912 366870508072 367424618496 549156207218 549156207265 549156207265 549156208609 0
T 8562.46
P 17566 13161 20010056 appspawn-x
17566 (com.a2hlab.brid) S 13161 0 0 0 -1 4194624 73024 0 9 0 287 204 0 0 0 -20 72 0 855078 8062689280 108200 18446744073709551615 366870431252 366870496976 549156205216 0 0 0 4612 0 1619039482 0 0 0 17 7 0 0 0 0 0 366870507912 366870508072 367424618496 549156207218 549156207265 549156207265 549156208609 0
T 8562.64
P 17566 13161 20010056 appspawn-x
17566 (com.a2hlab.brid) S 13161 0 0 0 -1 4194624 73072 0 9 0 289 207 0 0 0 -20 72 0 855078 8062689280 109290 18446744073709551615 366870431252 366870496976 549156205216 0 0 0 4612 0 1619039482 0 0 0 17 7 0 0 0 0 0 366870507912 366870508072 367424618496 549156207218 549156207265 549156207265 549156208609 0
T 8562.83
P 17566 13161 20010056 appspawn-x
17566 (com.a2hlab.brid) S 13161 0 0 0 -1 4194624 73113 0 9 0 291 209 0 0 0 -20 72 0 855078 8062689280 108266 18446744073709551615 366870431252 366870496976 549156205216 0 0 0 4612 0 1619039482 0 0 0 17 7 0 0 0 0 0 366870507912 366870508072 367424618496 549156207218 549156207265 549156207265 549156208609 0
T 8563.00
P 17566 13161 20010056 appspawn-x
17566 (com.a2hlab.brid) S 13161 0 0 0 -1 4194624 73155 0 9 0 293 210 0 0 0 -20 72 0 855078 8062689280 108332 18446744073709551615 366870431252 366870496976 549156205216 0 0 0 4612 0 1619039482 0 0 0 17 7 0 0 0 0 0 366870507912 366870508072 367424618496 549156207218 549156207265 549156207265 549156208609 0
T 8563.18
P 17566 13161 20010056 appspawn-x
17566 (com.a2hlab.brid) S 13161 0 0 0 -1 4194624 73209 0 9 0 296 212 0 0 0 -20 72 0 855078 8062689280 108396 18446744073709551615 366870431252 366870496976 549156205216 0 0 0 4612 0 1619039482 0 0 0 17 7 0 0 0 0 0 366870507912 366870508072 367424618496 549156207218 549156207265 549156207265 549156208609 0
T 8563.38
P 17566 13161 20010056 appspawn-x
17566 (com.a2hlab.brid) S 13161 0 0 0 -1 4194624 73257 0 9 0 298 215 0 0 0 -20 72 0 855078 8062689280 109420 18446744073709551615 366870431252 366870496976 549156205216 0 0 0 4612 0 1619039482 0 0 0 17 7 0 0 0 0 0 366870507912 366870508072 367424618496 549156207218 549156207265 549156207265 549156208609 0
T 8563.56
P 17566 13161 20010056 appspawn-x
17566 (com.a2hlab.brid) S 13161 0 0 0 -1 4194624 73305 0 9 0 300 216 0 0 0 -20 72 0 855078 8062689280 108974 18446744073709551615 366870431252 366870496976 549156205216 0 0 0 4612 0 1619039482 0 0 0 17 7 0 0 0 0 0 366870507912 366870508072 367424618496 549156207218 549156207265 549156207265 549156208609 0
T 8563.76
P 17566 13161 20010056 appspawn-x
17566 (com.a2hlab.brid) S 13161 0 0 0 -1 4194624 73346 0 9 0 302 219 0 0 0 -20 72 0 855078 8062689280 108462 18446744073709551615 366870431252 366870496976 549156205216 0 0 0 4612 0 1619039482 0 0 0 17 7 0 0 0 0 0 366870507912 366870508072 367424618496 549156207218 549156207265 549156207265 549156208609 0
T 8563.94
P 17566 13161 20010056 appspawn-x
17566 (com.a2hlab.brid) S 13161 0 0 0 -1 4194624 73385 0 9 0 304 220 0 0 0 -20 72 0 855078 8062689280 108528 18446744073709551615 366870431252 366870496976 549156205216 0 0 0 4612 0 1619039482 0 0 0 17 7 0 0 0 0 0 366870507912 366870508072 367424618496 549156207218 549156207265 549156207265 549156208609 0
T 8564.10
P 17566 13161 20010056 appspawn-x
17566 (com.a2hlab.brid) S 13161 0 0 0 -1 4194624 73425 0 9 0 306 221 0 0 0 -20 72 0 855078 8062689280 108528 18446744073709551615 366870431252 366870496976 549156205216 0 0 0 4612 0 1619039482 0 0 0 17 7 0 0 0 0 0 366870507912 366870508072 367424618496 549156207218 549156207265 549156207265 549156208609 0
T 8564.28
P 17566 13161 20010056 appspawn-x
17566 (com.a2hlab.brid) S 13161 0 0 0 -1 4194624 73474 0 9 0 309 223 0 0 0 -20 72 0 855078 8062689280 108594 18446744073709551615 366870431252 366870496976 549156205216 0 0 0 4612 0 1619039482 0 0 0 17 7 0 0 0 0 0 366870507912 366870508072 367424618496 549156207218 549156207265 549156207265 549156208609 0
T 8564.48
P 17566 13161 20010056 appspawn-x
17566 (com.a2hlab.brid) S 13161 0 0 0 -1 4194624 73522 0 9 0 312 224 0 0 0 -20 72 0 855078 8062689280 109684 18446744073709551615 366870431252 366870496976 549156205216 0 0 0 4612 0 1619039482 0 0 0 17 7 0 0 0 0 0 366870507912 366870508072 367424618496 549156207218 549156207265 549156207265 549156208609 0
T 8564.66
P 17566 13161 20010056 appspawn-x
17566 (com.a2hlab.brid) S 13161 0 0 0 -1 4194624 73563 0 9 0 313 227 0 0 0 -20 72 0 855078 8062689280 108660 18446744073709551615 366870431252 366870496976 549156205216 0 0 0 4612 0 1619039482 0 0 0 17 7 0 0 0 0 0 366870507912 366870508072 367424618496 549156207218 549156207265 549156207265 549156208609 0
T 8564.86
P 17566 13161 20010056 appspawn-x
17566 (com.a2hlab.brid) S 13161 0 0 0 -1 4194624 73610 0 9 0 316 228 0 0 0 -20 72 0 855078 8062689280 108726 18446744073709551615 366870431252 366870496976 549156205216 0 0 0 4612 0 1619039482 0 0 0 17 7 0 0 0 0 0 366870507912 366870508072 367424618496 549156207218 549156207265 549156207265 549156208609 0
T 8565.02
P 17566 13161 20010056 appspawn-x
17566 (com.a2hlab.brid) S 13161 0 0 0 -1 4194624 73643 0 9 0 317 231 0 0 0 -20 72 0 855078 8062689280 108726 18446744073709551615 366870431252 366870496976 549156205216 0 0 0 4612 0 1619039482 0 0 0 17 7 0 0 0 0 0 366870507912 366870508072 367424618496 549156207218 549156207265 549156207265 549156208609 0
T 8565.18
P 17566 13161 20010056 appspawn-x
17566 (com.a2hlab.brid) S 13161 0 0 0 -1 4194624 73683 0 9 0 319 232 0 0 0 -20 72 0 855078 8062689280 108792 18446744073709551615 366870431252 366870496976 549156205216 0 0 0 4612 0 1619039482 0 0 0 17 7 0 0 0 0 0 366870507912 366870508072 367424618496 549156207218 549156207265 549156207265 549156208609 0
T 8565.34
P 17566 13161 20010056 appspawn-x
17566 (com.a2hlab.brid) S 13161 0 0 0 -1 4194624 73731 0 9 0 322 234 0 0 0 -20 72 0 855078 8062689280 108792 18446744073709551615 366870431252 366870496976 549156205216 0 0 0 4612 0 1619039482 0 0 0 17 7 0 0 0 0 0 366870507912 366870508072 367424618496 549156207218 549156207265 549156207265 549156208609 0
T 8565.54
P 17566 13161 20010056 appspawn-x
17566 (com.a2hlab.brid) S 13161 0 0 0 -1 4194624 73736 0 9 0 323 236 0 0 0 -20 72 0 855078 8062689280 109304 18446744073709551615 366870431252 366870496976 549156205216 0 0 0 4612 0 1619039482 0 0 0 17 7 0 0 0 0 0 366870507912 366870508072 367424618496 549156207218 549156207265 549156207265 549156208609 0
T 8565.70
P 17566 13161 20010056 appspawn-x
17566 (com.a2hlab.brid) S 13161 0 0 0 -1 4194624 73742 0 9 0 325 238 0 0 0 -20 72 0 855078 8062689280 108792 18446744073709551615 366870431252 366870496976 549156205216 0 0 0 4612 0 1619039482 0 0 0 17 7 0 0 0 0 0 366870507912 366870508072 367424618496 549156207218 549156207265 549156207265 549156208609 0
T 8565.88
P 17566 13161 20010056 appspawn-x
17566 (com.a2hlab.brid) S 13161 0 0 0 -1 4194624 73749 0 9 0 328 239 0 0 0 -20 72 0 855078 8062689280 108792 18446744073709551615 366870431252 366870496976 549156205216 0 0 0 4612 0 1619039482 0 0 0 17 7 0 0 0 0 0 366870507912 366870508072 367424618496 549156207218 549156207265 549156207265 549156208609 0
T 8566.08
P 17566 13161 20010056 appspawn-x
17566 (com.a2hlab.brid) S 13161 0 0 0 -1 4194624 73757 0 9 0 330 241 0 0 0 -20 72 0 855078 8071303168 109304 18446744073709551615 366870431252 366870496976 549156205216 0 0 0 4612 0 1619039482 0 0 0 17 7 0 0 0 0 0 366870507912 366870508072 367424618496 549156207218 549156207265 549156207265 549156208609 0
T 8566.26
P 17566 13161 20010056 appspawn-x
17566 (com.a2hlab.brid) S 13161 0 0 0 -1 4194624 73763 0 9 0 332 243 0 0 0 -20 72 0 855078 8062689280 108792 18446744073709551615 366870431252 366870496976 549156205216 0 0 0 4612 0 1619039482 0 0 0 17 7 0 0 0 0 0 366870507912 366870508072 367424618496 549156207218 549156207265 549156207265 549156208609 0
T 8566.44
P 17566 13161 20010056 appspawn-x
17566 (com.a2hlab.brid) S 13161 0 0 0 -1 4194624 73772 0 9 0 334 245 0 0 0 -20 72 0 855078 8062689280 109816 18446744073709551615 366870431252 366870496976 549156205216 0 0 0 4612 0 1619039482 0 0 0 17 7 0 0 0 0 0 366870507912 366870508072 367424618496 549156207218 549156207265 549156207265 549156208609 0
