T 341.47
T 341.65
T 341.84
P 7660 5944 20010055 appspawn-x
7660 (mple.helloworld) R 5944 0 0 0 -1 4456768 248 0 0 0 2 4 0 0 0 -20 1 0 34186 2197676032 1612 18446744073709551615 367527605780 367527671504 549408800656 0 0 0 0 4096 1073775866 0 0 0 17 7 0 0 0 0 0 367527682440 367527682600 368160632832 549408803421 549408803468 549408803468 549408804833 0
T 342.04
P 7660 5944 20010055 appspawn-x
7660 (mple.helloworld) D 5944 0 0 0 -1 4194624 1037 0 9 0 13 10 0 0 0 -20 1 0 34186 2222010368 4169 18446744073709551615 367527605780 367527671504 549408800656 0 0 0 0 4096 1073775866 1 0 0 17 4 0 0 0 0 0 367527682440 367527682600 368160632832 549408803421 549408803468 549408803468 549408804833 0
T 342.24
P 7660 5944 20010055 appspawn-x
7660 (mple.helloworld) D 5944 0 0 0 -1 4194624 6477 0 82 0 14 22 0 0 0 -20 1 0 34186 2456219648 11844 18446744073709551615 367527605780 367527671504 549408800656 0 0 0 0 4096 1073775866 1 0 0 17 7 0 0 0 0 0 367527682440 367527682600 368160632832 549408803421 549408803468 549408803468 549408804833 0
T 342.40
P 7660 5944 20010055 appspawn-x
7660 (main) R 5944 0 0 0 -1 4456768 12731 0 134 0 17 33 0 0 0 -20 1 0 34186 3341291520 17511 18446744073709551615 367527605780 367527671504 549408800656 0 0 0 4612 0 1073779962 0 0 0 17 7 0 0 0 0 0 367527682440 367527682600 368160632832 549408803421 549408803468 549408803468 549408804833 0
T 342.56
P 7660 5944 20010055 appspawn-x
7660 (main) R 5944 0 0 0 -1 4194624 14775 0 162 0 20 40 0 0 0 -20 10 0 34186 3458371584 22084 18446744073709551615 367527605780 367527671504 549408800656 0 0 0 4612 0 1073779962 0 0 0 17 7 0 0 0 0 0 367527682440 367527682600 368160632832 549408803421 549408803468 549408803468 549408804833 0
T 342.74
P 7660 5944 20010055 appspawn-x
7660 (main) R 5944 0 0 0 -1 4194624 16853 0 162 0 36 43 0 0 0 -20 10 0 34186 3520983040 26604 18446744073709551615 367527605780 367527671504 549408800656 0 0 0 4612 0 1073779962 0 0 0 17 7 0 0 0 0 0 367527682440 367527682600 368160632832 549408803421 549408803468 549408803468 549408804833 0
T 342.92
P 7660 5944 20010055 appspawn-x
7660 (main) R 5944 0 0 0 -1 4194624 20433 0 205 0 43 51 0 0 0 -20 10 0 34186 3583475712 45755 18446744073709551615 367527605780 367527671504 549408800656 0 0 0 4612 0 1073779962 0 0 0 17 7 0 0 0 0 0 367527682440 367527682600 368160632832 549408803421 549408803468 549408803468 549408804833 0
T 343.10
P 7660 5944 20010055 appspawn-x
7660 (com.example.hel) R 5944 0 0 0 -1 4194624 21912 0 242 0 53 57 0 0 0 -20 12 0 34186 3689541632 52725 18446744073709551615 367527605780 367527671504 549408800656 0 0 0 4612 0 1073779962 0 0 0 17 5 0 0 0 0 0 367527682440 367527682600 368160632832 549408803421 549408803468 549408803468 549408804833 0
T 343.28
P 7660 5944 20010055 appspawn-x
7660 (com.example.hel) R 5944 0 0 0 -1 4194624 31967 0 242 0 66 62 0 0 0 -20 12 0 34186 3726766080 61798 18446744073709551615 367527605780 367527671504 549408800656 0 0 0 4612 0 1073779962 0 0 0 17 7 0 0 0 0 0 367527682440 367527682600 368160632832 549408803421 549408803468 549408803468 549408804833 0
T 343.46
P 7660 5944 20010055 appspawn-x
7660 (com.example.hel) R 5944 0 0 0 -1 4194624 38512 0 242 0 79 68 0 0 0 -20 12 0 34186 3747188736 66800 18446744073709551615 367527605780 367527671504 549408800656 0 0 0 4612 0 1073779962 0 0 0 17 7 0 0 0 0 0 367527682440 367527682600 368160632832 549408803421 549408803468 549408803468 549408804833 0
T 343.66
P 7660 5944 20010055 appspawn-x
7660 (com.example.hel) R 5944 0 0 0 -1 4194624 40414 0 254 0 88 78 0 0 0 -20 15 0 34186 3795247104 61893 18446744073709551615 367527605780 367527671504 549408800656 0 0 0 4612 0 1073779962 0 0 0 17 7 0 0 0 0 0 367527682440 367527682600 368160632832 549408803421 549408803468 549408803468 549408804833 0
T 343.86
P 7660 5944 20010055 appspawn-x
7660 (com.example.hel) S 5944 0 0 0 -1 1077936448 41534 0 274 0 97 84 0 0 0 -20 19 0 34186 3831083008 67287 18446744073709551615 367527605780 367527671504 549408800656 0 0 0 4612 0 1073779962 0 0 0 17 5 0 0 0 0 0 367527682440 367527682600 368160632832 549408803421 549408803468 549408803468 549408804833 0
T 344.04
P 7660 5944 20010055 appspawn-x
7660 (com.example.hel) S 5944 0 0 0 -1 1077936448 45858 0 276 0 106 93 0 0 0 -20 33 0 34186 3998707712 74389 18446744073709551615 367527605780 367527671504 549408800656 0 0 0 4612 0 1073779962 0 0 0 17 7 0 0 0 0 0 367527682440 367527682600 368160632832 549408803421 549408803468 549408803468 549408804833 0
T 344.21
P 7660 5944 20010055 appspawn-x
7660 (com.example.hel) S 5944 0 0 0 -1 4194624 45955 0 276 0 108 95 0 0 0 -20 33 0 34186 4035973120 74496 18446744073709551615 367527605780 367527671504 549408800656 0 0 0 4612 0 1073779962 0 0 0 17 4 0 0 0 0 0 367527682440 367527682600 368160632832 549408803421 549408803468 549408803468 549408804833 0
T 344.37
P 7660 5944 20010055 appspawn-x
7660 (com.example.hel) S 5944 0 0 0 -1 4194624 45965 0 276 0 108 95 0 0 0 -20 33 0 34186 4035973120 74496 18446744073709551615 367527605780 367527671504 549408800656 0 0 0 4612 0 1073779962 0 0 0 17 7 0 0 0 0 0 367527682440 367527682600 368160632832 549408803421 549408803468 549408803468 549408804833 0
T 344.53
P 7660 5944 20010055 appspawn-x
7660 (com.example.hel) S 5944 0 0 0 -1 4194624 45965 0 276 0 108 95 0 0 0 -20 33 0 34186 4035444736 74429 18446744073709551615 367527605780 367527671504 549408800656 0 0 0 4612 0 1073779962 0 0 0 17 7 0 0 0 0 0 367527682440 367527682600 368160632832 549408803421 549408803468 549408803468 549408804833 0
T 344.68
P 7660 5944 20010055 appspawn-x
7660 (com.example.hel) S 5944 0 0 0 -1 4194624 45965 0 276 0 108 95 0 0 0 -20 33 0 34186 4035006464 74330 18446744073709551615 367527605780 367527671504 549408800656 0 0 0 4612 0 1073779962 0 0 0 17 7 0 0 0 0 0 367527682440 367527682600 368160632832 549408803421 549408803468 549408803468 549408804833 0
T 344.88
P 7660 5944 20010055 appspawn-x
7660 (com.example.hel) S 5944 0 0 0 -1 4194624 45965 0 276 0 108 95 0 0 0 -20 33 0 34186 4034727936 74322 18446744073709551615 367527605780 367527671504 549408800656 0 0 0 4612 0 1073779962 0 0 0 17 7 0 0 0 0 0 367527682440 367527682600 368160632832 549408803421 549408803468 549408803468 549408804833 0
T 345.08
P 7660 5944 20010055 appspawn-x
7660 (com.example.hel) S 5944 0 0 0 -1 4194624 45965 0 276 0 108 96 0 0 0 -20 33 0 34186 4034719744 74322 18446744073709551615 367527605780 367527671504 549408800656 0 0 0 4612 0 1073779962 0 0 0 17 7 0 0 0 0 0 367527682440 367527682600 368160632832 549408803421 549408803468 549408803468 549408804833 0
T 345.26
P 7660 5944 20010055 appspawn-x
7660 (com.example.hel) S 5944 0 0 0 -1 4194624 45972 0 276 0 108 96 0 0 0 -20 33 0 34186 4034719744 74322 18446744073709551615 367527605780 367527671504 549408800656 0 0 0 4612 0 1073779962 0 0 0 17 7 0 0 0 0 0 367527682440 367527682600 368160632832 549408803421 549408803468 549408803468 549408804833 0
T 345.45
P 7660 5944 20010055 appspawn-x
7660 (com.example.hel) S 5944 0 0 0 -1 4194624 45972 0 276 0 108 96 0 0 0 -20 33 0 34186 4034719744 74322 18446744073709551615 367527605780 367527671504 549408800656 0 0 0 4612 0 1073779962 0 0 0 17 7 0 0 0 0 0 367527682440 367527682600 368160632832 549408803421 549408803468 549408803468 549408804833 0
T 345.64
P 7660 5944 20010055 appspawn-x
7660 (com.example.hel) S 5944 0 0 0 -1 4194624 45973 0 276 0 108 96 0 0 0 -20 33 0 34186 4034719744 74322 18446744073709551615 367527605780 367527671504 549408800656 0 0 0 4612 0 1073779962 0 0 0 17 7 0 0 0 0 0 367527682440 367527682600 368160632832 549408803421 549408803468 549408803468 549408804833 0
T 345.82
P 7660 5944 20010055 appspawn-x
7660 (com.example.hel) S 5944 0 0 0 -1 4194624 45973 0 276 0 108 96 0 0 0 -20 33 0 34186 4034719744 74322 18446744073709551615 367527605780 367527671504 549408800656 0 0 0 4612 0 1073779962 0 0 0 17 7 0 0 0 0 0 367527682440 367527682600 368160632832 549408803421 549408803468 549408803468 549408804833 0
T 346.00
P 7660 5944 20010055 appspawn-x
7660 (com.example.hel) S 5944 0 0 0 -1 4194624 45973 0 276 0 108 96 0 0 0 -20 33 0 34186 4034719744 74322 18446744073709551615 367527605780 367527671504 549408800656 0 0 0 4612 0 1073779962 0 0 0 17 7 0 0 0 0 0 367527682440 367527682600 368160632832 549408803421 549408803468 549408803468 549408804833 0
T 346.20
P 7660 5944 20010055 appspawn-x
7660 (com.example.hel) S 5944 0 0 0 -1 4194624 45973 0 276 0 108 96 0 0 0 -20 33 0 34186 4034719744 74322 18446744073709551615 367527605780 367527671504 549408800656 0 0 0 4612 0 1073779962 0 0 0 17 7 0 0 0 0 0 367527682440 367527682600 368160632832 549408803421 549408803468 549408803468 549408804833 0
T 346.38
P 7660 5944 20010055 appspawn-x
7660 (com.example.hel) S 5944 0 0 0 -1 4194624 45973 0 276 0 108 96 0 0 0 -20 33 0 34186 4034719744 74322 18446744073709551615 367527605780 367527671504 549408800656 0 0 0 4612 0 1073779962 0 0 0 17 7 0 0 0 0 0 367527682440 367527682600 368160632832 549408803421 549408803468 549408803468 549408804833 0
T 346.58
P 7660 5944 20010055 appspawn-x
7660 (com.example.hel) S 5944 0 0 0 -1 4194624 45973 0 276 0 108 96 0 0 0 -20 33 0 34186 4034719744 74322 18446744073709551615 367527605780 367527671504 549408800656 0 0 0 4612 0 1073779962 0 0 0 17 7 0 0 0 0 0 367527682440 367527682600 368160632832 549408803421 549408803468 549408803468 549408804833 0
T 346.76
P 7660 5944 20010055 appspawn-x
7660 (com.example.hel) S 5944 0 0 0 -1 4194624 45976 0 276 0 108 96 0 0 0 -20 33 0 34186 4034719744 74322 18446744073709551615 367527605780 367527671504 549408800656 0 0 0 4612 0 1073779962 0 0 0 17 7 0 0 0 0 0 367527682440 367527682600 368160632832 549408803421 549408803468 549408803468 549408804833 0
T 346.95
P 7660 5944 20010055 appspawn-x
7660 (com.example.hel) S 5944 0 0 0 -1 4194624 45976 0 276 0 108 96 0 0 0 -20 33 0 34186 4034719744 74322 18446744073709551615 367527605780 367527671504 549408800656 0 0 0 4612 0 1073779962 0 0 0 17 7 0 0 0 0 0 367527682440 367527682600 368160632832 549408803421 549408803468 549408803468 549408804833 0
T 347.10
P 7660 5944 20010055 appspawn-x
7660 (com.example.hel) S 5944 0 0 0 -1 4194624 45976 0 276 0 108 96 0 0 0 -20 33 0 34186 4034719744 74322 18446744073709551615 367527605780 367527671504 549408800656 0 0 0 4612 0 1073779962 0 0 0 17 7 0 0 0 0 0 367527682440 367527682600 368160632832 549408803421 549408803468 549408803468 549408804833 0
T 347.30
P 7660 5944 20010055 appspawn-x
7660 (com.example.hel) S 5944 0 0 0 -1 4194624 45976 0 276 0 108 96 0 0 0 -20 33 0 34186 4034719744 74322 18446744073709551615 367527605780 367527671504 549408800656 0 0 0 4612 0 1073779962 0 0 0 17 7 0 0 0 0 0 367527682440 367527682600 368160632832 549408803421 549408803468 549408803468 549408804833 0
T 347.48
P 7660 5944 20010055 appspawn-x
7660 (com.example.hel) S 5944 0 0 0 -1 4194624 45976 0 276 0 108 96 0 0 0 -20 33 0 34186 4034719744 74322 18446744073709551615 367527605780 367527671504 549408800656 0 0 0 4612 0 1073779962 0 0 0 17 7 0 0 0 0 0 367527682440 367527682600 368160632832 549408803421 549408803468 549408803468 549408804833 0
T 347.68
P 7660 5944 20010055 appspawn-x
7660 (com.example.hel) S 5944 0 0 0 -1 4194624 45976 0 276 0 108 96 0 0 0 -20 33 0 34186 4034719744 74322 18446744073709551615 367527605780 367527671504 549408800656 0 0 0 4612 0 1073779962 0 0 0 17 7 0 0 0 0 0 367527682440 367527682600 368160632832 549408803421 549408803468 549408803468 549408804833 0
T 347.86
P 7660 5944 20010055 appspawn-x
7660 (com.example.hel) S 5944 0 0 0 -1 4194624 45976 0 276 0 108 96 0 0 0 -20 33 0 34186 4034719744 74322 18446744073709551615 367527605780 367527671504 549408800656 0 0 0 4612 0 1073779962 0 0 0 17 7 0 0 0 0 0 367527682440 367527682600 368160632832 549408803421 549408803468 549408803468 549408804833 0
T 348.04
P 7660 5944 20010055 appspawn-x
7660 (com.example.hel) S 5944 0 0 0 -1 4194624 45976 0 276 0 108 96 0 0 0 -20 33 0 34186 4034719744 74322 18446744073709551615 367527605780 367527671504 549408800656 0 0 0 4612 0 1073779962 0 0 0 17 7 0 0 0 0 0 367527682440 367527682600 368160632832 549408803421 549408803468 549408803468 549408804833 0
T 348.27
P 7660 5944 20010055 appspawn-x
7660 (com.example.hel) S 5944 0 0 0 -1 4194624 45976 0 276 0 108 96 0 0 0 -20 33 0 34186 4034719744 74322 18446744073709551615 367527605780 367527671504 549408800656 0 0 0 4612 0 1073779962 0 0 0 17 7 0 0 0 0 0 367527682440 367527682600 368160632832 549408803421 549408803468 549408803468 549408804833 0
T 348.46
P 7660 5944 20010055 appspawn-x
7660 (com.example.hel) S 5944 0 0 0 -1 4194624 45976 0 276 0 108 96 0 0 0 -20 33 0 34186 4034719744 74322 18446744073709551615 367527605780 367527671504 549408800656 0 0 0 4612 0 1073779962 0 0 0 17 7 0 0 0 0 0 367527682440 367527682600 368160632832 549408803421 549408803468 549408803468 549408804833 0
T 348.64
P 7660 5944 20010055 appspawn-x
7660 (com.example.hel) S 5944 0 0 0 -1 4194624 45976 0 276 0 108 96 0 0 0 -20 33 0 34186 4034719744 74318 18446744073709551615 367527605780 367527671504 549408800656 0 0 0 4612 0 1073779962 0 0 0 17 7 0 0 0 0 0 367527682440 367527682600 368160632832 549408803421 549408803468 549408803468 549408804833 0
T 348.84
P 7660 5944 20010055 appspawn-x
7660 (com.example.hel) S 5944 0 0 0 -1 4194624 46044 0 276 0 109 96 0 0 0 -20 33 0 34186 4034727936 74278 18446744073709551615 367527605780 367527671504 549408800656 0 0 0 4612 0 1073779962 0 0 0 17 7 0 0 0 0 0 367527682440 367527682600 368160632832 549408803421 549408803468 549408803468 549408804833 0
T 349.02
P 7660 5944 20010055 appspawn-x
7660 (com.example.hel) S 5944 0 0 0 -1 4194624 46044 0 276 0 110 96 0 0 0 -20 33 0 34186 4034727936 74278 18446744073709551615 367527605780 367527671504 549408800656 0 0 0 4612 0 1073779962 0 0 0 17 7 0 0 0 0 0 367527682440 367527682600 368160632832 549408803421 549408803468 549408803468 549408804833 0
T 349.21
P 7660 5944 20010055 appspawn-x
7660 (com.example.hel) S 5944 0 0 0 -1 4194624 46044 0 276 0 110 96 0 0 0 -20 33 0 34186 4034727936 74278 18446744073709551615 367527605780 367527671504 549408800656 0 0 0 4612 0 1073779962 0 0 0 17 7 0 0 0 0 0 367527682440 367527682600 368160632832 549408803421 549408803468 549408803468 549408804833 0
T 349.38
P 7660 5944 20010055 appspawn-x
7660 (com.example.hel) S 5944 0 0 0 -1 4194624 46044 0 276 0 110 96 0 0 0 -20 33 0 34186 4034727936 74278 18446744073709551615 367527605780 367527671504 549408800656 0 0 0 4612 0 1073779962 0 0 0 17 7 0 0 0 0 0 367527682440 367527682600 368160632832 549408803421 549408803468 549408803468 549408804833 0
T 349.57
P 7660 5944 20010055 appspawn-x
7660 (com.example.hel) S 5944 0 0 0 -1 4194624 46044 0 276 0 110 96 0 0 0 -20 33 0 34186 4034727936 74278 18446744073709551615 367527605780 367527671504 549408800656 0 0 0 4612 0 1073779962 0 0 0 17 7 0 0 0 0 0 367527682440 367527682600 368160632832 549408803421 549408803468 549408803468 549408804833 0
T 349.74
P 7660 5944 20010055 appspawn-x
7660 (com.example.hel) S 5944 0 0 0 -1 4194624 46044 0 276 0 110 96 0 0 0 -20 33 0 34186 4034727936 74278 18446744073709551615 367527605780 367527671504 549408800656 0 0 0 4612 0 1073779962 0 0 0 17 7 0 0 0 0 0 367527682440 367527682600 368160632832 549408803421 549408803468 549408803468 549408804833 0
T 349.91
P 7660 5944 20010055 appspawn-x
7660 (com.example.hel) S 5944 0 0 0 -1 4194624 46044 0 276 0 110 96 0 0 0 -20 33 0 34186 4034727936 74278 18446744073709551615 367527605780 367527671504 549408800656 0 0 0 4612 0 1073779962 0 0 0 17 7 0 0 0 0 0 367527682440 367527682600 368160632832 549408803421 549408803468 549408803468 549408804833 0
T 350.10
P 7660 5944 20010055 appspawn-x
7660 (com.example.hel) S 5944 0 0 0 -1 4194624 46044 0 276 0 110 96 0 0 0 -20 33 0 34186 4034727936 74278 18446744073709551615 367527605780 367527671504 549408800656 0 0 0 4612 0 1073779962 0 0 0 17 7 0 0 0 0 0 367527682440 367527682600 368160632832 549408803421 549408803468 549408803468 549408804833 0
T 350.28
P 7660 5944 20010055 appspawn-x
7660 (com.example.hel) S 5944 0 0 0 -1 4194624 46044 0 276 0 110 96 0 0 0 -20 33 0 34186 4034727936 74278 18446744073709551615 367527605780 367527671504 549408800656 0 0 0 4612 0 1073779962 0 0 0 17 7 0 0 0 0 0 367527682440 367527682600 368160632832 549408803421 549408803468 549408803468 549408804833 0
T 350.47
P 7660 5944 20010055 appspawn-x
7660 (com.example.hel) S 5944 0 0 0 -1 4194624 46044 0 276 0 110 96 0 0 0 -20 33 0 34186 4034727936 74278 18446744073709551615 367527605780 367527671504 549408800656 0 0 0 4612 0 1073779962 0 0 0 17 7 0 0 0 0 0 367527682440 367527682600 368160632832 549408803421 549408803468 549408803468 549408804833 0
T 350.66
P 7660 5944 20010055 appspawn-x
7660 (com.example.hel) S 5944 0 0 0 -1 4194624 46044 0 276 0 110 96 0 0 0 -20 33 0 34186 4034727936 74278 18446744073709551615 367527605780 367527671504 549408800656 0 0 0 4612 0 1073779962 0 0 0 17 7 0 0 0 0 0 367527682440 367527682600 368160632832 549408803421 549408803468 549408803468 549408804833 0
T 350.83
P 7660 5944 20010055 appspawn-x
7660 (com.example.hel) S 5944 0 0 0 -1 4194624 46044 0 276 0 110 96 0 0 0 -20 33 0 34186 4034727936 74278 18446744073709551615 367527605780 367527671504 549408800656 0 0 0 4612 0 1073779962 0 0 0 17 7 0 0 0 0 0 367527682440 367527682600 368160632832 549408803421 549408803468 549408803468 549408804833 0
T 351.01
P 7660 5944 20010055 appspawn-x
7660 (com.example.hel) S 5944 0 0 0 -1 4194624 46044 0 276 0 110 96 0 0 0 -20 33 0 34186 4034727936 74278 18446744073709551615 367527605780 367527671504 549408800656 0 0 0 4612 0 1073779962 0 0 0 17 7 0 0 0 0 0 367527682440 367527682600 368160632832 549408803421 549408803468 549408803468 549408804833 0
T 351.20
P 7660 5944 20010055 appspawn-x
7660 (com.example.hel) S 5944 0 0 0 -1 4194624 46044 0 276 0 110 96 0 0 0 -20 33 0 34186 4034727936 74278 18446744073709551615 367527605780 367527671504 549408800656 0 0 0 4612 0 1073779962 0 0 0 17 7 0 0 0 0 0 367527682440 367527682600 368160632832 549408803421 549408803468 549408803468 549408804833 0
T 351.36
P 7660 5944 20010055 appspawn-x
7660 (com.example.hel) S 5944 0 0 0 -1 4194624 46044 0 276 0 110 96 0 0 0 -20 33 0 34186 4034727936 74278 18446744073709551615 367527605780 367527671504 549408800656 0 0 0 4612 0 1073779962 0 0 0 17 7 0 0 0 0 0 367527682440 367527682600 368160632832 549408803421 549408803468 549408803468 549408804833 0
T 351.55
P 7660 5944 20010055 appspawn-x
7660 (com.example.hel) S 5944 0 0 0 -1 4194624 46044 0 276 0 110 96 0 0 0 -20 33 0 34186 4034727936 74278 18446744073709551615 367527605780 367527671504 549408800656 0 0 0 4612 0 1073779962 0 0 0 17 7 0 0 0 0 0 367527682440 367527682600 368160632832 549408803421 549408803468 549408803468 549408804833 0
T 351.73
P 7660 5944 20010055 appspawn-x
7660 (com.example.hel) S 5944 0 0 0 -1 4194624 46044 0 276 0 110 96 0 0 0 -20 33 0 34186 4034727936 74278 18446744073709551615 367527605780 367527671504 549408800656 0 0 0 4612 0 1073779962 0 0 0 17 7 0 0 0 0 0 367527682440 367527682600 368160632832 549408803421 549408803468 549408803468 549408804833 0
T 351.90
P 7660 5944 20010055 appspawn-x
7660 (com.example.hel) S 5944 0 0 0 -1 4194624 46044 0 276 0 110 96 0 0 0 -20 33 0 34186 4034727936 74278 18446744073709551615 367527605780 367527671504 549408800656 0 0 0 4612 0 1073779962 0 0 0 17 7 0 0 0 0 0 367527682440 367527682600 368160632832 549408803421 549408803468 549408803468 549408804833 0
T 352.07
P 7660 5944 20010055 appspawn-x
7660 (com.example.hel) S 5944 0 0 0 -1 4194624 46044 0 276 0 110 96 0 0 0 -20 33 0 34186 4034727936 74278 18446744073709551615 367527605780 367527671504 549408800656 0 0 0 4612 0 1073779962 0 0 0 17 7 0 0 0 0 0 367527682440 367527682600 368160632832 549408803421 549408803468 549408803468 549408804833 0
T 352.25
P 7660 5944 20010055 appspawn-x
7660 (com.example.hel) S 5944 0 0 0 -1 4194624 46044 0 276 0 110 96 0 0 0 -20 33 0 34186 4034727936 74278 18446744073709551615 367527605780 367527671504 549408800656 0 0 0 4612 0 1073779962 0 0 0 17 7 0 0 0 0 0 367527682440 367527682600 368160632832 549408803421 549408803468 549408803468 549408804833 0
T 352.44
P 7660 5944 20010055 appspawn-x
7660 (com.example.hel) S 5944 0 0 0 -1 4194624 46044 0 276 0 110 96 0 0 0 -20 33 0 34186 4034727936 74278 18446744073709551615 367527605780 367527671504 549408800656 0 0 0 4612 0 1073779962 0 0 0 17 7 0 0 0 0 0 367527682440 367527682600 368160632832 549408803421 549408803468 549408803468 549408804833 0
T 352.61
P 7660 5944 20010055 appspawn-x
7660 (com.example.hel) S 5944 0 0 0 -1 4194624 46044 0 276 0 110 96 0 0 0 -20 33 0 34186 4034727936 74278 18446744073709551615 367527605780 367527671504 549408800656 0 0 0 4612 0 1073779962 0 0 0 17 7 0 0 0 0 0 367527682440 367527682600 368160632832 549408803421 549408803468 549408803468 549408804833 0
T 352.78
P 7660 5944 20010055 appspawn-x
7660 (com.example.hel) S 5944 0 0 0 -1 4194624 46044 0 276 0 110 96 0 0 0 -20 33 0 34186 4034727936 74278 18446744073709551615 367527605780 367527671504 549408800656 0 0 0 4612 0 1073779962 0 0 0 17 7 0 0 0 0 0 367527682440 367527682600 368160632832 549408803421 549408803468 549408803468 549408804833 0
T 352.96
P 7660 5944 20010055 appspawn-x
7660 (com.example.hel) S 5944 0 0 0 -1 4194624 46044 0 276 0 110 96 0 0 0 -20 33 0 34186 4034727936 74278 18446744073709551615 367527605780 367527671504 549408800656 0 0 0 4612 0 1073779962 0 0 0 17 7 0 0 0 0 0 367527682440 367527682600 368160632832 549408803421 549408803468 549408803468 549408804833 0
T 353.14
P 7660 5944 20010055 appspawn-x
7660 (com.example.hel) S 5944 0 0 0 -1 4194624 46044 0 276 0 110 96 0 0 0 -20 33 0 34186 4034727936 74278 18446744073709551615 367527605780 367527671504 549408800656 0 0 0 4612 0 1073779962 0 0 0 17 7 0 0 0 0 0 367527682440 367527682600 368160632832 549408803421 549408803468 549408803468 549408804833 0
T 353.31
P 7660 5944 20010055 appspawn-x
7660 (com.example.hel) S 5944 0 0 0 -1 4194624 46044 0 276 0 110 96 0 0 0 -20 33 0 34186 4034727936 74278 18446744073709551615 367527605780 367527671504 549408800656 0 0 0 4612 0 1073779962 0 0 0 17 7 0 0 0 0 0 367527682440 367527682600 368160632832 549408803421 549408803468 549408803468 549408804833 0
T 353.50
P 7660 5944 20010055 appspawn-x
7660 (com.example.hel) S 5944 0 0 0 -1 4194624 46044 0 276 0 110 97 0 0 0 -20 33 0 34186 4034727936 74278 18446744073709551615 367527605780 367527671504 549408800656 0 0 0 4612 0 1073779962 0 0 0 17 7 0 0 0 0 0 367527682440 367527682600 368160632832 549408803421 549408803468 549408803468 549408804833 0
T 353.67
P 7660 5944 20010055 appspawn-x
7660 (com.example.hel) S 5944 0 0 0 -1 4194624 46044 0 276 0 110 97 0 0 0 -20 33 0 34186 4034727936 74278 18446744073709551615 367527605780 367527671504 549408800656 0 0 0 4612 0 1073779962 0 0 0 17 7 0 0 0 0 0 367527682440 367527682600 368160632832 549408803421 549408803468 549408803468 549408804833 0
T 353.84
P 7660 5944 20010055 appspawn-x
7660 (com.example.hel) S 5944 0 0 0 -1 4194624 46044 0 276 0 110 97 0 0 0 -20 33 0 34186 4034727936 74177 18446744073709551615 367527605780 367527671504 549408800656 0 0 0 4612 0 1073779962 0 0 0 17 7 0 0 0 0 0 367527682440 367527682600 368160632832 549408803421 549408803468 549408803468 549408804833 0
T 354.01
P 7660 5944 20010055 appspawn-x
7660 (com.example.hel) S 5944 0 0 0 -1 4194624 46044 0 276 0 110 97 0 0 0 -20 33 0 34186 4034727936 74177 18446744073709551615 367527605780 367527671504 549408800656 0 0 0 4612 0 1073779962 0 0 0 17 7 0 0 0 0 0 367527682440 367527682600 368160632832 549408803421 549408803468 549408803468 549408804833 0
T 354.20
P 7660 5944 20010055 appspawn-x
7660 (com.example.hel) S 5944 0 0 0 -1 4194624 46044 0 276 0 110 97 0 0 0 -20 33 0 34186 4034727936 74177 18446744073709551615 367527605780 367527671504 549408800656 0 0 0 4612 0 1073779962 0 0 0 17 7 0 0 0 0 0 367527682440 367527682600 368160632832 549408803421 549408803468 549408803468 549408804833 0
T 354.37
P 7660 5944 20010055 appspawn-x
7660 (com.example.hel) S 5944 0 0 0 -1 4194624 46044 0 276 0 110 97 0 0 0 -20 33 0 34186 4034727936 74177 18446744073709551615 367527605780 367527671504 549408800656 0 0 0 4612 0 1073779962 0 0 0 17 7 0 0 0 0 0 367527682440 367527682600 368160632832 549408803421 549408803468 549408803468 549408804833 0
T 354.54
P 7660 5944 20010055 appspawn-x
7660 (com.example.hel) S 5944 0 0 0 -1 4194624 46044 0 276 0 110 97 0 0 0 -20 33 0 34186 4034727936 74177 18446744073709551615 367527605780 367527671504 549408800656 0 0 0 4612 0 1073779962 0 0 0 17 7 0 0 0 0 0 367527682440 367527682600 368160632832 549408803421 549408803468 549408803468 549408804833 0
T 354.73
P 7660 5944 20010055 appspawn-x
7660 (com.example.hel) S 5944 0 0 0 -1 4194624 46044 0 276 0 110 97 0 0 0 -20 33 0 34186 4034727936 74177 18446744073709551615 367527605780 367527671504 549408800656 0 0 0 4612 0 1073779962 0 0 0 17 7 0 0 0 0 0 367527682440 367527682600 368160632832 549408803421 549408803468 549408803468 549408804833 0
T 354.92
P 7660 5944 20010055 appspawn-x
7660 (com.example.hel) S 5944 0 0 0 -1 4194624 46044 0 276 0 110 97 0 0 0 -20 33 0 34186 4034727936 74177 18446744073709551615 367527605780 367527671504 549408800656 0 0 0 4612 0 1073779962 0 0 0 17 7 0 0 0 0 0 367527682440 367527682600 368160632832 549408803421 549408803468 549408803468 549408804833 0
T 355.10
P 7660 5944 20010055 appspawn-x
7660 (com.example.hel) S 5944 0 0 0 -1 4194624 46044 0 276 0 110 97 0 0 0 -20 33 0 34186 4034727936 74177 18446744073709551615 367527605780 367527671504 549408800656 0 0 0 4612 0 1073779962 0 0 0 17 7 0 0 0 0 0 367527682440 367527682600 368160632832 549408803421 549408803468 549408803468 549408804833 0
T 355.29
P 7660 5944 20010055 appspawn-x
7660 (com.example.hel) S 5944 0 0 0 -1 4194624 46044 0 276 0 110 97 0 0 0 -20 33 0 34186 4034727936 74177 18446744073709551615 367527605780 367527671504 549408800656 0 0 0 4612 0 1073779962 0 0 0 17 7 0 0 0 0 0 367527682440 367527682600 368160632832 549408803421 549408803468 549408803468 549408804833 0
T 355.48
P 7660 5944 20010055 appspawn-x
7660 (com.example.hel) S 5944 0 0 0 -1 4194624 46044 0 276 0 110 97 0 0 0 -20 33 0 34186 4034727936 74177 18446744073709551615 367527605780 367527671504 549408800656 0 0 0 4612 0 1073779962 0 0 0 17 7 0 0 0 0 0 367527682440 367527682600 368160632832 549408803421 549408803468 549408803468 549408804833 0
T 355.66
P 7660 5944 20010055 appspawn-x
7660 (com.example.hel) S 5944 0 0 0 -1 4194624 46044 0 276 0 110 97 0 0 0 -20 33 0 34186 4034727936 74177 18446744073709551615 367527605780 367527671504 549408800656 0 0 0 4612 0 1073779962 0 0 0 17 7 0 0 0 0 0 367527682440 367527682600 368160632832 549408803421 549408803468 549408803468 549408804833 0
T 355.85
P 7660 5944 20010055 appspawn-x
7660 (com.example.hel) S 5944 0 0 0 -1 4194624 46044 0 276 0 110 97 0 0 0 -20 33 0 34186 4034727936 74177 18446744073709551615 367527605780 367527671504 549408800656 0 0 0 4612 0 1073779962 0 0 0 17 7 0 0 0 0 0 367527682440 367527682600 368160632832 549408803421 549408803468 549408803468 549408804833 0
T 356.04
P 7660 5944 20010055 appspawn-x
7660 (com.example.hel) S 5944 0 0 0 -1 4194624 46044 0 276 0 110 97 0 0 0 -20 33 0 34186 4034727936 74177 18446744073709551615 367527605780 367527671504 549408800656 0 0 0 4612 0 1073779962 0 0 0 17 7 0 0 0 0 0 367527682440 367527682600 368160632832 549408803421 549408803468 549408803468 549408804833 0
T 356.22
P 7660 5944 20010055 appspawn-x
7660 (com.example.hel) S 5944 0 0 0 -1 4194624 46044 0 276 0 110 97 0 0 0 -20 33 0 34186 4034727936 74177 18446744073709551615 367527605780 367527671504 549408800656 0 0 0 4612 0 1073779962 0 0 0 17 7 0 0 0 0 0 367527682440 367527682600 368160632832 549408803421 549408803468 549408803468 549408804833 0
T 356.39
P 7660 5944 20010055 appspawn-x
7660 (com.example.hel) S 5944 0 0 0 -1 4194624 46044 0 276 0 110 97 0 0 0 -20 33 0 34186 4034727936 74177 18446744073709551615 367527605780 367527671504 549408800656 0 0 0 4612 0 1073779962 0 0 0 17 7 0 0 0 0 0 367527682440 367527682600 368160632832 549408803421 549408803468 549408803468 549408804833 0
T 356.58
P 7660 5944 20010055 appspawn-x
7660 (com.example.hel) S 5944 0 0 0 -1 4194624 46044 0 276 0 110 97 0 0 0 -20 33 0 34186 4034727936 74177 18446744073709551615 367527605780 367527671504 549408800656 0 0 0 4612 0 1073779962 0 0 0 17 7 0 0 0 0 0 367527682440 367527682600 368160632832 549408803421 549408803468 549408803468 549408804833 0
T 356.76
P 7660 5944 20010055 appspawn-x
7660 (com.example.hel) S 5944 0 0 0 -1 4194624 46044 0 276 0 110 97 0 0 0 -20 33 0 34186 4034727936 74177 18446744073709551615 367527605780 367527671504 549408800656 0 0 0 4612 0 1073779962 0 0 0 17 7 0 0 0 0 0 367527682440 367527682600 368160632832 549408803421 549408803468 549408803468 549408804833 0
T 356.94
P 7660 5944 20010055 appspawn-x
7660 (com.example.hel) S 5944 0 0 0 -1 4194624 46044 0 276 0 110 97 0 0 0 -20 33 0 34186 4034727936 74177 18446744073709551615 367527605780 367527671504 549408800656 0 0 0 4612 0 1073779962 0 0 0 17 7 0 0 0 0 0 367527682440 367527682600 368160632832 549408803421 549408803468 549408803468 549408804833 0
T 357.12
P 7660 5944 20010055 appspawn-x
7660 (com.example.hel) S 5944 0 0 0 -1 4194624 46044 0 276 0 110 97 0 0 0 -20 33 0 34186 4034727936 74177 18446744073709551615 367527605780 367527671504 549408800656 0 0 0 4612 0 1073779962 0 0 0 17 7 0 0 0 0 0 367527682440 367527682600 368160632832 549408803421 549408803468 549408803468 549408804833 0
T 357.30
P 7660 5944 20010055 appspawn-x
7660 (com.example.hel) S 5944 0 0 0 -1 4194624 46044 0 276 0 110 97 0 0 0 -20 33 0 34186 4034727936 74177 18446744073709551615 367527605780 367527671504 549408800656 0 0 0 4612 0 1073779962 0 0 0 17 7 0 0 0 0 0 367527682440 367527682600 368160632832 549408803421 549408803468 549408803468 549408804833 0
