T 56777.27
T 56777.42
T 56777.60
T 56777.78
T 56777.96
P 25244 24422 20010055 appspawn-x
25244 (mple.helloworld) R 24422 0 0 0 -1 4194624 698 0 0 0 15 5 0 0 0 -20 1 0 5677783 2212102144 3236 18446744073709551615 366919268740 366919336960 549458633104 0 0 0 0 4096 1073775866 0 0 0 17 7 0 0 0 0 0 366919347912 366919348072 367808028672 549458635378 549458635425 549458635425 549458636769 0
T 56778.15
P 25244 24422 20010055 appspawn-x
25244 (main) R 24422 0 0 0 -1 4194624 12974 0 0 0 21 18 0 0 0 -20 10 0 5677783 3354796032 18608 18446744073709551615 366919268740 366919336960 549458633104 0 0 0 4612 0 1073779962 0 0 0 17 7 0 0 0 0 0 366919347912 366919348072 367808028672 549458635378 549458635425 549458635425 549458636769 0
T 56778.34
P 25244 24422 20010055 appspawn-x
25244 (main) R 24422 0 0 0 -1 4194624 16301 0 0 0 30 25 0 0 0 -20 10 0 5677783 3518664704 25456 18446744073709551615 366919268740 366919336960 549458633104 0 0 0 4612 0 1073779962 0 0 0 17 7 0 0 0 0 0 366919347912 366919348072 367808028672 549458635378 549458635425 549458635425 549458636769 0
T 56778.54
P 25244 24422 20010055 appspawn-x
25244 (main) R 24422 0 0 0 -1 4194624 19897 0 0 0 42 30 0 0 0 -20 10 0 5677783 3572359168 42085 18446744073709551615 366919268740 366919336960 549458633104 0 0 0 4612 0 1073779962 0 0 0 17 7 0 0 0 0 0 366919347912 366919348072 367808028672 549458635378 549458635425 549458635425 549458636769 0
T 56778.70
P 25244 24422 20010055 appspawn-x
25244 (main) R 24422 0 0 0 -1 4194624 22066 0 0 0 54 36 0 0 0 -20 10 0 5677783 3672510464 51004 18446744073709551615 366919268740 366919336960 549458633104 0 0 0 4612 0 1073779962 0 0 0 17 7 0 0 0 0 0 366919347912 366919348072 367808028672 549458635378 549458635425 549458635425 549458636769 0
T 56778.88
P 25244 24422 20010055 appspawn-x
25244 (com.example.hel) R 24422 0 0 0 -1 4194624 31162 0 0 0 66 42 0 0 0 -20 12 0 5677783 3722760192 60019 18446744073709551615 366919268740 366919336960 549458633104 0 0 0 4612 0 1073779962 0 0 0 17 7 0 0 0 0 0 366919347912 366919348072 367808028672 549458635378 549458635425 549458635425 549458636769 0
T 56779.08
P 25244 24422 20010055 appspawn-x
25244 (com.example.hel) R 24422 0 0 0 -1 4194624 38314 0 0 0 80 47 0 0 0 -20 12 0 5677783 3745734656 65661 18446744073709551615 366919268740 366919336960 549458633104 0 0 0 4612 0 1073779962 0 0 0 17 7 0 0 0 0 0 366919347912 366919348072 367808028672 549458635378 549458635425 549458635425 549458636769 0
T 56779.26
P 25244 24422 20010055 [com.example.hel]
T 56779.46
T 56779.63
T 56779.81
T 56779.98
T 56780.16
T 56780.32
T 56780.51
T 56780.70
T 56780.86
T 56781.04
T 56781.21
T 56781.39
T 56781.57
T 56781.76
T 56781.94
T 56782.12
T 56782.30
T 56782.47
T 56782.66
T 56782.81
T 56782.98
T 56783.17
T 56783.36
T 56783.53
T 56783.69
T 56783.87
T 56784.07
T 56784.23
T 56784.41
T 56784.57
T 56784.74
T 56784.92
T 56785.09
T 56785.25
T 56785.44
T 56785.60
T 56785.79
T 56785.95
T 56786.14
T 56786.29
T 56786.45
T 56786.60
T 56786.79
T 56786.97
T 56787.16
T 56787.34
T 56787.52
T 56787.70
T 56787.87
T 56788.03
T 56788.20
T 56788.38
T 56788.58
T 56788.73
T 56788.89
T 56789.06
T 56789.23
T 56789.40
T 56789.57
T 56789.76
T 56789.91
T 56790.07
T 56790.22
T 56790.38
T 56790.53
T 56790.72
T 56790.87
T 56791.05
T 56791.23
T 56791.42
T 56791.59
T 56791.75
T 56791.94
T 56792.12
T 56792.30
T 56792.47
T 56792.66
T 56792.83
T 56793.02
T 56793.20
