T 3680.16
T 3680.33
T 3680.51
T 3680.69
T 3680.86
P 26935 25303 20010055 appspawn-x
26935 (mple.helloworld) R 25303 0 0 0 -1 4194624 6097 0 0 0 14 8 0 0 0 -20 1 0 368073 2454024192 10973 18446744073709551615 366975510292 366975576960 548775429200 0 0 0 0 4096 1073775866 0 0 0 17 7 0 0 0 0 0 366975587896 366975588056 367978643456 548775430770 548775430817 548775430817 548775432161 0
T 3681.08
P 26935 25303 20010055 appspawn-x
26935 (main) R 25303 0 0 0 -1 4194624 13531 0 33 0 18 18 0 0 0 -20 7 0 368073 3365756928 20074 18446744073709551615 366975510292 366975576960 548775429200 0 0 0 4612 0 1073779962 0 0 0 17 5 0 0 0 0 0 366975587896 366975588056 367978643456 548775430770 548775430817 548775430817 548775432161 0
T 3681.25
P 26935 25303 20010055 appspawn-x
26935 (main) R 25303 0 0 0 -1 4194624 15989 0 33 0 22 26 0 0 0 -20 10 0 368073 3532861440 25912 18446744073709551615 366975510292 366975576960 548775429200 0 0 0 4612 0 1073779962 0 0 0 17 7 0 0 0 0 0 366975587896 366975588056 367978643456 548775430770 548775430817 548775430817 548775432161 0
T 3681.40
P 26935 25303 20010055 appspawn-x
26935 (main) R 25303 0 0 0 -1 4194624 17239 0 33 0 36 28 0 0 0 -20 10 0 368073 3532865536 27949 18446744073709551615 366975510292 366975576960 548775429200 0 0 0 4612 0 1073779962 0 0 0 17 7 0 0 0 0 0 366975587896 366975588056 367978643456 548775430770 548775430817 548775430817 548775432161 0
T 3681.56
P 26935 25303 20010055 appspawn-x
26935 (main) R 25303 0 0 0 -1 4194624 20888 0 33 0 45 34 0 0 0 -20 10 0 368073 3595153408 48251 18446744073709551615 366975510292 366975576960 548775429200 0 0 0 4612 0 1073779962 0 0 0 17 7 0 0 0 0 0 366975587896 366975588056 367978643456 548775430770 548775430817 548775430817 548775432161 0
T 3681.72
P 26935 25303 20010055 appspawn-x
26935 (main) t 25303 0 0 0 -1 1077936448 21756 0 33 0 47 38 0 0 0 -20 10 0 368073 3681787904 51898 18446744073709551615 366975510292 366975576960 548775429200 0 0 0 2147221247 0 1073779962 0 0 0 17 1 0 0 0 0 0 366975587896 366975588056 367978643456 548775430770 548775430817 548775430817 548775432161 0
P 26973 26935 20010055 appspawn-x
26973 (main) R 26935 0 0 0 -1 4194372 20 0 0 0 0 2 0 0 0 -20 1 0 368166 0 0 18446744073709551615 0 0 0 0 0 0 2147213055 0 1073779962 0 0 0 17 4 0 0 0 0 0 0 0 0 0 0 0 0 0
P 26974 26973 20010055 processdump
26974 (processdump) R 26973 26974 26974 0 -1 1077936128 1196 0 2 0 2 4 0 0 0 -20 1 0 368169 2184290304 3614 18446744073709551615 366581763228 366581990368 549456847968 0 0 0 2147211927 65536 1073775866 1 0 0 17 7 0 0 0 0 0 366582006704 366582006752 367155568640 549456848842 549456848869 549456848869 549456850912 0
T 3681.87
P 26935 25303 20010055 appspawn-x
26935 (main) t 25303 0 0 0 -1 1077936448 21757 20 33 0 47 39 0 3 0 -20 10 0 368073 3681787904 51898 18446744073709551615 366975510292 366975576960 548775429200 0 0 0 2147221247 0 1073779962 0 0 0 17 7 0 0 0 0 0 366975587896 366975588056 367978643456 548775430770 548775430817 548775430817 548775432161 0
P 26974 1 20010055 processdump
26974 (processdump) R 1 26974 26974 0 -1 4194304 2311 0 2 0 3 16 0 0 0 -20 1 0 368169 2217795584 4703 18446744073709551615 366581763228 366581990368 549456847968 0 0 0 2147211927 65536 1073775866 0 0 0 17 7 0 0 0 0 0 366582006704 366582006752 367155568640 549456848842 549456848869 549456848869 549456850912 0
P 26981 26935 20010055 [main]
26981 (main) Z 26935 0 0 0 -1 4227140 10 0 0 0 0 3 0 0 0 -20 1 0 368179 0 0 18446744073709551615 0 0 0 0 0 0 2147221247 0 1073779962 1 0 0 17 4 0 0 0 0 0 0 0 0 0 0 0 0 0
P 26982 1 20010055 appspawn-x
26982 (main) t 1 0 0 0 -1 1077936192 0 0 0 0 0 0 0 0 0 -20 1 0 368182 3681787904 15150 18446744073709551615 366975510292 366975576960 548775429200 0 0 0 2147221247 0 1073779962 1 0 0 17 4 0 0 0 0 0 366975587896 366975588056 367978643456 548775430770 548775430817 548775430817 548775432161 0
T 3682.03
P 26935 25303 20010055 [main]
T 3682.20
T 3682.37
T 3682.53
T 3682.69
T 3682.86
T 3683.01
T 3683.16
T 3683.32
T 3683.47
T 3683.63
T 3683.82
T 3684.01
T 3684.20
T 3684.39
T 3684.58
T 3684.74
T 3684.93
T 3685.11
T 3685.27
T 3685.45
T 3685.64
T 3685.82
T 3686.00
T 3686.18
T 3686.35
T 3686.53
T 3686.72
T 3686.89
T 3687.05
T 3687.22
T 3687.41
T 3687.58
T 3687.77
T 3687.93
T 3688.12
T 3688.30
T 3688.49
T 3688.67
T 3688.85
T 3689.03
T 3689.22
T 3689.40
T 3689.58
T 3689.73
T 3689.88
T 3690.07
T 3690.25
T 3690.44
T 3690.62
T 3690.80
T 3690.96
T 3691.14
T 3691.31
T 3691.50
T 3691.68
T 3691.86
T 3692.03
T 3692.21
T 3692.39
T 3692.58
T 3692.77
T 3692.94
T 3693.12
T 3693.30
T 3693.48
T 3693.65
T 3693.84
T 3694.01
T 3694.20
T 3694.38
T 3694.56
T 3694.73
T 3694.92
T 3695.10
T 3695.28
T 3695.46
T 3695.63
T 3695.82
T 3696.01
T 3696.20
