T 2390.40
T 2390.60
T 2390.77
T 2390.92
P 15430 9337 20010056 appspawn-x
15430 (b.bridge.zigzag) R 9337 0 0 0 -1 4194624 1516 0 0 0 15 6 0 0 0 -20 1 0 239079 2454024192 4662 18446744073709551615 367520839444 367520906112 548860715248 0 0 0 0 4096 1073775866 0 0 0 17 4 0 0 0 0 0 367520917048 367520917208 367858716672 548860717661 548860717708 548860717708 548860719073 0
T 2391.13
P 15430 9337 20010056 appspawn-x
15430 (main) R 9337 0 0 0 -1 4194624 13076 0 0 0 19 21 0 0 0 -20 10 0 239079 3355017216 18823 18446744073709551615 367520839444 367520906112 548860715248 0 0 0 4612 0 1073779962 0 0 0 17 4 0 0 0 0 0 367520917048 367520917208 367858716672 548860717661 548860717708 548860717708 548860719073 0
T 2391.32
P 15430 9337 20010056 appspawn-x
15430 (main) R 9337 0 0 0 -1 4194624 15782 0 0 0 25 29 0 0 0 -20 10 0 239079 3518767104 24895 18446744073709551615 367520839444 367520906112 548860715248 0 0 0 4612 0 1073779962 0 0 0 17 6 0 0 0 0 0 367520917048 367520917208 367858716672 548860717661 548860717708 548860717708 548860719073 0
T 2391.50
P 15430 9337 20010056 appspawn-x
15430 (main) R 9337 0 0 0 -1 4194624 16929 0 0 0 39 31 0 0 0 -20 10 0 239079 3518779392 26285 18446744073709551615 367520839444 367520906112 548860715248 0 0 0 4612 0 1073779962 0 0 0 17 7 0 0 0 0 0 367520917048 367520917208 367858716672 548860717661 548860717708 548860717708 548860719073 0
T 2391.66
P 15430 9337 20010056 appspawn-x
15430 (main) R 9337 0 0 0 -1 4194624 20665 0 0 0 48 37 0 0 0 -20 10 0 239079 3581997056 46013 18446744073709551615 367520839444 367520906112 548860715248 0 0 0 4612 0 1073779962 0 0 0 17 7 0 0 0 0 0 367520917048 367520917208 367858716672 548860717661 548860717708 548860717708 548860719073 0
T 2391.82
P 15430 9337 20010056 appspawn-x
15430 (com.a2hlab.brid) R 9337 0 0 0 -1 4194624 24929 0 0 0 57 43 0 0 0 -20 12 0 239079 3695296512 54179 18446744073709551615 367520839444 367520906112 548860715248 0 0 0 4612 0 1073779962 0 0 0 17 7 0 0 0 0 0 367520917048 367520917208 367858716672 548860717661 548860717708 548860717708 548860719073 0
T 2391.97
P 15430 9337 20010056 appspawn-x
15430 (com.a2hlab.brid) R 9337 0 0 0 -1 4194624 32104 0 0 0 66 49 0 0 0 -20 12 0 239079 3724673024 61372 18446744073709551615 367520839444 367520906112 548860715248 0 0 0 4612 0 1073779962 0 0 0 17 7 0 0 0 0 0 367520917048 367520917208 367858716672 548860717661 548860717708 548860717708 548860719073 0
T 2392.13
P 15430 9337 20010056 appspawn-x
15430 (com.a2hlab.brid) R 9337 0 0 0 -1 4194624 37761 0 0 0 78 54 0 0 0 -20 12 0 239079 3741519872 65447 18446744073709551615 367520839444 367520906112 548860715248 0 0 0 4612 0 1073779962 0 0 0 17 7 0 0 0 0 0 367520917048 367520917208 367858716672 548860717661 548860717708 548860717708 548860719073 0
T 2392.29
P 15430 9337 20010056 appspawn-x
15430 (<pre-initialize) R 9337 0 0 0 -1 4194624 39620 0 0 0 87 61 0 0 0 -20 13 0 239079 3723321344 58702 18446744073709551615 367520839444 367520906112 548860715248 0 0 0 4612 0 1073779962 0 0 0 17 7 0 0 0 0 0 367520917048 367520917208 367858716672 548860717661 548860717708 548860717708 548860719073 0
T 2392.46
P 15430 9337 20010056 appspawn-x
15430 (com.a2hlab.brid) S 9337 0 0 0 -1 1077936448 42665 0 0 0 98 67 0 0 0 -20 14 0 239079 4114235392 68399 18446744073709551615 367520839444 367520906112 548860715248 0 0 0 4612 0 1073779962 0 0 0 17 7 0 0 0 0 0 367520917048 367520917208 367858716672 548860717661 548860717708 548860717708 548860719073 0
T 2392.62
P 15430 9337 20010056 appspawn-x
15430 (com.a2hlab.brid) S 9337 0 0 0 -1 1077936448 44360 0 0 0 101 75 0 0 0 -20 31 0 239079 4259622912 72614 18446744073709551615 367520839444 367520906112 548860715248 0 0 0 4612 0 1073779962 0 0 0 17 7 0 0 0 0 0 367520917048 367520917208 367858716672 548860717661 548860717708 548860717708 548860719073 0
T 2392.80
P 15430 9337 20010056 appspawn-x
15430 (com.a2hlab.brid) S 9337 0 0 0 -1 4194624 47989 0 0 0 112 79 0 0 0 -20 39 0 239079 6511919104 77583 18446744073709551615 367520839444 367520906112 548860715248 0 0 0 4612 0 1073779962 0 0 0 17 6 0 0 0 0 0 367520917048 367520917208 367858716672 548860717661 548860717708 548860717708 548860719073 0
T 2392.97
P 15430 9337 20010056 appspawn-x
15430 (com.a2hlab.brid) S 9337 0 0 0 -1 4194624 48008 0 0 0 127 79 0 0 0 -20 39 0 239079 6511919104 77583 18446744073709551615 367520839444 367520906112 548860715248 0 0 0 4612 0 1073779962 0 0 0 17 6 0 0 0 0 0 367520917048 367520917208 367858716672 548860717661 548860717708 548860717708 548860719073 0
T 2393.14
P 15430 9337 20010056 appspawn-x
15430 (com.a2hlab.brid) S 9337 0 0 0 -1 4194624 51675 0 0 0 140 86 0 0 0 -20 41 0 239079 6552125440 82387 18446744073709551615 367520839444 367520906112 548860715248 0 0 0 4612 0 1619039482 0 0 0 17 2 0 0 0 0 0 367520917048 367520917208 367858716672 548860717661 548860717708 548860717708 548860719073 0
T 2393.32
P 15430 9337 20010056 appspawn-x
15430 (com.a2hlab.brid) S 9337 0 0 0 -1 4194624 55408 0 0 0 145 91 0 0 0 -20 63 0 239079 7007518720 85476 18446744073709551615 367520839444 367520906112 548860715248 0 0 0 4612 0 1619039482 0 0 0 17 5 0 0 0 0 0 367520917048 367520917208 367858716672 548860717661 548860717708 548860717708 548860719073 0
T 2393.48
P 15430 9337 20010056 appspawn-x
15430 (com.a2hlab.brid) S 9337 0 0 0 -1 4194624 60757 0 0 0 154 98 0 0 0 -20 67 0 239079 7612178432 96469 18446744073709551615 367520839444 367520906112 548860715248 0 0 0 4612 0 1619039482 0 0 0 17 5 0 0 0 0 0 367520917048 367520917208 367858716672 548860717661 548860717708 548860717708 548860719073 0
T 2393.65
P 15430 9337 20010056 appspawn-x
15430 (com.a2hlab.brid) S 9337 0 0 0 -1 4194624 63626 0 0 0 168 106 0 0 0 -20 68 0 239079 7964528640 100525 18446744073709551615 367520839444 367520906112 548860715248 0 0 0 4612 0 1619039482 0 0 0 17 5 0 0 0 0 0 367520917048 367520917208 367858716672 548860717661 548860717708 548860717708 548860719073 0
T 2393.84
P 15430 9337 20010056 appspawn-x
15430 (com.a2hlab.brid) S 9337 0 0 0 -1 4194624 64091 0 0 0 171 108 0 0 0 -20 68 0 239079 7967006720 101280 18446744073709551615 367520839444 367520906112 548860715248 0 0 0 4612 0 1619039482 0 0 0 17 5 0 0 0 0 0 367520917048 367520917208 367858716672 548860717661 548860717708 548860717708 548860719073 0
T 2394.00
P 15430 9337 20010056 appspawn-x
15430 (com.a2hlab.brid) S 9337 0 0 0 -1 4194624 64216 0 0 0 173 109 0 0 0 -20 68 0 239079 7967006720 101351 18446744073709551615 367520839444 367520906112 548860715248 0 0 0 4612 0 1619039482 0 0 0 17 7 0 0 0 0 0 367520917048 367520917208 367858716672 548860717661 548860717708 548860717708 548860719073 0
T 2394.18
P 15430 9337 20010056 appspawn-x
15430 (com.a2hlab.brid) S 9337 0 0 0 -1 4194624 64232 0 0 0 174 111 0 0 0 -20 68 0 239079 7967006720 101354 18446744073709551615 367520839444 367520906112 548860715248 0 0 0 4612 0 1619039482 0 0 0 17 7 0 0 0 0 0 367520917048 367520917208 367858716672 548860717661 548860717708 548860717708 548860719073 0
T 2394.38
P 15430 9337 20010056 appspawn-x
15430 (com.a2hlab.brid) S 9337 0 0 0 -1 4194624 64345 0 0 0 175 113 0 0 0 -20 68 0 239079 7967006720 101390 18446744073709551615 367520839444 367520906112 548860715248 0 0 0 4612 0 1619039482 0 0 0 17 7 0 0 0 0 0 367520917048 367520917208 367858716672 548860717661 548860717708 548860717708 548860719073 0
T 2394.55
P 15430 9337 20010056 appspawn-x
15430 (com.a2hlab.brid) S 9337 0 0 0 -1 4194624 64448 0 0 0 176 116 0 0 0 -20 68 0 239079 7967006720 101974 18446744073709551615 367520839444 367520906112 548860715248 0 0 0 4612 0 1619039482 0 0 0 17 7 0 0 0 0 0 367520917048 367520917208 367858716672 548860717661 548860717708 548860717708 548860719073 0
T 2394.71
P 15430 9337 20010056 appspawn-x
15430 (com.a2hlab.brid) S 9337 0 0 0 -1 4194624 64581 0 0 0 177 118 0 0 0 -20 68 0 239079 7967006720 101500 18446744073709551615 367520839444 367520906112 548860715248 0 0 0 4612 0 1619039482 0 0 0 17 7 0 0 0 0 0 367520917048 367520917208 367858716672 548860717661 548860717708 548860717708 548860719073 0
T 2394.90
P 15430 9337 20010056 appspawn-x
15430 (com.a2hlab.brid) S 9337 0 0 0 -1 4194624 64703 0 0 0 179 120 0 0 0 -20 68 0 239079 7967006720 101626 18446744073709551615 367520839444 367520906112 548860715248 0 0 0 4612 0 1619039482 0 0 0 17 7 0 0 0 0 0 367520917048 367520917208 367858716672 548860717661 548860717708 548860717708 548860719073 0
T 2395.09
P 15430 9337 20010056 appspawn-x
15430 (com.a2hlab.brid) S 9337 0 0 0 -1 4194624 64852 0 0 0 181 122 0 0 0 -20 68 0 239079 7967006720 101699 18446744073709551615 367520839444 367520906112 548860715248 0 0 0 4612 0 1619039482 0 0 0 17 7 0 0 0 0 0 367520917048 367520917208 367858716672 548860717661 548860717708 548860717708 548860719073 0
T 2395.26
P 15430 9337 20010056 appspawn-x
15430 (com.a2hlab.brid) S 9337 0 0 0 -1 4194624 64925 0 0 0 183 123 0 0 0 -20 68 0 239079 7967006720 101737 18446744073709551615 367520839444 367520906112 548860715248 0 0 0 4612 0 1619039482 0 0 0 17 7 0 0 0 0 0 367520917048 367520917208 367858716672 548860717661 548860717708 548860717708 548860719073 0
T 2395.44
P 15430 9337 20010056 appspawn-x
15430 (com.a2hlab.brid) S 9337 0 0 0 -1 4194624 65011 0 0 0 185 125 0 0 0 -20 68 0 239079 7967006720 101774 18446744073709551615 367520839444 367520906112 548860715248 0 0 0 4612 0 1619039482 0 0 0 17 7 0 0 0 0 0 367520917048 367520917208 367858716672 548860717661 548860717708 548860717708 548860719073 0
T 2395.60
P 15430 9337 20010056 appspawn-x
15430 (com.a2hlab.brid) S 9337 0 0 0 -1 4194624 66484 0 0 0 187 131 0 0 0 -20 69 0 239079 8043065344 105104 18446744073709551615 367520839444 367520906112 548860715248 0 0 0 4612 0 1619039482 0 0 0 17 7 0 0 0 0 0 367520917048 367520917208 367858716672 548860717661 548860717708 548860717708 548860719073 0
T 2395.80
P 15430 9337 20010056 appspawn-x
15430 (com.a2hlab.brid) S 9337 0 0 0 -1 4194624 69068 0 0 0 198 139 0 0 0 -20 71 0 239079 8056463360 107367 18446744073709551615 367520839444 367520906112 548860715248 0 0 0 4612 0 1619039482 0 0 0 17 5 0 0 0 0 0 367520917048 367520917208 367858716672 548860717661 548860717708 548860717708 548860719073 0
T 2395.98
P 15430 9337 20010056 appspawn-x
15430 (com.a2hlab.brid) S 9337 0 0 0 -1 4194624 69730 0 0 0 205 143 0 0 0 -20 72 0 239079 8058855424 108429 18446744073709551615 367520839444 367520906112 548860715248 0 0 0 4612 0 1619039482 0 0 0 17 3 0 0 0 0 0 367520917048 367520917208 367858716672 548860717661 548860717708 548860717708 548860719073 0
T 2396.16
P 15430 9337 20010056 appspawn-x
15430 (com.a2hlab.brid) S 9337 0 0 0 -1 4194624 70013 0 0 0 207 146 0 0 0 -20 72 0 239079 8058855424 108658 18446744073709551615 367520839444 367520906112 548860715248 0 0 0 4612 0 1619039482 0 0 0 17 3 0 0 0 0 0 367520917048 367520917208 367858716672 548860717661 548860717708 548860717708 548860719073 0
T 2396.36
P 15430 9337 20010056 appspawn-x
15430 (com.a2hlab.brid) S 9337 0 0 0 -1 4194624 70288 0 0 0 210 147 0 0 0 -20 72 0 239079 8058855424 109368 18446744073709551615 367520839444 367520906112 548860715248 0 0 0 4612 0 1619039482 0 0 0 17 3 0 0 0 0 0 367520917048 367520917208 367858716672 548860717661 548860717708 548860717708 548860719073 0
T 2396.56
P 15430 9337 20010056 appspawn-x
15430 (com.a2hlab.brid) S 9337 0 0 0 -1 4194624 70467 0 0 0 213 149 0 0 0 -20 72 0 239079 8058855424 109997 18446744073709551615 367520839444 367520906112 548860715248 0 0 0 4612 0 1619039482 0 0 0 17 3 0 0 0 0 0 367520917048 367520917208 367858716672 548860717661 548860717708 548860717708 548860719073 0
T 2396.76
P 15430 9337 20010056 appspawn-x
15430 (com.a2hlab.brid) S 9337 0 0 0 -1 4194624 70588 0 0 0 215 151 0 0 0 -20 72 0 239079 8058855424 110056 18446744073709551615 367520839444 367520906112 548860715248 0 0 0 4612 0 1619039482 0 0 0 17 3 0 0 0 0 0 367520917048 367520917208 367858716672 548860717661 548860717708 548860717708 548860719073 0
T 2396.96
P 15430 9337 20010056 appspawn-x
15430 (com.a2hlab.brid) S 9337 0 0 0 -1 4194624 70795 0 0 0 217 154 0 0 0 -20 72 0 239079 8058855424 109799 18446744073709551615 367520839444 367520906112 548860715248 0 0 0 4612 0 1619039482 0 0 0 17 3 0 0 0 0 0 367520917048 367520917208 367858716672 548860717661 548860717708 548860717708 548860719073 0
T 2397.16
P 15430 9337 20010056 appspawn-x
15430 (com.a2hlab.brid) S 9337 0 0 0 -1 4194624 70893 0 0 0 219 156 0 0 0 -20 72 0 239079 8058855424 109348 18446744073709551615 367520839444 367520906112 548860715248 0 0 0 4612 0 1619039482 0 0 0 17 3 0 0 0 0 0 367520917048 367520917208 367858716672 548860717661 548860717708 548860717708 548860719073 0
T 2397.33
P 15430 9337 20010056 appspawn-x
15430 (com.a2hlab.brid) S 9337 0 0 0 -1 4194624 70993 0 0 0 221 158 0 0 0 -20 72 0 239079 8058855424 109358 18446744073709551615 367520839444 367520906112 548860715248 0 0 0 4612 0 1619039482 0 0 0 17 3 0 0 0 0 0 367520917048 367520917208 367858716672 548860717661 548860717708 548860717708 548860719073 0
T 2397.51
P 15430 9337 20010056 appspawn-x
15430 (com.a2hlab.brid) S 9337 0 0 0 -1 4194624 71117 0 0 0 223 160 0 0 0 -20 72 0 239079 8067473408 109932 18446744073709551615 367520839444 367520906112 548860715248 0 0 0 4612 0 1619039482 0 0 0 17 3 0 0 0 0 0 367520917048 367520917208 367858716672 548860717661 548860717708 548860717708 548860719073 0
T 2397.69
P 15430 9337 20010056 appspawn-x
15430 (com.a2hlab.brid) S 9337 0 0 0 -1 4194624 71182 0 0 0 226 161 0 0 0 -20 72 0 239079 8058855424 110510 18446744073709551615 367520839444 367520906112 548860715248 0 0 0 4612 0 1619039482 0 0 0 17 3 0 0 0 0 0 367520917048 367520917208 367858716672 548860717661 548860717708 548860717708 548860719073 0
T 2397.86
P 15430 9337 20010056 appspawn-x
15430 (com.a2hlab.brid) S 9337 0 0 0 -1 4194624 71298 0 0 0 227 164 0 0 0 -20 72 0 239079 8058855424 109584 18446744073709551615 367520839444 367520906112 548860715248 0 0 0 4612 0 1619039482 0 0 0 17 3 0 0 0 0 0 367520917048 367520917208 367858716672 548860717661 548860717708 548860717708 548860719073 0
T 2398.04
P 15430 9337 20010056 appspawn-x
15430 (com.a2hlab.brid) S 9337 0 0 0 -1 4194624 71386 0 0 0 230 165 0 0 0 -20 72 0 239079 8058855424 109644 18446744073709551615 367520839444 367520906112 548860715248 0 0 0 4612 0 1619039482 0 0 0 17 3 0 0 0 0 0 367520917048 367520917208 367858716672 548860717661 548860717708 548860717708 548860719073 0
T 2398.21
P 15430 9337 20010056 appspawn-x
15430 (com.a2hlab.brid) S 9337 0 0 0 -1 4194624 71480 0 0 0 233 166 0 0 0 -20 72 0 239079 8058855424 109704 18446744073709551615 367520839444 367520906112 548860715248 0 0 0 4612 0 1619039482 0 0 0 17 3 0 0 0 0 0 367520917048 367520917208 367858716672 548860717661 548860717708 548860717708 548860719073 0
T 2398.40
P 15430 9337 20010056 appspawn-x
15430 (com.a2hlab.brid) S 9337 0 0 0 -1 4194624 71551 0 0 0 234 168 0 0 0 -20 72 0 239079 8058855424 110793 18446744073709551615 367520839444 367520906112 548860715248 0 0 0 4612 0 1619039482 0 0 0 17 3 0 0 0 0 0 367520917048 367520917208 367858716672 548860717661 548860717708 548860717708 548860719073 0
T 2398.56
P 15430 9337 20010056 appspawn-x
15430 (com.a2hlab.brid) S 9337 0 0 0 -1 4194624 71608 0 0 0 236 169 0 0 0 -20 72 0 239079 8058855424 109828 18446744073709551615 367520839444 367520906112 548860715248 0 0 0 4612 0 1619039482 0 0 0 17 3 0 0 0 0 0 367520917048 367520917208 367858716672 548860717661 548860717708 548860717708 548860719073 0
T 2398.72
P 15430 9337 20010056 appspawn-x
15430 (com.a2hlab.brid) S 9337 0 0 0 -1 4194624 71641 0 0 0 238 171 0 0 0 -20 72 0 239079 8058855424 109831 18446744073709551615 367520839444 367520906112 548860715248 0 0 0 4612 0 1619039482 0 0 0 17 3 0 0 0 0 0 367520917048 367520917208 367858716672 548860717661 548860717708 548860717708 548860719073 0
T 2398.89
P 15430 9337 20010056 appspawn-x
15430 (com.a2hlab.brid) S 9337 0 0 0 -1 4194624 71680 0 0 0 241 172 0 0 0 -20 72 0 239079 8058855424 109897 18446744073709551615 367520839444 367520906112 548860715248 0 0 0 4612 0 1619039482 0 0 0 17 3 0 0 0 0 0 367520917048 367520917208 367858716672 548860717661 548860717708 548860717708 548860719073 0
T 2399.05
P 15430 9337 20010056 appspawn-x
15430 (com.a2hlab.brid) S 9337 0 0 0 -1 4194624 71715 0 0 0 242 174 0 0 0 -20 72 0 239079 8058855424 109898 18446744073709551615 367520839444 367520906112 548860715248 0 0 0 4612 0 1619039482 0 0 0 17 3 0 0 0 0 0 367520917048 367520917208 367858716672 548860717661 548860717708 548860717708 548860719073 0
T 2399.21
P 15430 9337 20010056 appspawn-x
15430 (com.a2hlab.brid) S 9337 0 0 0 -1 4194624 71778 0 0 0 244 176 0 0 0 -20 72 0 239079 8058855424 109995 18446744073709551615 367520839444 367520906112 548860715248 0 0 0 4612 0 1619039482 0 0 0 17 3 0 0 0 0 0 367520917048 367520917208 367858716672 548860717661 548860717708 548860717708 548860719073 0
T 2399.38
P 15430 9337 20010056 appspawn-x
15430 (com.a2hlab.brid) S 9337 0 0 0 -1 4194624 71838 0 0 0 246 177 0 0 0 -20 72 0 239079 8058855424 109995 18446744073709551615 367520839444 367520906112 548860715248 0 0 0 4612 0 1619039482 0 0 0 17 3 0 0 0 0 0 367520917048 367520917208 367858716672 548860717661 548860717708 548860717708 548860719073 0
T 2399.55
P 15430 9337 20010056 appspawn-x
15430 (com.a2hlab.brid) S 9337 0 0 0 -1 4194624 71879 0 0 0 249 179 0 0 0 -20 72 0 239079 8058855424 110571 18446744073709551615 367520839444 367520906112 548860715248 0 0 0 4612 0 1619039482 0 0 0 17 3 0 0 0 0 0 367520917048 367520917208 367858716672 548860717661 548860717708 548860717708 548860719073 0
T 2399.73
P 15430 9337 20010056 appspawn-x
15430 (com.a2hlab.brid) S 9337 0 0 0 -1 4194624 71914 0 0 0 251 181 0 0 0 -20 72 0 239079 8058855424 110060 18446744073709551615 367520839444 367520906112 548860715248 0 0 0 4612 0 1619039482 0 0 0 17 3 0 0 0 0 0 367520917048 367520917208 367858716672 548860717661 548860717708 548860717708 548860719073 0
T 2399.92
P 15430 9337 20010056 appspawn-x
15430 (com.a2hlab.brid) S 9337 0 0 0 -1 4194624 71960 0 0 0 252 183 0 0 0 -20 72 0 239079 8058855424 110128 18446744073709551615 367520839444 367520906112 548860715248 0 0 0 4612 0 1619039482 0 0 0 17 3 0 0 0 0 0 367520917048 367520917208 367858716672 548860717661 548860717708 548860717708 548860719073 0
T 2400.10
P 15430 9337 20010056 appspawn-x
15430 (com.a2hlab.brid) S 9337 0 0 0 -1 4194624 71994 0 0 0 255 185 0 0 0 -20 72 0 239079 8058855424 110128 18446744073709551615 367520839444 367520906112 548860715248 0 0 0 4612 0 1619039482 0 0 0 17 3 0 0 0 0 0 367520917048 367520917208 367858716672 548860717661 548860717708 548860717708 548860719073 0
T 2400.28
P 15430 9337 20010056 appspawn-x
15430 (com.a2hlab.brid) S 9337 0 0 0 -1 4194624 72036 0 0 0 257 186 0 0 0 -20 72 0 239079 8058855424 110707 18446744073709551615 367520839444 367520906112 548860715248 0 0 0 4612 0 1619039482 0 0 0 17 3 0 0 0 0 0 367520917048 367520917208 367858716672 548860717661 548860717708 548860717708 548860719073 0
T 2400.46
P 15430 9337 20010056 appspawn-x
15430 (com.a2hlab.brid) S 9337 0 0 0 -1 4194624 72069 0 0 0 259 187 0 0 0 -20 72 0 239079 8058855424 110195 18446744073709551615 367520839444 367520906112 548860715248 0 0 0 4612 0 1619039482 0 0 0 17 3 0 0 0 0 0 367520917048 367520917208 367858716672 548860717661 548860717708 548860717708 548860719073 0
T 2400.64
P 15430 9337 20010056 appspawn-x
15430 (com.a2hlab.brid) S 9337 0 0 0 -1 4194624 72126 0 0 0 262 190 0 0 0 -20 72 0 239079 8058855424 110196 18446744073709551615 367520839444 367520906112 548860715248 0 0 0 4612 0 1619039482 0 0 0 17 3 0 0 0 0 0 367520917048 367520917208 367858716672 548860717661 548860717708 548860717708 548860719073 0
T 2400.84
P 15430 9337 20010056 appspawn-x
15430 (com.a2hlab.brid) S 9337 0 0 0 -1 4194624 72160 0 0 0 264 191 0 0 0 -20 72 0 239079 8058855424 110264 18446744073709551615 367520839444 367520906112 548860715248 0 0 0 4612 0 1619039482 0 0 0 17 3 0 0 0 0 0 367520917048 367520917208 367858716672 548860717661 548860717708 548860717708 548860719073 0
T 2401.01
P 15430 9337 20010056 appspawn-x
15430 (com.a2hlab.brid) S 9337 0 0 0 -1 4194624 72202 0 0 0 266 193 0 0 0 -20 72 0 239079 8058855424 110265 18446744073709551615 367520839444 367520906112 548860715248 0 0 0 4612 0 1619039482 0 0 0 17 3 0 0 0 0 0 367520917048 367520917208 367858716672 548860717661 548860717708 548860717708 548860719073 0
T 2401.20
P 15430 9337 20010056 appspawn-x
15430 (com.a2hlab.brid) S 9337 0 0 0 -1 4194624 72236 0 0 0 268 195 0 0 0 -20 72 0 239079 8058855424 110331 18446744073709551615 367520839444 367520906112 548860715248 0 0 0 4612 0 1619039482 0 0 0 17 3 0 0 0 0 0 367520917048 367520917208 367858716672 548860717661 548860717708 548860717708 548860719073 0
T 2401.38
P 15430 9337 20010056 appspawn-x
15430 (com.a2hlab.brid) S 9337 0 0 0 -1 4194624 72278 0 0 0 269 198 0 0 0 -20 72 0 239079 8058855424 111355 18446744073709551615 367520839444 367520906112 548860715248 0 0 0 4612 0 1619039482 0 0 0 17 3 0 0 0 0 0 367520917048 367520917208 367858716672 548860717661 548860717708 548860717708 548860719073 0
T 2401.56
P 15430 9337 20010056 appspawn-x
15430 (com.a2hlab.brid) S 9337 0 0 0 -1 4194624 72312 0 0 0 271 200 0 0 0 -20 72 0 239079 8058855424 110397 18446744073709551615 367520839444 367520906112 548860715248 0 0 0 4612 0 1619039482 0 0 0 17 3 0 0 0 0 0 367520917048 367520917208 367858716672 548860717661 548860717708 548860717708 548860719073 0
T 2401.76
P 15430 9337 20010056 appspawn-x
15430 (com.a2hlab.brid) S 9337 0 0 0 -1 4194624 72353 0 0 0 272 204 0 0 0 -20 72 0 239079 8058855424 110398 18446744073709551615 367520839444 367520906112 548860715248 0 0 0 4612 0 1619039482 0 0 0 17 3 0 0 0 0 0 367520917048 367520917208 367858716672 548860717661 548860717708 548860717708 548860719073 0
T 2401.94
P 15430 9337 20010056 appspawn-x
15430 (com.a2hlab.brid) S 9337 0 0 0 -1 4194624 72394 0 0 0 274 205 0 0 0 -20 72 0 239079 8058855424 110464 18446744073709551615 367520839444 367520906112 548860715248 0 0 0 4612 0 1619039482 0 0 0 17 3 0 0 0 0 0 367520917048 367520917208 367858716672 548860717661 548860717708 548860717708 548860719073 0
T 2402.14
P 15430 9337 20010056 appspawn-x
15430 (com.a2hlab.brid) S 9337 0 0 0 -1 4194624 72428 0 0 0 277 206 0 0 0 -20 72 0 239079 8058855424 110464 18446744073709551615 367520839444 367520906112 548860715248 0 0 0 4612 0 1619039482 0 0 0 17 3 0 0 0 0 0 367520917048 367520917208 367858716672 548860717661 548860717708 548860717708 548860719073 0
T 2402.32
P 15430 9337 20010056 appspawn-x
15430 (com.a2hlab.brid) S 9337 0 0 0 -1 4194624 72462 0 0 0 279 208 0 0 0 -20 72 0 239079 8058855424 110530 18446744073709551615 367520839444 367520906112 548860715248 0 0 0 4612 0 1619039482 0 0 0 17 3 0 0 0 0 0 367520917048 367520917208 367858716672 548860717661 548860717708 548860717708 548860719073 0
T 2402.48
P 15430 9337 20010056 appspawn-x
15430 (com.a2hlab.brid) S 9337 0 0 0 -1 4194624 72495 0 0 0 280 210 0 0 0 -20 72 0 239079 8058855424 110530 18446744073709551615 367520839444 367520906112 548860715248 0 0 0 4612 0 1619039482 0 0 0 17 3 0 0 0 0 0 367520917048 367520917208 367858716672 548860717661 548860717708 548860717708 548860719073 0
T 2402.64
P 15430 9337 20010056 appspawn-x
15430 (com.a2hlab.brid) S 9337 0 0 0 -1 4194624 72530 0 0 0 281 213 0 0 0 -20 72 0 239079 8058855424 110596 18446744073709551615 367520839444 367520906112 548860715248 0 0 0 4612 0 1619039482 0 0 0 17 3 0 0 0 0 0 367520917048 367520917208 367858716672 548860717661 548860717708 548860717708 548860719073 0
T 2402.80
P 15430 9337 20010056 appspawn-x
15430 (com.a2hlab.brid) S 9337 0 0 0 -1 4194624 72564 0 0 0 283 215 0 0 0 -20 72 0 239079 8058855424 110596 18446744073709551615 367520839444 367520906112 548860715248 0 0 0 4612 0 1619039482 0 0 0 17 3 0 0 0 0 0 367520917048 367520917208 367858716672 548860717661 548860717708 548860717708 548860719073 0
T 2402.98
P 15430 9337 20010056 appspawn-x
15430 (com.a2hlab.brid) S 9337 0 0 0 -1 4194624 72597 0 0 0 284 217 0 0 0 -20 72 0 239079 8058855424 110596 18446744073709551615 367520839444 367520906112 548860715248 0 0 0 4612 0 1619039482 0 0 0 17 3 0 0 0 0 0 367520917048 367520917208 367858716672 548860717661 548860717708 548860717708 548860719073 0
T 2403.14
P 15430 9337 20010056 appspawn-x
15430 (com.a2hlab.brid) S 9337 0 0 0 -1 4194624 72630 0 0 0 286 219 0 0 0 -20 72 0 239079 8058855424 110662 18446744073709551615 367520839444 367520906112 548860715248 0 0 0 4612 0 1619039482 0 0 0 17 3 0 0 0 0 0 367520917048 367520917208 367858716672 548860717661 548860717708 548860717708 548860719073 0
T 2403.30
P 15430 9337 20010056 appspawn-x
15430 (com.a2hlab.brid) S 9337 0 0 0 -1 4194624 72664 0 0 0 289 219 0 0 0 -20 72 0 239079 8058855424 111174 18446744073709551615 367520839444 367520906112 548860715248 0 0 0 4612 0 1619039482 0 0 0 17 3 0 0 0 0 0 367520917048 367520917208 367858716672 548860717661 548860717708 548860717708 548860719073 0
T 2403.47
P 15430 9337 20010056 appspawn-x
15430 (com.a2hlab.brid) S 9337 0 0 0 -1 4194624 72697 0 0 0 290 221 0 0 0 -20 72 0 239079 8058855424 110728 18446744073709551615 367520839444 367520906112 548860715248 0 0 0 4612 0 1619039482 0 0 0 17 3 0 0 0 0 0 367520917048 367520917208 367858716672 548860717661 548860717708 548860717708 548860719073 0
T 2403.66
P 15430 9337 20010056 appspawn-x
15430 (com.a2hlab.brid) S 9337 0 0 0 -1 4194624 72738 0 0 0 293 223 0 0 0 -20 72 0 239079 8058855424 110728 18446744073709551615 367520839444 367520906112 548860715248 0 0 0 4612 0 1619039482 0 0 0 17 3 0 0 0 0 0 367520917048 367520917208 367858716672 548860717661 548860717708 548860717708 548860719073 0
T 2403.84
P 15430 9337 20010056 appspawn-x
15430 (com.a2hlab.brid) S 9337 0 0 0 -1 4194624 72772 0 0 0 296 224 0 0 0 -20 72 0 239079 8058855424 111818 18446744073709551615 367520839444 367520906112 548860715248 0 0 0 4612 0 1619039482 0 0 0 17 3 0 0 0 0 0 367520917048 367520917208 367858716672 548860717661 548860717708 548860717708 548860719073 0
T 2404.00
P 15430 9337 20010056 appspawn-x
15430 (com.a2hlab.brid) S 9337 0 0 0 -1 4194624 72814 0 0 0 297 226 0 0 0 -20 72 0 239079 8058855424 111818 18446744073709551615 367520839444 367520906112 548860715248 0 0 0 4612 0 1619039482 0 0 0 17 3 0 0 0 0 0 367520917048 367520917208 367858716672 548860717661 548860717708 548860717708 548860719073 0
T 2404.20
P 15430 9337 20010056 appspawn-x
15430 (com.a2hlab.brid) S 9337 0 0 0 -1 4194624 72841 0 0 0 298 229 0 0 0 -20 72 0 239079 8058855424 110794 18446744073709551615 367520839444 367520906112 548860715248 0 0 0 4612 0 1619039482 0 0 0 17 3 0 0 0 0 0 367520917048 367520917208 367858716672 548860717661 548860717708 548860717708 548860719073 0
T 2404.36
P 15430 9337 20010056 appspawn-x
15430 (com.a2hlab.brid) S 9337 0 0 0 -1 4194624 72875 0 0 0 300 230 0 0 0 -20 72 0 239079 8058855424 110860 18446744073709551615 367520839444 367520906112 548860715248 0 0 0 4612 0 1619039482 0 0 0 17 3 0 0 0 0 0 367520917048 367520917208 367858716672 548860717661 548860717708 548860717708 548860719073 0
T 2404.52
P 15430 9337 20010056 appspawn-x
15430 (com.a2hlab.brid) S 9337 0 0 0 -1 4194624 72918 0 0 0 302 232 0 0 0 -20 72 0 239079 8058855424 111884 18446744073709551615 367520839444 367520906112 548860715248 0 0 0 4612 0 1619039482 0 0 0 17 3 0 0 0 0 0 367520917048 367520917208 367858716672 548860717661 548860717708 548860717708 548860719073 0
T 2404.70
P 15430 9337 20010056 appspawn-x
15430 (com.a2hlab.brid) S 9337 0 0 0 -1 4194624 72953 0 0 0 304 234 0 0 0 -20 72 0 239079 8067473408 111437 18446744073709551615 367520839444 367520906112 548860715248 0 0 0 4612 0 1619039482 0 0 0 17 3 0 0 0 0 0 367520917048 367520917208 367858716672 548860717661 548860717708 548860717708 548860719073 0
T 2404.86
P 15430 9337 20010056 appspawn-x
15430 (com.a2hlab.brid) S 9337 0 0 0 -1 4194624 72989 0 0 0 305 236 0 0 0 -20 72 0 239079 8076087296 111442 18446744073709551615 367520839444 367520906112 548860715248 0 0 0 4612 0 1619039482 0 0 0 17 3 0 0 0 0 0 367520917048 367520917208 367858716672 548860717661 548860717708 548860717708 548860719073 0
T 2405.03
P 15430 9337 20010056 appspawn-x
15430 (com.a2hlab.brid) S 9337 0 0 0 -1 4194624 73016 0 0 0 306 238 0 0 0 -20 72 0 239079 8058855424 110989 18446744073709551615 367520839444 367520906112 548860715248 0 0 0 4612 0 1619039482 0 0 0 17 3 0 0 0 0 0 367520917048 367520917208 367858716672 548860717661 548860717708 548860717708 548860719073 0
T 2405.19
P 15430 9337 20010056 appspawn-x
15430 (com.a2hlab.brid) S 9337 0 0 0 -1 4194624 73061 0 0 0 309 239 0 0 0 -20 72 0 239079 8058855424 111501 18446744073709551615 367520839444 367520906112 548860715248 0 0 0 4612 0 1619039482 0 0 0 17 3 0 0 0 0 0 367520917048 367520917208 367858716672 548860717661 548860717708 548860717708 548860719073 0
T 2405.36
P 15430 9337 20010056 appspawn-x
15430 (com.a2hlab.brid) S 9337 0 0 0 -1 4194624 73095 0 0 0 312 240 0 0 0 -20 72 0 239079 8058855424 111055 18446744073709551615 367520839444 367520906112 548860715248 0 0 0 4612 0 1619039482 0 0 0 17 3 0 0 0 0 0 367520917048 367520917208 367858716672 548860717661 548860717708 548860717708 548860719073 0
T 2405.54
P 15430 9337 20010056 appspawn-x
15430 (com.a2hlab.brid) S 9337 0 0 0 -1 4194624 73129 0 0 0 314 241 0 0 0 -20 72 0 239079 8058855424 111055 18446744073709551615 367520839444 367520906112 548860715248 0 0 0 4612 0 1619039482 0 0 0 17 3 0 0 0 0 0 367520917048 367520917208 367858716672 548860717661 548860717708 548860717708 548860719073 0
T 2405.70
P 15430 9337 20010056 appspawn-x
15430 (com.a2hlab.brid) S 9337 0 0 0 -1 4194624 73158 0 0 0 316 242 0 0 0 -20 72 0 239079 8058855424 111055 18446744073709551615 367520839444 367520906112 548860715248 0 0 0 4612 0 1619039482 0 0 0 17 3 0 0 0 0 0 367520917048 367520917208 367858716672 548860717661 548860717708 548860717708 548860719073 0
T 2405.86
P 15430 9337 20010056 appspawn-x
15430 (com.a2hlab.brid) S 9337 0 0 0 -1 4194624 73192 0 0 0 318 244 0 0 0 -20 72 0 239079 8058855424 111121 18446744073709551615 367520839444 367520906112 548860715248 0 0 0 4612 0 1619039482 0 0 0 17 3 0 0 0 0 0 367520917048 367520917208 367858716672 548860717661 548860717708 548860717708 548860719073 0
T 2406.02
P 15430 9337 20010056 appspawn-x
15430 (com.a2hlab.brid) S 9337 0 0 0 -1 4194624 73232 0 0 0 321 246 0 0 0 -20 72 0 239079 8058855424 112145 18446744073709551615 367520839444 367520906112 548860715248 0 0 0 4612 0 1619039482 0 0 0 17 3 0 0 0 0 0 367520917048 367520917208 367858716672 548860717661 548860717708 548860717708 548860719073 0
T 2406.20
P 15430 9337 20010056 appspawn-x
15430 (com.a2hlab.brid) S 9337 0 0 0 -1 4194624 73261 0 0 0 323 246 0 0 0 -20 72 0 239079 8058855424 111187 18446744073709551615 367520839444 367520906112 548860715248 0 0 0 4612 0 1619039482 0 0 0 17 3 0 0 0 0 0 367520917048 367520917208 367858716672 548860717661 548860717708 548860717708 548860719073 0
T 2406.36
P 15430 9337 20010056 appspawn-x
15430 (com.a2hlab.brid) S 9337 0 0 0 -1 4194624 73302 0 0 0 325 248 0 0 0 -20 72 0 239079 8058855424 111187 18446744073709551615 367520839444 367520906112 548860715248 0 0 0 4612 0 1619039482 0 0 0 17 3 0 0 0 0 0 367520917048 367520917208 367858716672 548860717661 548860717708 548860717708 548860719073 0
T 2406.54
P 15430 9337 20010056 appspawn-x
15430 (com.a2hlab.brid) S 9337 0 0 0 -1 4194624 73337 0 0 0 327 250 0 0 0 -20 72 0 239079 8058855424 111252 18446744073709551615 367520839444 367520906112 548860715248 0 0 0 4612 0 1619039482 0 0 0 17 3 0 0 0 0 0 367520917048 367520917208 367858716672 548860717661 548860717708 548860717708 548860719073 0
