T 30623.81
T 30623.97
T 30624.16
T 30624.34
P 30514 28981 20010055 appspawn-x
30514 (mple.helloworld) R 28981 0 0 0 -1 4194624 250 0 0 0 4 2 0 0 0 -20 1 0 3062438 2197676032 1619 18446744073709551615 366539953684 366540019408 549748715216 0 0 0 0 4096 1073775866 0 0 0 17 5 0 0 0 0 0 366540030344 366540030504 366646337536 549748718194 549748718241 549748718241 549748719585 0
T 30624.56
P 30514 28981 20010055 appspawn-x
30514 (mple.helloworld) R 28981 0 0 0 -1 4194624 8922 0 0 0 15 12 0 0 0 -20 1 0 3062438 2456219648 14053 18446744073709551615 366539953684 366540019408 549748715216 0 0 0 0 4096 1073775866 0 0 0 17 7 0 0 0 0 0 366540030344 366540030504 366646337536 549748718194 549748718241 549748718241 549748719585 0
T 30624.77
P 30514 28981 20010055 appspawn-x
30514 (main) R 28981 0 0 0 -1 4194624 14713 0 0 0 21 21 0 0 0 -20 10 0 3062438 3417837568 21300 18446744073709551615 366539953684 366540019408 549748715216 0 0 0 4612 0 1073779962 0 0 0 17 7 0 0 0 0 0 366540030344 366540030504 366646337536 549748718194 549748718241 549748718241 549748719585 0
T 30624.96
P 30514 28981 20010055 appspawn-x
30514 (main) R 28981 0 0 0 -1 4194624 17010 0 0 0 39 23 0 0 0 -20 10 0 3062438 3520978944 26487 18446744073709551615 366539953684 366540019408 549748715216 0 0 0 4612 0 1073779962 0 0 0 17 7 0 0 0 0 0 366540030344 366540030504 366646337536 549748718194 549748718241 549748718241 549748719585 0
T 30625.16
P 30514 28981 20010055 appspawn-x
30514 (main) R 28981 0 0 0 -1 4194624 21044 0 0 0 49 30 0 0 0 -20 10 0 3062438 3584876544 47516 18446744073709551615 366539953684 366540019408 549748715216 0 0 0 4612 0 1073779962 0 0 0 17 7 0 0 0 0 0 366540030344 366540030504 366646337536 549748718194 549748718241 549748718241 549748719585 0
T 30625.34
P 30514 28981 20010055 appspawn-x
30514 (com.example.hel) R 28981 0 0 0 -1 4194624 29001 0 0 0 61 38 0 0 0 -20 12 0 3062438 3714011136 57454 18446744073709551615 366539953684 366540019408 549748715216 0 0 0 4612 0 1073779962 0 0 0 17 7 0 0 0 0 0 366540030344 366540030504 366646337536 549748718194 549748718241 549748718241 549748719585 0
T 30625.54
P 30514 28981 20010055 appspawn-x
30514 (com.example.hel) R 28981 0 0 0 -1 4194624 37283 0 0 0 73 43 0 0 0 -20 12 0 3062438 3741630464 64210 18446744073709551615 366539953684 366540019408 549748715216 0 0 0 4612 0 1073779962 0 0 0 17 7 0 0 0 0 0 366540030344 366540030504 366646337536 549748718194 549748718241 549748718241 549748719585 0
T 30625.72
P 30514 28981 20010055 appspawn-x
30514 (com.example.hel) R 28981 0 0 0 -1 4194624 39034 0 0 0 86 48 0 0 0 -20 12 0 3062438 3698331648 55063 18446744073709551615 366539953684 366540019408 549748715216 0 0 0 4612 0 1073779962 0 0 0 17 7 0 0 0 0 0 366540030344 366540030504 366646337536 549748718194 549748718241 549748718241 549748719585 0
T 30625.90
P 30514 28981 20010055 appspawn-x
30514 (com.example.hel) S 28981 0 0 0 -1 1077936448 41320 0 0 0 93 56 0 0 0 -20 15 0 3062438 3796414464 62839 18446744073709551615 366539953684 366540019408 549748715216 0 0 0 4612 0 1073779962 0 0 0 17 2 0 0 0 0 0 366540030344 366540030504 366646337536 549748718194 549748718241 549748718241 549748719585 0
T 30626.08
P 30514 28981 20010055 appspawn-x
30514 (com.example.hel) S 28981 0 0 0 -1 1077936448 44542 0 0 0 101 62 0 0 0 -20 31 0 3062438 3979853824 69534 18446744073709551615 366539953684 366540019408 549748715216 0 0 0 4612 0 1073779962 0 0 0 17 7 0 0 0 0 0 366540030344 366540030504 366646337536 549748718194 549748718241 549748718241 549748719585 0
T 30626.26
P 30514 28981 20010055 appspawn-x
30514 (com.example.hel) S 28981 0 0 0 -1 4194624 46198 0 0 0 107 69 0 0 0 -20 33 0 3062438 4035985408 72096 18446744073709551615 366539953684 366540019408 549748715216 0 0 0 4612 0 1073779962 0 0 0 17 1 0 0 0 0 0 366540030344 366540030504 366646337536 549748718194 549748718241 549748718241 549748719585 0
T 30626.45
P 30514 28981 20010055 appspawn-x
30514 (com.example.hel) S 28981 0 0 0 -1 4194624 46209 0 0 0 107 69 0 0 0 -20 33 0 3062438 4035985408 71585 18446744073709551615 366539953684 366540019408 549748715216 0 0 0 4612 0 1073779962 0 0 0 17 7 0 0 0 0 0 366540030344 366540030504 366646337536 549748718194 549748718241 549748718241 549748719585 0
T 30626.64
P 30514 28981 20010055 appspawn-x
30514 (com.example.hel) S 28981 0 0 0 -1 4194624 46209 0 0 0 107 69 0 0 0 -20 33 0 3062438 4035457024 71518 18446744073709551615 366539953684 366540019408 549748715216 0 0 0 4612 0 1073779962 0 0 0 17 7 0 0 0 0 0 366540030344 366540030504 366646337536 549748718194 549748718241 549748718241 549748719585 0
T 30626.81
P 30514 28981 20010055 appspawn-x
30514 (com.example.hel) S 28981 0 0 0 -1 4194624 46209 0 0 0 107 69 0 0 0 -20 33 0 3062438 4035018752 71418 18446744073709551615 366539953684 366540019408 549748715216 0 0 0 4612 0 1073779962 0 0 0 17 1 0 0 0 0 0 366540030344 366540030504 366646337536 549748718194 549748718241 549748718241 549748719585 0
T 30626.98
P 30514 28981 20010055 appspawn-x
30514 (com.example.hel) S 28981 0 0 0 -1 4194624 46209 0 0 0 107 69 0 0 0 -20 33 0 3062438 4034740224 71410 18446744073709551615 366539953684 366540019408 549748715216 0 0 0 4612 0 1073779962 0 0 0 17 1 0 0 0 0 0 366540030344 366540030504 366646337536 549748718194 549748718241 549748718241 549748719585 0
T 30627.18
P 30514 28981 20010055 appspawn-x
30514 (com.example.hel) S 28981 0 0 0 -1 4194624 46209 0 0 0 107 69 0 0 0 -20 33 0 3062438 4034732032 71410 18446744073709551615 366539953684 366540019408 549748715216 0 0 0 4612 0 1073779962 0 0 0 17 1 0 0 0 0 0 366540030344 366540030504 366646337536 549748718194 549748718241 549748718241 549748719585 0
T 30627.36
P 30514 28981 20010055 appspawn-x
30514 (com.example.hel) S 28981 0 0 0 -1 4194624 46209 0 0 0 107 69 0 0 0 -20 33 0 3062438 4034732032 71410 18446744073709551615 366539953684 366540019408 549748715216 0 0 0 4612 0 1073779962 0 0 0 17 1 0 0 0 0 0 366540030344 366540030504 366646337536 549748718194 549748718241 549748718241 549748719585 0
T 30627.52
P 30514 28981 20010055 appspawn-x
30514 (com.example.hel) S 28981 0 0 0 -1 4194624 46212 0 0 0 107 70 0 0 0 -20 33 0 3062438 4034732032 71410 18446744073709551615 366539953684 366540019408 549748715216 0 0 0 4612 0 1073779962 0 0 0 17 1 0 0 0 0 0 366540030344 366540030504 366646337536 549748718194 549748718241 549748718241 549748719585 0
T 30627.67
P 30514 28981 20010055 appspawn-x
30514 (com.example.hel) S 28981 0 0 0 -1 4194624 46212 0 0 0 107 70 0 0 0 -20 33 0 3062438 4034732032 71410 18446744073709551615 366539953684 366540019408 549748715216 0 0 0 4612 0 1073779962 0 0 0 17 1 0 0 0 0 0 366540030344 366540030504 366646337536 549748718194 549748718241 549748718241 549748719585 0
T 30627.88
P 30514 28981 20010055 appspawn-x
30514 (com.example.hel) S 28981 0 0 0 -1 4194624 46213 0 0 0 107 70 0 0 0 -20 33 0 3062438 4034732032 71410 18446744073709551615 366539953684 366540019408 549748715216 0 0 0 4612 0 1073779962 0 0 0 17 1 0 0 0 0 0 366540030344 366540030504 366646337536 549748718194 549748718241 549748718241 549748719585 0
T 30628.06
P 30514 28981 20010055 appspawn-x
30514 (com.example.hel) S 28981 0 0 0 -1 4194624 46213 0 0 0 107 70 0 0 0 -20 33 0 3062438 4034732032 71410 18446744073709551615 366539953684 366540019408 549748715216 0 0 0 4612 0 1073779962 0 0 0 17 1 0 0 0 0 0 366540030344 366540030504 366646337536 549748718194 549748718241 549748718241 549748719585 0
T 30628.22
P 30514 28981 20010055 appspawn-x
30514 (com.example.hel) S 28981 0 0 0 -1 4194624 46213 0 0 0 107 70 0 0 0 -20 33 0 3062438 4034732032 71410 18446744073709551615 366539953684 366540019408 549748715216 0 0 0 4612 0 1073779962 0 0 0 17 1 0 0 0 0 0 366540030344 366540030504 366646337536 549748718194 549748718241 549748718241 549748719585 0
T 30628.42
P 30514 28981 20010055 appspawn-x
30514 (com.example.hel) S 28981 0 0 0 -1 4194624 46213 0 0 0 107 70 0 0 0 -20 33 0 3062438 4034732032 71410 18446744073709551615 366539953684 366540019408 549748715216 0 0 0 4612 0 1073779962 0 0 0 17 1 0 0 0 0 0 366540030344 366540030504 366646337536 549748718194 549748718241 549748718241 549748719585 0
T 30628.57
P 30514 28981 20010055 appspawn-x
30514 (com.example.hel) S 28981 0 0 0 -1 4194624 46213 0 0 0 107 70 0 0 0 -20 33 0 3062438 4034732032 71410 18446744073709551615 366539953684 366540019408 549748715216 0 0 0 4612 0 1073779962 0 0 0 17 1 0 0 0 0 0 366540030344 366540030504 366646337536 549748718194 549748718241 549748718241 549748719585 0
T 30628.74
P 30514 28981 20010055 appspawn-x
30514 (com.example.hel) S 28981 0 0 0 -1 4194624 46213 0 0 0 107 70 0 0 0 -20 33 0 3062438 4034732032 71410 18446744073709551615 366539953684 366540019408 549748715216 0 0 0 4612 0 1073779962 0 0 0 17 1 0 0 0 0 0 366540030344 366540030504 366646337536 549748718194 549748718241 549748718241 549748719585 0
T 30628.92
P 30514 28981 20010055 appspawn-x
30514 (com.example.hel) S 28981 0 0 0 -1 4194624 46217 0 0 0 107 70 0 0 0 -20 33 0 3062438 4034732032 71410 18446744073709551615 366539953684 366540019408 549748715216 0 0 0 4612 0 1073779962 0 0 0 17 3 0 0 0 0 0 366540030344 366540030504 366646337536 549748718194 549748718241 549748718241 549748719585 0
T 30629.07
P 30514 28981 20010055 appspawn-x
30514 (com.example.hel) S 28981 0 0 0 -1 4194624 46217 0 0 0 107 70 0 0 0 -20 33 0 3062438 4034732032 71410 18446744073709551615 366539953684 366540019408 549748715216 0 0 0 4612 0 1073779962 0 0 0 17 3 0 0 0 0 0 366540030344 366540030504 366646337536 549748718194 549748718241 549748718241 549748719585 0
T 30629.24
P 30514 28981 20010055 appspawn-x
30514 (com.example.hel) S 28981 0 0 0 -1 4194624 46217 0 0 0 107 70 0 0 0 -20 33 0 3062438 4034732032 71410 18446744073709551615 366539953684 366540019408 549748715216 0 0 0 4612 0 1073779962 0 0 0 17 3 0 0 0 0 0 366540030344 366540030504 366646337536 549748718194 549748718241 549748718241 549748719585 0
T 30629.44
P 30514 28981 20010055 appspawn-x
30514 (com.example.hel) S 28981 0 0 0 -1 4194624 46217 0 0 0 107 70 0 0 0 -20 33 0 3062438 4034732032 71410 18446744073709551615 366539953684 366540019408 549748715216 0 0 0 4612 0 1073779962 0 0 0 17 3 0 0 0 0 0 366540030344 366540030504 366646337536 549748718194 549748718241 549748718241 549748719585 0
T 30629.62
P 30514 28981 20010055 appspawn-x
30514 (com.example.hel) S 28981 0 0 0 -1 4194624 46217 0 0 0 107 70 0 0 0 -20 33 0 3062438 4034732032 71410 18446744073709551615 366539953684 366540019408 549748715216 0 0 0 4612 0 1073779962 0 0 0 17 3 0 0 0 0 0 366540030344 366540030504 366646337536 549748718194 549748718241 549748718241 549748719585 0
T 30629.77
P 30514 28981 20010055 appspawn-x
30514 (com.example.hel) S 28981 0 0 0 -1 4194624 46217 0 0 0 107 70 0 0 0 -20 33 0 3062438 4034732032 71410 18446744073709551615 366539953684 366540019408 549748715216 0 0 0 4612 0 1073779962 0 0 0 17 3 0 0 0 0 0 366540030344 366540030504 366646337536 549748718194 549748718241 549748718241 549748719585 0
T 30629.96
P 30514 28981 20010055 appspawn-x
30514 (com.example.hel) S 28981 0 0 0 -1 4194624 46217 0 0 0 107 70 0 0 0 -20 33 0 3062438 4034732032 71410 18446744073709551615 366539953684 366540019408 549748715216 0 0 0 4612 0 1073779962 0 0 0 17 3 0 0 0 0 0 366540030344 366540030504 366646337536 549748718194 549748718241 549748718241 549748719585 0
T 30630.12
P 30514 28981 20010055 appspawn-x
30514 (com.example.hel) S 28981 0 0 0 -1 4194624 46217 0 0 0 107 70 0 0 0 -20 33 0 3062438 4034732032 71410 18446744073709551615 366539953684 366540019408 549748715216 0 0 0 4612 0 1073779962 0 0 0 17 3 0 0 0 0 0 366540030344 366540030504 366646337536 549748718194 549748718241 549748718241 549748719585 0
T 30630.32
P 30514 28981 20010055 appspawn-x
30514 (com.example.hel) S 28981 0 0 0 -1 4194624 46217 0 0 0 107 70 0 0 0 -20 33 0 3062438 4034732032 71410 18446744073709551615 366539953684 366540019408 549748715216 0 0 0 4612 0 1073779962 0 0 0 17 3 0 0 0 0 0 366540030344 366540030504 366646337536 549748718194 549748718241 549748718241 549748719585 0
T 30630.48
P 30514 28981 20010055 appspawn-x
30514 (com.example.hel) S 28981 0 0 0 -1 4194624 46217 0 0 0 107 70 0 0 0 -20 33 0 3062438 4034732032 71410 18446744073709551615 366539953684 366540019408 549748715216 0 0 0 4612 0 1073779962 0 0 0 17 3 0 0 0 0 0 366540030344 366540030504 366646337536 549748718194 549748718241 549748718241 549748719585 0
T 30630.64
P 30514 28981 20010055 appspawn-x
30514 (com.example.hel) S 28981 0 0 0 -1 4194624 46217 0 0 0 107 70 0 0 0 -20 33 0 3062438 4034732032 71410 18446744073709551615 366539953684 366540019408 549748715216 0 0 0 4612 0 1073779962 0 0 0 17 3 0 0 0 0 0 366540030344 366540030504 366646337536 549748718194 549748718241 549748718241 549748719585 0
T 30630.80
P 30514 28981 20010055 appspawn-x
30514 (com.example.hel) S 28981 0 0 0 -1 4194624 46217 0 0 0 107 70 0 0 0 -20 33 0 3062438 4034732032 71406 18446744073709551615 366539953684 366540019408 549748715216 0 0 0 4612 0 1073779962 0 0 0 17 3 0 0 0 0 0 366540030344 366540030504 366646337536 549748718194 549748718241 549748718241 549748719585 0
T 30631.00
P 30514 28981 20010055 appspawn-x
30514 (com.example.hel) S 28981 0 0 0 -1 4194624 46238 0 0 0 107 71 0 0 0 -20 33 0 3062438 4034732032 71620 18446744073709551615 366539953684 366540019408 549748715216 0 0 0 4612 0 1073779962 0 0 0 17 3 0 0 0 0 0 366540030344 366540030504 366646337536 549748718194 549748718241 549748718241 549748719585 0
T 30631.19
P 30514 28981 20010055 appspawn-x
30514 (com.example.hel) S 28981 0 0 0 -1 4194624 46238 0 0 0 107 71 0 0 0 -20 33 0 3062438 4034732032 71620 18446744073709551615 366539953684 366540019408 549748715216 0 0 0 4612 0 1073779962 0 0 0 17 3 0 0 0 0 0 366540030344 366540030504 366646337536 549748718194 549748718241 549748718241 549748719585 0
T 30631.38
P 30514 28981 20010055 appspawn-x
30514 (com.example.hel) S 28981 0 0 0 -1 4194624 46238 0 0 0 107 71 0 0 0 -20 33 0 3062438 4034732032 71620 18446744073709551615 366539953684 366540019408 549748715216 0 0 0 4612 0 1073779962 0 0 0 17 3 0 0 0 0 0 366540030344 366540030504 366646337536 549748718194 549748718241 549748718241 549748719585 0
T 30631.56
P 30514 28981 20010055 appspawn-x
30514 (com.example.hel) S 28981 0 0 0 -1 4194624 46238 0 0 0 107 71 0 0 0 -20 33 0 3062438 4034732032 71620 18446744073709551615 366539953684 366540019408 549748715216 0 0 0 4612 0 1073779962 0 0 0 17 3 0 0 0 0 0 366540030344 366540030504 366646337536 549748718194 549748718241 549748718241 549748719585 0
T 30631.76
P 30514 28981 20010055 appspawn-x
30514 (com.example.hel) S 28981 0 0 0 -1 4194624 46238 0 0 0 107 71 0 0 0 -20 33 0 3062438 4034732032 71620 18446744073709551615 366539953684 366540019408 549748715216 0 0 0 4612 0 1073779962 0 0 0 17 3 0 0 0 0 0 366540030344 366540030504 366646337536 549748718194 549748718241 549748718241 549748719585 0
T 30631.93
P 30514 28981 20010055 appspawn-x
30514 (com.example.hel) S 28981 0 0 0 -1 4194624 46238 0 0 0 107 71 0 0 0 -20 33 0 3062438 4034732032 71620 18446744073709551615 366539953684 366540019408 549748715216 0 0 0 4612 0 1073779962 0 0 0 17 3 0 0 0 0 0 366540030344 366540030504 366646337536 549748718194 549748718241 549748718241 549748719585 0
T 30632.12
P 30514 28981 20010055 appspawn-x
30514 (com.example.hel) S 28981 0 0 0 -1 4194624 46238 0 0 0 107 71 0 0 0 -20 33 0 3062438 4034732032 71620 18446744073709551615 366539953684 366540019408 549748715216 0 0 0 4612 0 1073779962 0 0 0 17 3 0 0 0 0 0 366540030344 366540030504 366646337536 549748718194 549748718241 549748718241 549748719585 0
T 30632.29
P 30514 28981 20010055 appspawn-x
30514 (com.example.hel) S 28981 0 0 0 -1 4194624 46238 0 0 0 107 71 0 0 0 -20 33 0 3062438 4034732032 71620 18446744073709551615 366539953684 366540019408 549748715216 0 0 0 4612 0 1073779962 0 0 0 17 3 0 0 0 0 0 366540030344 366540030504 366646337536 549748718194 549748718241 549748718241 549748719585 0
T 30632.48
P 30514 28981 20010055 appspawn-x
30514 (com.example.hel) S 28981 0 0 0 -1 4194624 46238 0 0 0 107 71 0 0 0 -20 33 0 3062438 4034732032 71620 18446744073709551615 366539953684 366540019408 549748715216 0 0 0 4612 0 1073779962 0 0 0 17 3 0 0 0 0 0 366540030344 366540030504 366646337536 549748718194 549748718241 549748718241 549748719585 0
T 30632.66
P 30514 28981 20010055 appspawn-x
30514 (com.example.hel) S 28981 0 0 0 -1 4194624 46238 0 0 0 107 71 0 0 0 -20 33 0 3062438 4034732032 71620 18446744073709551615 366539953684 366540019408 549748715216 0 0 0 4612 0 1073779962 0 0 0 17 3 0 0 0 0 0 366540030344 366540030504 366646337536 549748718194 549748718241 549748718241 549748719585 0
T 30632.84
P 30514 28981 20010055 appspawn-x
30514 (com.example.hel) S 28981 0 0 0 -1 4194624 46238 0 0 0 107 71 0 0 0 -20 33 0 3062438 4034732032 71620 18446744073709551615 366539953684 366540019408 549748715216 0 0 0 4612 0 1073779962 0 0 0 17 3 0 0 0 0 0 366540030344 366540030504 366646337536 549748718194 549748718241 549748718241 549748719585 0
T 30633.02
P 30514 28981 20010055 appspawn-x
30514 (com.example.hel) S 28981 0 0 0 -1 4194624 46238 0 0 0 107 71 0 0 0 -20 33 0 3062438 4034732032 71620 18446744073709551615 366539953684 366540019408 549748715216 0 0 0 4612 0 1073779962 0 0 0 17 3 0 0 0 0 0 366540030344 366540030504 366646337536 549748718194 549748718241 549748718241 549748719585 0
T 30633.22
P 30514 28981 20010055 appspawn-x
30514 (com.example.hel) S 28981 0 0 0 -1 4194624 46238 0 0 0 107 71 0 0 0 -20 33 0 3062438 4034732032 71620 18446744073709551615 366539953684 366540019408 549748715216 0 0 0 4612 0 1073779962 0 0 0 17 3 0 0 0 0 0 366540030344 366540030504 366646337536 549748718194 549748718241 549748718241 549748719585 0
T 30633.39
P 30514 28981 20010055 appspawn-x
30514 (com.example.hel) S 28981 0 0 0 -1 4194624 46238 0 0 0 107 71 0 0 0 -20 33 0 3062438 4034732032 71620 18446744073709551615 366539953684 366540019408 549748715216 0 0 0 4612 0 1073779962 0 0 0 17 3 0 0 0 0 0 366540030344 366540030504 366646337536 549748718194 549748718241 549748718241 549748719585 0
T 30633.58
P 30514 28981 20010055 appspawn-x
30514 (com.example.hel) S 28981 0 0 0 -1 4194624 46238 0 0 0 107 71 0 0 0 -20 33 0 3062438 4034732032 71620 18446744073709551615 366539953684 366540019408 549748715216 0 0 0 4612 0 1073779962 0 0 0 17 3 0 0 0 0 0 366540030344 366540030504 366646337536 549748718194 549748718241 549748718241 549748719585 0
T 30633.76
P 30514 28981 20010055 appspawn-x
30514 (com.example.hel) S 28981 0 0 0 -1 4194624 46238 0 0 0 107 71 0 0 0 -20 33 0 3062438 4034732032 71620 18446744073709551615 366539953684 366540019408 549748715216 0 0 0 4612 0 1073779962 0 0 0 17 3 0 0 0 0 0 366540030344 366540030504 366646337536 549748718194 549748718241 549748718241 549748719585 0
T 30633.93
P 30514 28981 20010055 appspawn-x
30514 (com.example.hel) S 28981 0 0 0 -1 4194624 46252 0 0 0 108 71 0 0 0 -20 33 0 3062438 4034732032 71620 18446744073709551615 366539953684 366540019408 549748715216 0 0 0 4612 0 1073779962 0 0 0 17 3 0 0 0 0 0 366540030344 366540030504 366646337536 549748718194 549748718241 549748718241 549748719585 0
T 30634.12
P 30514 28981 20010055 appspawn-x
30514 (com.example.hel) S 28981 0 0 0 -1 4194624 46252 0 0 0 108 71 0 0 0 -20 33 0 3062438 4034732032 71620 18446744073709551615 366539953684 366540019408 549748715216 0 0 0 4612 0 1073779962 0 0 0 17 3 0 0 0 0 0 366540030344 366540030504 366646337536 549748718194 549748718241 549748718241 549748719585 0
T 30634.32
P 30514 28981 20010055 appspawn-x
30514 (com.example.hel) S 28981 0 0 0 -1 4194624 46252 0 0 0 108 71 0 0 0 -20 33 0 3062438 4034732032 71620 18446744073709551615 366539953684 366540019408 549748715216 0 0 0 4612 0 1073779962 0 0 0 17 3 0 0 0 0 0 366540030344 366540030504 366646337536 549748718194 549748718241 549748718241 549748719585 0
T 30634.51
P 30514 28981 20010055 appspawn-x
30514 (com.example.hel) S 28981 0 0 0 -1 4194624 46252 0 0 0 108 71 0 0 0 -20 33 0 3062438 4034732032 71620 18446744073709551615 366539953684 366540019408 549748715216 0 0 0 4612 0 1073779962 0 0 0 17 3 0 0 0 0 0 366540030344 366540030504 366646337536 549748718194 549748718241 549748718241 549748719585 0
T 30634.70
P 30514 28981 20010055 appspawn-x
30514 (com.example.hel) S 28981 0 0 0 -1 4194624 46252 0 0 0 108 71 0 0 0 -20 33 0 3062438 4034732032 71620 18446744073709551615 366539953684 366540019408 549748715216 0 0 0 4612 0 1073779962 0 0 0 17 3 0 0 0 0 0 366540030344 366540030504 366646337536 549748718194 549748718241 549748718241 549748719585 0
T 30634.89
P 30514 28981 20010055 appspawn-x
30514 (com.example.hel) S 28981 0 0 0 -1 4194624 46252 0 0 0 108 71 0 0 0 -20 33 0 3062438 4034732032 71620 18446744073709551615 366539953684 366540019408 549748715216 0 0 0 4612 0 1073779962 0 0 0 17 3 0 0 0 0 0 366540030344 366540030504 366646337536 549748718194 549748718241 549748718241 549748719585 0
T 30635.08
P 30514 28981 20010055 appspawn-x
30514 (com.example.hel) S 28981 0 0 0 -1 4194624 46252 0 0 0 108 71 0 0 0 -20 33 0 3062438 4034732032 71620 18446744073709551615 366539953684 366540019408 549748715216 0 0 0 4612 0 1073779962 0 0 0 17 3 0 0 0 0 0 366540030344 366540030504 366646337536 549748718194 549748718241 549748718241 549748719585 0
T 30635.27
P 30514 28981 20010055 appspawn-x
30514 (com.example.hel) S 28981 0 0 0 -1 4194624 46252 0 0 0 108 71 0 0 0 -20 33 0 3062438 4034732032 71620 18446744073709551615 366539953684 366540019408 549748715216 0 0 0 4612 0 1073779962 0 0 0 17 3 0 0 0 0 0 366540030344 366540030504 366646337536 549748718194 549748718241 549748718241 549748719585 0
T 30635.44
P 30514 28981 20010055 appspawn-x
30514 (com.example.hel) S 28981 0 0 0 -1 4194624 46252 0 0 0 108 71 0 0 0 -20 33 0 3062438 4034732032 71620 18446744073709551615 366539953684 366540019408 549748715216 0 0 0 4612 0 1073779962 0 0 0 17 3 0 0 0 0 0 366540030344 366540030504 366646337536 549748718194 549748718241 549748718241 549748719585 0
T 30635.63
P 30514 28981 20010055 appspawn-x
30514 (com.example.hel) S 28981 0 0 0 -1 4194624 46252 0 0 0 108 71 0 0 0 -20 33 0 3062438 4034732032 71620 18446744073709551615 366539953684 366540019408 549748715216 0 0 0 4612 0 1073779962 0 0 0 17 3 0 0 0 0 0 366540030344 366540030504 366646337536 549748718194 549748718241 549748718241 549748719585 0
T 30635.81
P 30514 28981 20010055 appspawn-x
30514 (com.example.hel) S 28981 0 0 0 -1 4194624 46252 0 0 0 108 71 0 0 0 -20 33 0 3062438 4034732032 71620 18446744073709551615 366539953684 366540019408 549748715216 0 0 0 4612 0 1073779962 0 0 0 17 3 0 0 0 0 0 366540030344 366540030504 366646337536 549748718194 549748718241 549748718241 549748719585 0
T 30636.00
P 30514 28981 20010055 appspawn-x
30514 (com.example.hel) S 28981 0 0 0 -1 4194624 46252 0 0 0 108 71 0 0 0 -20 33 0 3062438 4034732032 71620 18446744073709551615 366539953684 366540019408 549748715216 0 0 0 4612 0 1073779962 0 0 0 17 3 0 0 0 0 0 366540030344 366540030504 366646337536 549748718194 549748718241 549748718241 549748719585 0
T 30636.17
P 30514 28981 20010055 appspawn-x
30514 (com.example.hel) S 28981 0 0 0 -1 4194624 46252 0 0 0 108 71 0 0 0 -20 33 0 3062438 4034732032 71620 18446744073709551615 366539953684 366540019408 549748715216 0 0 0 4612 0 1073779962 0 0 0 17 3 0 0 0 0 0 366540030344 366540030504 366646337536 549748718194 549748718241 549748718241 549748719585 0
T 30636.35
P 30514 28981 20010055 appspawn-x
30514 (com.example.hel) S 28981 0 0 0 -1 4194624 46252 0 0 0 108 71 0 0 0 -20 33 0 3062438 4034732032 71620 18446744073709551615 366539953684 366540019408 549748715216 0 0 0 4612 0 1073779962 0 0 0 17 3 0 0 0 0 0 366540030344 366540030504 366646337536 549748718194 549748718241 549748718241 549748719585 0
T 30636.53
P 30514 28981 20010055 appspawn-x
30514 (com.example.hel) S 28981 0 0 0 -1 4194624 46252 0 0 0 108 71 0 0 0 -20 33 0 3062438 4034732032 71620 18446744073709551615 366539953684 366540019408 549748715216 0 0 0 4612 0 1073779962 0 0 0 17 3 0 0 0 0 0 366540030344 366540030504 366646337536 549748718194 549748718241 549748718241 549748719585 0
T 30636.72
P 30514 28981 20010055 appspawn-x
30514 (com.example.hel) S 28981 0 0 0 -1 4194624 46252 0 0 0 108 71 0 0 0 -20 33 0 3062438 4034732032 71620 18446744073709551615 366539953684 366540019408 549748715216 0 0 0 4612 0 1073779962 0 0 0 17 3 0 0 0 0 0 366540030344 366540030504 366646337536 549748718194 549748718241 549748718241 549748719585 0
T 30636.90
P 30514 28981 20010055 appspawn-x
30514 (com.example.hel) S 28981 0 0 0 -1 4194624 46252 0 0 0 108 71 0 0 0 -20 33 0 3062438 4034732032 71620 18446744073709551615 366539953684 366540019408 549748715216 0 0 0 4612 0 1073779962 0 0 0 17 3 0 0 0 0 0 366540030344 366540030504 366646337536 549748718194 549748718241 549748718241 549748719585 0
T 30637.06
P 30514 28981 20010055 appspawn-x
30514 (com.example.hel) S 28981 0 0 0 -1 4194624 46252 0 0 0 108 71 0 0 0 -20 33 0 3062438 4034732032 71620 18446744073709551615 366539953684 366540019408 549748715216 0 0 0 4612 0 1073779962 0 0 0 17 3 0 0 0 0 0 366540030344 366540030504 366646337536 549748718194 549748718241 549748718241 549748719585 0
T 30637.21
P 30514 28981 20010055 appspawn-x
30514 (com.example.hel) S 28981 0 0 0 -1 4194624 46252 0 0 0 108 71 0 0 0 -20 33 0 3062438 4034732032 71620 18446744073709551615 366539953684 366540019408 549748715216 0 0 0 4612 0 1073779962 0 0 0 17 3 0 0 0 0 0 366540030344 366540030504 366646337536 549748718194 549748718241 549748718241 549748719585 0
T 30637.37
P 30514 28981 20010055 appspawn-x
30514 (com.example.hel) S 28981 0 0 0 -1 4194624 46252 0 0 0 108 71 0 0 0 -20 33 0 3062438 4034732032 71620 18446744073709551615 366539953684 366540019408 549748715216 0 0 0 4612 0 1073779962 0 0 0 17 3 0 0 0 0 0 366540030344 366540030504 366646337536 549748718194 549748718241 549748718241 549748719585 0
T 30637.53
P 30514 28981 20010055 appspawn-x
30514 (com.example.hel) S 28981 0 0 0 -1 4194624 46252 0 0 0 108 71 0 0 0 -20 33 0 3062438 4034732032 71620 18446744073709551615 366539953684 366540019408 549748715216 0 0 0 4612 0 1073779962 0 0 0 17 3 0 0 0 0 0 366540030344 366540030504 366646337536 549748718194 549748718241 549748718241 549748719585 0
T 30637.68
P 30514 28981 20010055 appspawn-x
30514 (com.example.hel) S 28981 0 0 0 -1 4194624 46252 0 0 0 108 71 0 0 0 -20 33 0 3062438 4034732032 71620 18446744073709551615 366539953684 366540019408 549748715216 0 0 0 4612 0 1073779962 0 0 0 17 3 0 0 0 0 0 366540030344 366540030504 366646337536 549748718194 549748718241 549748718241 549748719585 0
T 30637.84
P 30514 28981 20010055 appspawn-x
30514 (com.example.hel) S 28981 0 0 0 -1 4194624 46252 0 0 0 108 71 0 0 0 -20 33 0 3062438 4034732032 71620 18446744073709551615 366539953684 366540019408 549748715216 0 0 0 4612 0 1073779962 0 0 0 17 3 0 0 0 0 0 366540030344 366540030504 366646337536 549748718194 549748718241 549748718241 549748719585 0
T 30638.00
P 30514 28981 20010055 appspawn-x
30514 (com.example.hel) S 28981 0 0 0 -1 4194624 46252 0 0 0 108 71 0 0 0 -20 33 0 3062438 4034732032 71620 18446744073709551615 366539953684 366540019408 549748715216 0 0 0 4612 0 1073779962 0 0 0 17 3 0 0 0 0 0 366540030344 366540030504 366646337536 549748718194 549748718241 549748718241 549748719585 0
T 30638.15
P 30514 28981 20010055 appspawn-x
30514 (com.example.hel) S 28981 0 0 0 -1 4194624 46252 0 0 0 108 71 0 0 0 -20 33 0 3062438 4034732032 71620 18446744073709551615 366539953684 366540019408 549748715216 0 0 0 4612 0 1073779962 0 0 0 17 3 0 0 0 0 0 366540030344 366540030504 366646337536 549748718194 549748718241 549748718241 549748719585 0
T 30638.31
P 30514 28981 20010055 appspawn-x
30514 (com.example.hel) S 28981 0 0 0 -1 4194624 46252 0 0 0 108 71 0 0 0 -20 33 0 3062438 4034732032 71620 18446744073709551615 366539953684 366540019408 549748715216 0 0 0 4612 0 1073779962 0 0 0 17 3 0 0 0 0 0 366540030344 366540030504 366646337536 549748718194 549748718241 549748718241 549748719585 0
T 30638.46
P 30514 28981 20010055 appspawn-x
30514 (com.example.hel) S 28981 0 0 0 -1 4194624 46252 0 0 0 108 71 0 0 0 -20 33 0 3062438 4034732032 71620 18446744073709551615 366539953684 366540019408 549748715216 0 0 0 4612 0 1073779962 0 0 0 17 3 0 0 0 0 0 366540030344 366540030504 366646337536 549748718194 549748718241 549748718241 549748719585 0
T 30638.62
P 30514 28981 20010055 appspawn-x
30514 (com.example.hel) S 28981 0 0 0 -1 4194624 46252 0 0 0 108 71 0 0 0 -20 33 0 3062438 4034732032 71620 18446744073709551615 366539953684 366540019408 549748715216 0 0 0 4612 0 1073779962 0 0 0 17 3 0 0 0 0 0 366540030344 366540030504 366646337536 549748718194 549748718241 549748718241 549748719585 0
T 30638.78
P 30514 28981 20010055 appspawn-x
30514 (com.example.hel) S 28981 0 0 0 -1 4194624 46252 0 0 0 108 71 0 0 0 -20 33 0 3062438 4034732032 71620 18446744073709551615 366539953684 366540019408 549748715216 0 0 0 4612 0 1073779962 0 0 0 17 3 0 0 0 0 0 366540030344 366540030504 366646337536 549748718194 549748718241 549748718241 549748719585 0
T 30638.96
P 30514 28981 20010055 appspawn-x
30514 (com.example.hel) S 28981 0 0 0 -1 4194624 46252 0 0 0 108 71 0 0 0 -20 33 0 3062438 4034732032 71620 18446744073709551615 366539953684 366540019408 549748715216 0 0 0 4612 0 1073779962 0 0 0 17 3 0 0 0 0 0 366540030344 366540030504 366646337536 549748718194 549748718241 549748718241 549748719585 0
T 30639.14
P 30514 28981 20010055 appspawn-x
30514 (com.example.hel) S 28981 0 0 0 -1 4194624 46252 0 0 0 108 71 0 0 0 -20 33 0 3062438 4034732032 71620 18446744073709551615 366539953684 366540019408 549748715216 0 0 0 4612 0 1073779962 0 0 0 17 3 0 0 0 0 0 366540030344 366540030504 366646337536 549748718194 549748718241 549748718241 549748719585 0
T 30639.33
P 30514 28981 20010055 appspawn-x
30514 (com.example.hel) S 28981 0 0 0 -1 4194624 46252 0 0 0 108 71 0 0 0 -20 33 0 3062438 4034732032 71620 18446744073709551615 366539953684 366540019408 549748715216 0 0 0 4612 0 1073779962 0 0 0 17 3 0 0 0 0 0 366540030344 366540030504 366646337536 549748718194 549748718241 549748718241 549748719585 0
T 30639.51
P 30514 28981 20010055 appspawn-x
30514 (com.example.hel) S 28981 0 0 0 -1 4194624 46252 0 0 0 108 71 0 0 0 -20 33 0 3062438 4034732032 71620 18446744073709551615 366539953684 366540019408 549748715216 0 0 0 4612 0 1073779962 0 0 0 17 3 0 0 0 0 0 366540030344 366540030504 366646337536 549748718194 549748718241 549748718241 549748719585 0
T 30639.70
P 30514 28981 20010055 appspawn-x
30514 (com.example.hel) S 28981 0 0 0 -1 4194624 46252 0 0 0 108 71 0 0 0 -20 33 0 3062438 4034732032 71620 18446744073709551615 366539953684 366540019408 549748715216 0 0 0 4612 0 1073779962 0 0 0 17 3 0 0 0 0 0 366540030344 366540030504 366646337536 549748718194 549748718241 549748718241 549748719585 0
