T 4271.31
T 4271.46
T 4271.62
T 4271.79
P 13553 8894 20010056 appspawn-x
13553 (b.bridge.zigzag) R 8894 0 0 0 -1 4194624 1039 0 0 0 12 5 0 0 0 -20 1 0 427167 2219814912 3967 18446744073709551615 367199651604 367199718272 549414198448 0 0 0 0 4096 1073775866 0 0 0 17 4 0 0 0 0 0 367199729208 367199729368 368069349376 549414201949 549414201996 549414201996 549414203361 0
T 4272.01
P 13553 8894 20010056 appspawn-x
13553 (main) R 8894 0 0 0 -1 4194624 12535 0 0 0 16 20 0 0 0 -20 1 0 427167 3300630528 15023 18446744073709551615 367199651604 367199718272 549414198448 0 0 0 4612 0 1073779962 0 0 0 17 5 0 0 0 0 0 367199729208 367199729368 368069349376 549414201949 549414201996 549414201996 549414203361 0
T 4272.23
P 13553 8894 20010056 appspawn-x
13553 (main) R 8894 0 0 0 -1 4194624 14817 0 0 0 20 26 0 0 0 -20 10 0 427167 3470594048 21813 18446744073709551615 367199651604 367199718272 549414198448 0 0 0 4612 0 1073779962 0 0 0 17 5 0 0 0 0 0 367199729208 367199729368 368069349376 549414201949 549414201996 549414201996 549414203361 0
T 4272.39
P 13553 8894 20010056 appspawn-x
13553 (main) R 8894 0 0 0 -1 4194624 16772 0 0 0 34 31 0 0 0 -20 10 0 427167 3518779392 26205 18446744073709551615 367199651604 367199718272 549414198448 0 0 0 4612 0 1073779962 0 0 0 17 7 0 0 0 0 0 367199729208 367199729368 368069349376 549414201949 549414201996 549414201996 549414203361 0
T 4272.58
P 13553 8894 20010056 appspawn-x
13553 (main) R 8894 0 0 0 -1 4194624 20478 0 0 0 47 36 0 0 0 -20 10 0 427167 3582754816 45608 18446744073709551615 367199651604 367199718272 549414198448 0 0 0 4612 0 1073779962 0 0 0 17 7 0 0 0 0 0 367199729208 367199729368 368069349376 549414201949 549414201996 549414201996 549414203361 0
T 4272.76
P 13553 8894 20010056 appspawn-x
13553 (com.a2hlab.brid) R 8894 0 0 0 -1 4194624 24402 0 0 0 57 41 0 0 0 -20 12 0 427167 3695054848 53654 18446744073709551615 367199651604 367199718272 549414198448 0 0 0 4612 0 1073779962 0 0 0 17 7 0 0 0 0 0 367199729208 367199729368 368069349376 549414201949 549414201996 549414201996 549414203361 0
T 4272.91
P 13553 8894 20010056 appspawn-x
13553 (com.a2hlab.brid) R 8894 0 0 0 -1 4194624 33250 0 0 0 69 48 0 0 0 -20 12 0 427167 3731259392 62512 18446744073709551615 367199651604 367199718272 549414198448 0 0 0 4612 0 1073779962 0 0 0 17 7 0 0 0 0 0 367199729208 367199729368 368069349376 549414201949 549414201996 549414201996 549414203361 0
T 4273.10
P 13553 8894 20010056 appspawn-x
13553 (com.a2hlab.brid) R 8894 0 0 0 -1 4194624 38170 0 0 0 79 53 0 0 0 -20 12 0 427167 3745038336 65875 18446744073709551615 367199651604 367199718272 549414198448 0 0 0 4612 0 1073779962 0 0 0 17 7 0 0 0 0 0 367199729208 367199729368 368069349376 549414201949 549414201996 549414201996 549414203361 0
T 4273.25
P 13553 8894 20010056 appspawn-x
13553 (<pre-initialize) R 8894 0 0 0 -1 4194624 39749 0 0 0 90 58 0 0 0 -20 13 0 427167 3724857344 59067 18446744073709551615 367199651604 367199718272 549414198448 0 0 0 4612 0 1073779962 0 0 0 17 7 0 0 0 0 0 367199729208 367199729368 368069349376 549414201949 549414201996 549414201996 549414203361 0
T 4273.41
P 13553 8894 20010056 appspawn-x
13553 (com.a2hlab.brid) S 8894 0 0 0 -1 1077936448 42850 0 0 0 99 65 0 0 0 -20 16 0 427167 4125474816 69408 18446744073709551615 367199651604 367199718272 549414198448 0 0 0 4612 0 1073779962 0 0 0 17 5 0 0 0 0 0 367199729208 367199729368 368069349376 549414201949 549414201996 549414201996 549414203361 0
T 4273.59
P 13553 8894 20010056 appspawn-x
13553 (com.a2hlab.brid) S 8894 0 0 0 -1 1077936448 44875 0 0 0 103 72 0 0 0 -20 31 0 427167 4265320448 72948 18446744073709551615 367199651604 367199718272 549414198448 0 0 0 4612 0 1073779962 0 0 0 17 6 0 0 0 0 0 367199729208 367199729368 368069349376 549414201949 549414201996 549414201996 549414203361 0
T 4273.76
P 13553 8894 20010056 appspawn-x
13553 (com.a2hlab.brid) S 8894 0 0 0 -1 4194624 48066 0 0 0 114 76 0 0 0 -20 39 0 427167 6514724864 77295 18446744073709551615 367199651604 367199718272 549414198448 0 0 0 4612 0 1073779962 0 0 0 17 4 0 0 0 0 0 367199729208 367199729368 368069349376 549414201949 549414201996 549414201996 549414203361 0
T 4273.92
P 13553 8894 20010056 appspawn-x
13553 (com.a2hlab.brid) S 8894 0 0 0 -1 4194624 48087 0 0 0 131 77 0 0 0 -20 39 0 427167 6514724864 77295 18446744073709551615 367199651604 367199718272 549414198448 0 0 0 4612 0 1073779962 0 0 0 17 5 0 0 0 0 0 367199729208 367199729368 368069349376 549414201949 549414201996 549414201996 549414203361 0
T 4274.10
P 13553 8894 20010056 appspawn-x
13553 (com.a2hlab.brid) S 8894 0 0 0 -1 4194624 53503 0 0 0 146 81 0 0 0 -20 63 0 427167 6721527808 84168 18446744073709551615 367199651604 367199718272 549414198448 0 0 0 4612 0 1619039482 0 0 0 17 4 0 0 0 0 0 367199729208 367199729368 368069349376 549414201949 549414201996 549414201996 549414203361 0
T 4274.27
P 13553 8894 20010056 appspawn-x
13553 (com.a2hlab.brid) S 8894 0 0 0 -1 4194624 55414 0 0 0 149 85 0 0 0 -20 63 0 427167 6991654912 85174 18446744073709551615 367199651604 367199718272 549414198448 0 0 0 4612 0 1619039482 0 0 0 17 4 0 0 0 0 0 367199729208 367199729368 368069349376 549414201949 549414201996 549414201996 549414203361 0
T 4274.44
P 13553 8894 20010056 appspawn-x
13553 (com.a2hlab.brid) S 8894 0 0 0 -1 4194624 60706 0 0 0 159 91 0 0 0 -20 67 0 427167 7596396544 96361 18446744073709551615 367199651604 367199718272 549414198448 0 0 0 4612 0 1619039482 0 0 0 17 4 0 0 0 0 0 367199729208 367199729368 368069349376 549414201949 549414201996 549414201996 549414203361 0
T 4274.62
P 13553 8894 20010056 appspawn-x
13553 (com.a2hlab.brid) S 8894 0 0 0 -1 4194624 63987 0 0 0 173 102 0 0 0 -20 68 0 427167 7969157120 100792 18446744073709551615 367199651604 367199718272 549414198448 0 0 0 4612 0 1619039482 0 0 0 17 1 0 0 0 0 0 367199729208 367199729368 368069349376 549414201949 549414201996 549414201996 549414203361 0
T 4274.82
P 13553 8894 20010056 appspawn-x
13553 (com.a2hlab.brid) S 8894 0 0 0 -1 4194624 64200 0 0 0 175 104 0 0 0 -20 68 0 427167 7969222656 100920 18446744073709551615 367199651604 367199718272 549414198448 0 0 0 4612 0 1619039482 0 0 0 17 1 0 0 0 0 0 367199729208 367199729368 368069349376 549414201949 549414201996 549414201996 549414203361 0
T 4274.99
P 13553 8894 20010056 appspawn-x
13553 (com.a2hlab.brid) S 8894 0 0 0 -1 4194624 64310 0 0 0 176 105 0 0 0 -20 68 0 427167 7977836544 100954 18446744073709551615 367199651604 367199718272 549414198448 0 0 0 4612 0 1619039482 0 0 0 17 7 0 0 0 0 0 367199729208 367199729368 368069349376 549414201949 549414201996 549414201996 549414203361 0
T 4275.18
P 13553 8894 20010056 appspawn-x
13553 (com.a2hlab.brid) S 8894 0 0 0 -1 4194624 64332 0 0 0 178 107 0 0 0 -20 68 0 427167 7969222656 100959 18446744073709551615 367199651604 367199718272 549414198448 0 0 0 4612 0 1619039482 0 0 0 17 7 0 0 0 0 0 367199729208 367199729368 368069349376 549414201949 549414201996 549414201996 549414203361 0
T 4275.36
P 13553 8894 20010056 appspawn-x
13553 (com.a2hlab.brid) S 8894 0 0 0 -1 4194624 64464 0 0 0 179 110 0 0 0 -20 68 0 427167 7969222656 101541 18446744073709551615 367199651604 367199718272 549414198448 0 0 0 4612 0 1619039482 0 0 0 17 7 0 0 0 0 0 367199729208 367199729368 368069349376 549414201949 549414201996 549414201996 549414203361 0
T 4275.53
P 13553 8894 20010056 appspawn-x
13553 (com.a2hlab.brid) S 8894 0 0 0 -1 4194624 64591 0 0 0 181 112 0 0 0 -20 68 0 427167 7969222656 101069 18446744073709551615 367199651604 367199718272 549414198448 0 0 0 4612 0 1619039482 0 0 0 17 7 0 0 0 0 0 367199729208 367199729368 368069349376 549414201949 549414201996 549414201996 549414203361 0
T 4275.72
P 13553 8894 20010056 appspawn-x
13553 (com.a2hlab.brid) S 8894 0 0 0 -1 4194624 64724 0 0 0 183 114 0 0 0 -20 68 0 427167 7969222656 101195 18446744073709551615 367199651604 367199718272 549414198448 0 0 0 4612 0 1619039482 0 0 0 17 7 0 0 0 0 0 367199729208 367199729368 368069349376 549414201949 549414201996 549414201996 549414203361 0
T 4275.90
P 13553 8894 20010056 appspawn-x
13553 (com.a2hlab.brid) S 8894 0 0 0 -1 4194624 64834 0 0 0 185 115 0 0 0 -20 68 0 427167 7969222656 101232 18446744073709551615 367199651604 367199718272 549414198448 0 0 0 4612 0 1619039482 0 0 0 17 7 0 0 0 0 0 367199729208 367199729368 368069349376 549414201949 549414201996 549414201996 549414203361 0
T 4276.08
P 13553 8894 20010056 appspawn-x
13553 (com.a2hlab.brid) S 8894 0 0 0 -1 4194624 64980 0 0 0 187 118 0 0 0 -20 68 0 427167 7969222656 101816 18446744073709551615 367199651604 367199718272 549414198448 0 0 0 4612 0 1619039482 0 0 0 17 7 0 0 0 0 0 367199729208 367199729368 368069349376 549414201949 549414201996 549414201996 549414203361 0
T 4276.28
P 13553 8894 20010056 appspawn-x
13553 (com.a2hlab.brid) S 8894 0 0 0 -1 4194624 65025 0 0 0 187 121 0 0 0 -20 68 0 427167 7969222656 101342 18446744073709551615 367199651604 367199718272 549414198448 0 0 0 4612 0 1619039482 0 0 0 17 7 0 0 0 0 0 367199729208 367199729368 368069349376 549414201949 549414201996 549414201996 549414203361 0
T 4276.44
P 13553 8894 20010056 appspawn-x
13553 (com.a2hlab.brid) S 8894 0 0 0 -1 4194624 65137 0 0 0 188 123 0 0 0 -20 68 0 427167 7969222656 101376 18446744073709551615 367199651604 367199718272 549414198448 0 0 0 4612 0 1619039482 0 0 0 17 1 0 0 0 0 0 367199729208 367199729368 368069349376 549414201949 549414201996 549414201996 549414203361 0
T 4276.60
P 13553 8894 20010056 appspawn-x
13553 (com.a2hlab.brid) S 8894 0 0 0 -1 4194624 66647 0 0 0 194 126 0 0 0 -20 69 0 427167 8045441024 104746 18446744073709551615 367199651604 367199718272 549414198448 0 0 0 4612 0 1619039482 0 0 0 17 1 0 0 0 0 0 367199729208 367199729368 368069349376 549414201949 549414201996 549414201996 549414203361 0
T 4276.77
P 13553 8894 20010056 appspawn-x
13553 (com.a2hlab.brid) S 8894 0 0 0 -1 4194624 69474 0 0 0 207 132 0 0 0 -20 71 0 427167 8059142144 107061 18446744073709551615 367199651604 367199718272 549414198448 0 0 0 4612 0 1619039482 0 0 0 17 5 0 0 0 0 0 367199729208 367199729368 368069349376 549414201949 549414201996 549414201996 549414203361 0
T 4276.96
P 13553 8894 20010056 appspawn-x
13553 (com.a2hlab.brid) S 8894 0 0 0 -1 4194624 70043 0 0 0 213 136 0 0 0 -20 72 0 427167 8061472768 108196 18446744073709551615 367199651604 367199718272 549414198448 0 0 0 4612 0 1619039482 0 0 0 17 0 0 0 0 0 0 367199729208 367199729368 368069349376 549414201949 549414201996 549414201996 549414203361 0
T 4277.14
P 13553 8894 20010056 appspawn-x
13553 (com.a2hlab.brid) S 8894 0 0 0 -1 4194624 70338 0 0 0 215 139 0 0 0 -20 72 0 427167 8061472768 108448 18446744073709551615 367199651604 367199718272 549414198448 0 0 0 4612 0 1619039482 0 0 0 17 0 0 0 0 0 0 367199729208 367199729368 368069349376 549414201949 549414201996 549414201996 549414203361 0
T 4277.33
P 13553 8894 20010056 appspawn-x
13553 (com.a2hlab.brid) S 8894 0 0 0 -1 4194624 70625 0 0 0 216 142 0 0 0 -20 72 0 427167 8061472768 109615 18446744073709551615 367199651604 367199718272 549414198448 0 0 0 4612 0 1619039482 0 0 0 17 0 0 0 0 0 0 367199729208 367199729368 368069349376 549414201949 549414201996 549414201996 549414203361 0
T 4277.49
P 13553 8894 20010056 appspawn-x
13553 (com.a2hlab.brid) S 8894 0 0 0 -1 4194624 70770 0 0 0 217 144 0 0 0 -20 72 0 427167 8061472768 108738 18446744073709551615 367199651604 367199718272 549414198448 0 0 0 4612 0 1619039482 0 0 0 17 0 0 0 0 0 0 367199729208 367199729368 368069349376 549414201949 549414201996 549414201996 549414203361 0
T 4277.68
P 13553 8894 20010056 appspawn-x
13553 (com.a2hlab.brid) S 8894 0 0 0 -1 4194624 70902 0 0 0 219 147 0 0 0 -20 72 0 427167 8061472768 108795 18446744073709551615 367199651604 367199718272 549414198448 0 0 0 4612 0 1619039482 0 0 0 17 0 0 0 0 0 0 367199729208 367199729368 368069349376 549414201949 549414201996 549414201996 549414203361 0
T 4277.86
P 13553 8894 20010056 appspawn-x
13553 (com.a2hlab.brid) S 8894 0 0 0 -1 4194624 71164 0 0 0 221 150 0 0 0 -20 72 0 427167 8061472768 109981 18446744073709551615 367199651604 367199718272 549414198448 0 0 0 4612 0 1619039482 0 0 0 17 0 0 0 0 0 0 367199729208 367199729368 368069349376 549414201949 549414201996 549414201996 549414203361 0
T 4278.06
P 13553 8894 20010056 appspawn-x
13553 (com.a2hlab.brid) S 8894 0 0 0 -1 4194624 71317 0 0 0 224 151 0 0 0 -20 72 0 427167 8061472768 109045 18446744073709551615 367199651604 367199718272 549414198448 0 0 0 4612 0 1619039482 0 0 0 17 0 0 0 0 0 0 367199729208 367199729368 368069349376 549414201949 549414201996 549414201996 549414203361 0
T 4278.24
P 13553 8894 20010056 appspawn-x
13553 (com.a2hlab.brid) S 8894 0 0 0 -1 4194624 71406 0 0 0 226 153 0 0 0 -20 72 0 427167 8061472768 109061 18446744073709551615 367199651604 367199718272 549414198448 0 0 0 4612 0 1619039482 0 0 0 17 0 0 0 0 0 0 367199729208 367199729368 368069349376 549414201949 549414201996 549414201996 549414203361 0
T 4278.44
P 13553 8894 20010056 appspawn-x
13553 (com.a2hlab.brid) S 8894 0 0 0 -1 4194624 71483 0 0 0 229 155 0 0 0 -20 72 0 427167 8061472768 109064 18446744073709551615 367199651604 367199718272 549414198448 0 0 0 4612 0 1619039482 0 0 0 17 7 0 0 0 0 0 367199729208 367199729368 368069349376 549414201949 549414201996 549414201996 549414203361 0
T 4278.61
P 13553 8894 20010056 appspawn-x
13553 (com.a2hlab.brid) S 8894 0 0 0 -1 4194624 71542 0 0 0 230 158 0 0 0 -20 72 0 427167 8061472768 109134 18446744073709551615 367199651604 367199718272 549414198448 0 0 0 4612 0 1619039482 0 0 0 17 7 0 0 0 0 0 367199729208 367199729368 368069349376 549414201949 549414201996 549414201996 549414203361 0
T 4278.77
P 13553 8894 20010056 appspawn-x
13553 (com.a2hlab.brid) S 8894 0 0 0 -1 4194624 71615 0 0 0 232 160 0 0 0 -20 72 0 427167 8061472768 109136 18446744073709551615 367199651604 367199718272 549414198448 0 0 0 4612 0 1619039482 0 0 0 17 7 0 0 0 0 0 367199729208 367199729368 368069349376 549414201949 549414201996 549414201996 549414203361 0
T 4278.93
P 13553 8894 20010056 appspawn-x
13553 (com.a2hlab.brid) S 8894 0 0 0 -1 4194624 71666 0 0 0 234 161 0 0 0 -20 72 0 427167 8061472768 109202 18446744073709551615 367199651604 367199718272 549414198448 0 0 0 4612 0 1619039482 0 0 0 17 7 0 0 0 0 0 367199729208 367199729368 368069349376 549414201949 549414201996 549414201996 549414203361 0
T 4279.10
P 13553 8894 20010056 appspawn-x
13553 (com.a2hlab.brid) S 8894 0 0 0 -1 4194624 71707 0 0 0 236 164 0 0 0 -20 72 0 427167 8061472768 109204 18446744073709551615 367199651604 367199718272 549414198448 0 0 0 4612 0 1619039482 0 0 0 17 7 0 0 0 0 0 367199729208 367199729368 368069349376 549414201949 549414201996 549414201996 549414203361 0
T 4279.28
P 13553 8894 20010056 appspawn-x
13553 (com.a2hlab.brid) S 8894 0 0 0 -1 4194624 71754 0 0 0 238 166 0 0 0 -20 72 0 427167 8061472768 109270 18446744073709551615 367199651604 367199718272 549414198448 0 0 0 4612 0 1619039482 0 0 0 17 7 0 0 0 0 0 367199729208 367199729368 368069349376 549414201949 549414201996 549414201996 549414203361 0
T 4279.46
P 13553 8894 20010056 appspawn-x
13553 (com.a2hlab.brid) S 8894 0 0 0 -1 4194624 71801 0 0 0 240 168 0 0 0 -20 72 0 427167 8061472768 110297 18446744073709551615 367199651604 367199718272 549414198448 0 0 0 4612 0 1619039482 0 0 0 17 7 0 0 0 0 0 367199729208 367199729368 368069349376 549414201949 549414201996 549414201996 549414203361 0
T 4279.66
P 13553 8894 20010056 appspawn-x
13553 (com.a2hlab.brid) S 8894 0 0 0 -1 4194624 71838 0 0 0 243 169 0 0 0 -20 72 0 427167 8061472768 109850 18446744073709551615 367199651604 367199718272 549414198448 0 0 0 4612 0 1619039482 0 0 0 17 7 0 0 0 0 0 367199729208 367199729368 368069349376 549414201949 549414201996 549414201996 549414203361 0
T 4279.83
P 13553 8894 20010056 appspawn-x
13553 (com.a2hlab.brid) S 8894 0 0 0 -1 4194624 71887 0 0 0 245 171 0 0 0 -20 72 0 427167 8070086656 109851 18446744073709551615 367199651604 367199718272 549414198448 0 0 0 4612 0 1619039482 0 0 0 17 7 0 0 0 0 0 367199729208 367199729368 368069349376 549414201949 549414201996 549414201996 549414203361 0
T 4280.02
P 13553 8894 20010056 appspawn-x
13553 (com.a2hlab.brid) S 8894 0 0 0 -1 4194624 71950 0 0 0 246 173 0 0 0 -20 72 0 427167 8061472768 109403 18446744073709551615 367199651604 367199718272 549414198448 0 0 0 4612 0 1619039482 0 0 0 17 7 0 0 0 0 0 367199729208 367199729368 368069349376 549414201949 549414201996 549414201996 549414203361 0
T 4280.22
P 13553 8894 20010056 appspawn-x
13553 (com.a2hlab.brid) S 8894 0 0 0 -1 4194624 71995 0 0 0 248 176 0 0 0 -20 72 0 427167 8061472768 110428 18446744073709551615 367199651604 367199718272 549414198448 0 0 0 4612 0 1619039482 0 0 0 17 7 0 0 0 0 0 367199729208 367199729368 368069349376 549414201949 549414201996 549414201996 549414203361 0
T 4280.39
P 13553 8894 20010056 appspawn-x
13553 (com.a2hlab.brid) S 8894 0 0 0 -1 4194624 72030 0 0 0 250 177 0 0 0 -20 72 0 427167 8061472768 109467 18446744073709551615 367199651604 367199718272 549414198448 0 0 0 4612 0 1619039482 0 0 0 17 7 0 0 0 0 0 367199729208 367199729368 368069349376 549414201949 549414201996 549414201996 549414203361 0
T 4280.58
P 13553 8894 20010056 appspawn-x
13553 (com.a2hlab.brid) S 8894 0 0 0 -1 4194624 72073 0 0 0 252 180 0 0 0 -20 72 0 427167 8061472768 109467 18446744073709551615 367199651604 367199718272 549414198448 0 0 0 4612 0 1619039482 0 0 0 17 7 0 0 0 0 0 367199729208 367199729368 368069349376 549414201949 549414201996 549414201996 549414203361 0
T 4280.77
P 13553 8894 20010056 appspawn-x
13553 (com.a2hlab.brid) S 8894 0 0 0 -1 4194624 72111 0 0 0 254 182 0 0 0 -20 72 0 427167 8061472768 109533 18446744073709551615 367199651604 367199718272 549414198448 0 0 0 4612 0 1619039482 0 0 0 17 7 0 0 0 0 0 367199729208 367199729368 368069349376 549414201949 549414201996 549414201996 549414203361 0
T 4280.95
P 13553 8894 20010056 appspawn-x
13553 (com.a2hlab.brid) S 8894 0 0 0 -1 4194624 72156 0 0 0 255 185 0 0 0 -20 72 0 427167 8061472768 109533 18446744073709551615 367199651604 367199718272 549414198448 0 0 0 4612 0 1619039482 0 0 0 17 7 0 0 0 0 0 367199729208 367199729368 368069349376 549414201949 549414201996 549414201996 549414203361 0
T 4281.14
P 13553 8894 20010056 appspawn-x
13553 (com.a2hlab.brid) S 8894 0 0 0 -1 4194624 72222 0 0 0 258 187 0 0 0 -20 72 0 427167 8061472768 109631 18446744073709551615 367199651604 367199718272 549414198448 0 0 0 4612 0 1619039482 0 0 0 17 7 0 0 0 0 0 367199729208 367199729368 368069349376 549414201949 549414201996 549414201996 549414203361 0
T 4281.34
P 13553 8894 20010056 appspawn-x
13553 (com.a2hlab.brid) S 8894 0 0 0 -1 4194624 72274 0 0 0 259 189 0 0 0 -20 72 0 427167 8061472768 109631 18446744073709551615 367199651604 367199718272 549414198448 0 0 0 4612 0 1619039482 0 0 0 17 7 0 0 0 0 0 367199729208 367199729368 368069349376 549414201949 549414201996 549414201996 549414203361 0
T 4281.52
P 13553 8894 20010056 appspawn-x
13553 (com.a2hlab.brid) S 8894 0 0 0 -1 4194624 72332 0 0 0 262 190 0 0 0 -20 72 0 427167 8061472768 109695 18446744073709551615 367199651604 367199718272 549414198448 0 0 0 4612 0 1619039482 0 0 0 17 7 0 0 0 0 0 367199729208 367199729368 368069349376 549414201949 549414201996 549414201996 549414203361 0
T 4281.72
P 13553 8894 20010056 appspawn-x
13553 (com.a2hlab.brid) S 8894 0 0 0 -1 4194624 72374 0 0 0 264 193 0 0 0 -20 72 0 427167 8061472768 109695 18446744073709551615 367199651604 367199718272 549414198448 0 0 0 4612 0 1619039482 0 0 0 17 7 0 0 0 0 0 367199729208 367199729368 368069349376 549414201949 549414201996 549414201996 549414203361 0
T 4281.92
P 13553 8894 20010056 appspawn-x
13553 (com.a2hlab.brid) S 8894 0 0 0 -1 4194624 72407 0 0 0 267 194 0 0 0 -20 72 0 427167 8061472768 109761 18446744073709551615 367199651604 367199718272 549414198448 0 0 0 4612 0 1619039482 0 0 0 17 7 0 0 0 0 0 367199729208 367199729368 368069349376 549414201949 549414201996 549414201996 549414203361 0
T 4282.09
P 13553 8894 20010056 appspawn-x
13553 (com.a2hlab.brid) S 8894 0 0 0 -1 4194624 72449 0 0 0 269 196 0 0 0 -20 72 0 427167 8061472768 110786 18446744073709551615 367199651604 367199718272 549414198448 0 0 0 4612 0 1619039482 0 0 0 17 7 0 0 0 0 0 367199729208 367199729368 368069349376 549414201949 549414201996 549414201996 549414203361 0
T 4282.26
P 13553 8894 20010056 appspawn-x
13553 (com.a2hlab.brid) S 8894 0 0 0 -1 4194624 72484 0 0 0 272 198 0 0 0 -20 72 0 427167 8061472768 109827 18446744073709551615 367199651604 367199718272 549414198448 0 0 0 4612 0 1619039482 0 0 0 17 7 0 0 0 0 0 367199729208 367199729368 368069349376 549414201949 549414201996 549414201996 549414203361 0
T 4282.46
P 13553 8894 20010056 appspawn-x
13553 (com.a2hlab.brid) S 8894 0 0 0 -1 4194624 72517 0 0 0 274 199 0 0 0 -20 72 0 427167 8061472768 109827 18446744073709551615 367199651604 367199718272 549414198448 0 0 0 4612 0 1619039482 0 0 0 17 7 0 0 0 0 0 367199729208 367199729368 368069349376 549414201949 549414201996 549414201996 549414203361 0
T 4282.62
P 13553 8894 20010056 appspawn-x
13553 (com.a2hlab.brid) S 8894 0 0 0 -1 4194624 72551 0 0 0 276 201 0 0 0 -20 72 0 427167 8061472768 109893 18446744073709551615 367199651604 367199718272 549414198448 0 0 0 4612 0 1619039482 0 0 0 17 7 0 0 0 0 0 367199729208 367199729368 368069349376 549414201949 549414201996 549414201996 549414203361 0
T 4282.78
P 13553 8894 20010056 appspawn-x
13553 (com.a2hlab.brid) S 8894 0 0 0 -1 4194624 72593 0 0 0 278 203 0 0 0 -20 72 0 427167 8061472768 109893 18446744073709551615 367199651604 367199718272 549414198448 0 0 0 4612 0 1619039482 0 0 0 17 7 0 0 0 0 0 367199729208 367199729368 368069349376 549414201949 549414201996 549414201996 549414203361 0
T 4282.98
P 13553 8894 20010056 appspawn-x
13553 (com.a2hlab.brid) S 8894 0 0 0 -1 4194624 72637 0 0 0 280 206 0 0 0 -20 72 0 427167 8061472768 109959 18446744073709551615 367199651604 367199718272 549414198448 0 0 0 4612 0 1619039482 0 0 0 17 7 0 0 0 0 0 367199729208 367199729368 368069349376 549414201949 549414201996 549414201996 549414203361 0
T 4283.18
P 13553 8894 20010056 appspawn-x
13553 (com.a2hlab.brid) S 8894 0 0 0 -1 4194624 72671 0 0 0 281 208 0 0 0 -20 72 0 427167 8061472768 109959 18446744073709551615 367199651604 367199718272 549414198448 0 0 0 4612 0 1619039482 0 0 0 17 7 0 0 0 0 0 367199729208 367199729368 368069349376 549414201949 549414201996 549414201996 549414203361 0
T 4283.35
P 13553 8894 20010056 appspawn-x
13553 (com.a2hlab.brid) S 8894 0 0 0 -1 4194624 72712 0 0 0 284 210 0 0 0 -20 72 0 427167 8061472768 111050 18446744073709551615 367199651604 367199718272 549414198448 0 0 0 4612 0 1619039482 0 0 0 17 7 0 0 0 0 0 367199729208 367199729368 368069349376 549414201949 549414201996 549414201996 549414203361 0
T 4283.53
P 13553 8894 20010056 appspawn-x
13553 (com.a2hlab.brid) S 8894 0 0 0 -1 4194624 72746 0 0 0 285 212 0 0 0 -20 72 0 427167 8061472768 110025 18446744073709551615 367199651604 367199718272 549414198448 0 0 0 4612 0 1619039482 0 0 0 17 7 0 0 0 0 0 367199729208 367199729368 368069349376 549414201949 549414201996 549414201996 549414203361 0
T 4283.72
P 13553 8894 20010056 appspawn-x
13553 (com.a2hlab.brid) S 8894 0 0 0 -1 4194624 72787 0 0 0 287 215 0 0 0 -20 72 0 427167 8061472768 110091 18446744073709551615 367199651604 367199718272 549414198448 0 0 0 4612 0 1619039482 0 0 0 17 7 0 0 0 0 0 367199729208 367199729368 368069349376 549414201949 549414201996 549414201996 549414203361 0
T 4283.90
P 13553 8894 20010056 appspawn-x
13553 (com.a2hlab.brid) S 8894 0 0 0 -1 4194624 72821 0 0 0 289 216 0 0 0 -20 72 0 427167 8061472768 110091 18446744073709551615 367199651604 367199718272 549414198448 0 0 0 4612 0 1619039482 0 0 0 17 7 0 0 0 0 0 367199729208 367199729368 368069349376 549414201949 549414201996 549414201996 549414203361 0
T 4284.08
P 13553 8894 20010056 appspawn-x
13553 (com.a2hlab.brid) S 8894 0 0 0 -1 4194624 72856 0 0 0 290 218 0 0 0 -20 72 0 427167 8061472768 110157 18446744073709551615 367199651604 367199718272 549414198448 0 0 0 4612 0 1619039482 0 0 0 17 7 0 0 0 0 0 367199729208 367199729368 368069349376 549414201949 549414201996 549414201996 549414203361 0
T 4284.25
P 13553 8894 20010056 appspawn-x
13553 (com.a2hlab.brid) S 8894 0 0 0 -1 4194624 72890 0 0 0 294 218 0 0 0 -20 72 0 427167 8061472768 110157 18446744073709551615 367199651604 367199718272 549414198448 0 0 0 4612 0 1619039482 0 0 0 17 7 0 0 0 0 0 367199729208 367199729368 368069349376 549414201949 549414201996 549414201996 549414203361 0
T 4284.41
P 13553 8894 20010056 appspawn-x
13553 (com.a2hlab.brid) S 8894 0 0 0 -1 4194624 72925 0 0 0 296 220 0 0 0 -20 72 0 427167 8061472768 110157 18446744073709551615 367199651604 367199718272 549414198448 0 0 0 4612 0 1619039482 0 0 0 17 7 0 0 0 0 0 367199729208 367199729368 368069349376 549414201949 549414201996 549414201996 549414203361 0
T 4284.58
P 13553 8894 20010056 appspawn-x
13553 (com.a2hlab.brid) S 8894 0 0 0 -1 4194624 72968 0 0 0 299 221 0 0 0 -20 72 0 427167 8061472768 110735 18446744073709551615 367199651604 367199718272 549414198448 0 0 0 4612 0 1619039482 0 0 0 17 7 0 0 0 0 0 367199729208 367199729368 368069349376 549414201949 549414201996 549414201996 549414203361 0
T 4284.77
P 13553 8894 20010056 appspawn-x
13553 (com.a2hlab.brid) S 8894 0 0 0 -1 4194624 73003 0 0 0 301 223 0 0 0 -20 72 0 427167 8061472768 110223 18446744073709551615 367199651604 367199718272 549414198448 0 0 0 4612 0 1619039482 0 0 0 17 7 0 0 0 0 0 367199729208 367199729368 368069349376 549414201949 549414201996 549414201996 549414203361 0
T 4284.94
P 13553 8894 20010056 appspawn-x
13553 (com.a2hlab.brid) S 8894 0 0 0 -1 4194624 73038 0 0 0 304 223 0 0 0 -20 72 0 427167 8061472768 110289 18446744073709551615 367199651604 367199718272 549414198448 0 0 0 4612 0 1619039482 0 0 0 17 7 0 0 0 0 0 367199729208 367199729368 368069349376 549414201949 549414201996 549414201996 549414203361 0
T 4285.12
P 13553 8894 20010056 appspawn-x
13553 (com.a2hlab.brid) S 8894 0 0 0 -1 4194624 73073 0 0 0 306 225 0 0 0 -20 72 0 427167 8061472768 110289 18446744073709551615 367199651604 367199718272 549414198448 0 0 0 4612 0 1619039482 0 0 0 17 7 0 0 0 0 0 367199729208 367199729368 368069349376 549414201949 549414201996 549414201996 549414203361 0
T 4285.28
P 13553 8894 20010056 appspawn-x
13553 (com.a2hlab.brid) S 8894 0 0 0 -1 4194624 73106 0 0 0 308 227 0 0 0 -20 72 0 427167 8061472768 110355 18446744073709551615 367199651604 367199718272 549414198448 0 0 0 4612 0 1619039482 0 0 0 17 7 0 0 0 0 0 367199729208 367199729368 368069349376 549414201949 549414201996 549414201996 549414203361 0
T 4285.45
P 13553 8894 20010056 appspawn-x
13553 (com.a2hlab.brid) S 8894 0 0 0 -1 4194624 73141 0 0 0 309 230 0 0 0 -20 72 0 427167 8061472768 110355 18446744073709551615 367199651604 367199718272 549414198448 0 0 0 4612 0 1619039482 0 0 0 17 7 0 0 0 0 0 367199729208 367199729368 368069349376 549414201949 549414201996 549414201996 549414203361 0
T 4285.61
P 13553 8894 20010056 appspawn-x
13553 (com.a2hlab.brid) S 8894 0 0 0 -1 4194624 73176 0 0 0 310 231 0 0 0 -20 72 0 427167 8061472768 110421 18446744073709551615 367199651604 367199718272 549414198448 0 0 0 4612 0 1619039482 0 0 0 17 7 0 0 0 0 0 367199729208 367199729368 368069349376 549414201949 549414201996 549414201996 549414203361 0
T 4285.77
P 13553 8894 20010056 appspawn-x
13553 (com.a2hlab.brid) S 8894 0 0 0 -1 4194624 73210 0 0 0 312 233 0 0 0 -20 72 0 427167 8061472768 111446 18446744073709551615 367199651604 367199718272 549414198448 0 0 0 4612 0 1619039482 0 0 0 17 7 0 0 0 0 0 367199729208 367199729368 368069349376 549414201949 549414201996 549414201996 549414203361 0
T 4285.93
P 13553 8894 20010056 appspawn-x
13553 (com.a2hlab.brid) S 8894 0 0 0 -1 4194624 73245 0 0 0 313 236 0 0 0 -20 72 0 427167 8061472768 110421 18446744073709551615 367199651604 367199718272 549414198448 0 0 0 4612 0 1619039482 0 0 0 17 7 0 0 0 0 0 367199729208 367199729368 368069349376 549414201949 549414201996 549414201996 549414203361 0
T 4286.12
P 13553 8894 20010056 appspawn-x
13553 (com.a2hlab.brid) S 8894 0 0 0 -1 4194624 73288 0 0 0 316 238 0 0 0 -20 72 0 427167 8061472768 111512 18446744073709551615 367199651604 367199718272 549414198448 0 0 0 4612 0 1619039482 0 0 0 17 7 0 0 0 0 0 367199729208 367199729368 368069349376 549414201949 549414201996 549414201996 549414203361 0
T 4286.30
P 13553 8894 20010056 appspawn-x
13553 (com.a2hlab.brid) S 8894 0 0 0 -1 4194624 73322 0 0 0 318 239 0 0 0 -20 72 0 427167 8061472768 110487 18446744073709551615 367199651604 367199718272 549414198448 0 0 0 4612 0 1619039482 0 0 0 17 7 0 0 0 0 0 367199729208 367199729368 368069349376 549414201949 549414201996 549414201996 549414203361 0
T 4286.48
P 13553 8894 20010056 appspawn-x
13553 (com.a2hlab.brid) S 8894 0 0 0 -1 4194624 73364 0 0 0 320 241 0 0 0 -20 72 0 427167 8061472768 110553 18446744073709551615 367199651604 367199718272 549414198448 0 0 0 4612 0 1619039482 0 0 0 17 7 0 0 0 0 0 367199729208 367199729368 368069349376 549414201949 549414201996 549414201996 549414203361 0
T 4286.68
P 13553 8894 20010056 appspawn-x
13553 (com.a2hlab.brid) S 8894 0 0 0 -1 4194624 73400 0 0 0 322 244 0 0 0 -20 72 0 427167 8061472768 110553 18446744073709551615 367199651604 367199718272 549414198448 0 0 0 4612 0 1619039482 0 0 0 17 7 0 0 0 0 0 367199729208 367199729368 368069349376 549414201949 549414201996 549414201996 549414203361 0
T 4286.86
P 13553 8894 20010056 appspawn-x
13553 (com.a2hlab.brid) S 8894 0 0 0 -1 4194624 73434 0 0 0 324 245 0 0 0 -20 72 0 427167 8061472768 110618 18446744073709551615 367199651604 367199718272 549414198448 0 0 0 4612 0 1619039482 0 0 0 17 7 0 0 0 0 0 367199729208 367199729368 368069349376 549414201949 549414201996 549414201996 549414203361 0
T 4287.02
P 13553 8894 20010056 appspawn-x
13553 (com.a2hlab.brid) S 8894 0 0 0 -1 4194624 73471 0 0 0 325 247 0 0 0 -20 72 0 427167 8061472768 110618 18446744073709551615 367199651604 367199718272 549414198448 0 0 0 4612 0 1619039482 0 0 0 17 7 0 0 0 0 0 367199729208 367199729368 368069349376 549414201949 549414201996 549414201996 549414203361 0
T 4287.18
P 13553 8894 20010056 appspawn-x
13553 (com.a2hlab.brid) S 8894 0 0 0 -1 4194624 73514 0 0 0 327 250 0 0 0 -20 72 0 427167 8061472768 111196 18446744073709551615 367199651604 367199718272 549414198448 0 0 0 4612 0 1619039482 0 0 0 17 7 0 0 0 0 0 367199729208 367199729368 368069349376 549414201949 549414201996 549414201996 549414203361 0
T 4287.36
P 13553 8894 20010056 appspawn-x
13553 (com.a2hlab.brid) S 8894 0 0 0 -1 4194624 73541 0 0 0 329 251 0 0 0 -20 72 0 427167 8061472768 110683 18446744073709551615 367199651604 367199718272 549414198448 0 0 0 4612 0 1619039482 0 0 0 17 7 0 0 0 0 0 367199729208 367199729368 368069349376 549414201949 549414201996 549414201996 549414203361 0
T 4287.52
P 13553 8894 20010056 appspawn-x
13553 (com.a2hlab.brid) S 8894 0 0 0 -1 4194624 73577 0 0 0 331 253 0 0 0 -20 72 0 427167 8061472768 110748 18446744073709551615 367199651604 367199718272 549414198448 0 0 0 4612 0 1619039482 0 0 0 17 7 0 0 0 0 0 367199729208 367199729368 368069349376 549414201949 549414201996 549414201996 549414203361 0
