T 2349.99
T 2350.18
T 2350.36
P 14293 9337 20010057 appspawn-x
14293 (org.wikipedia) R 9337 0 0 0 -1 4194624 247 0 0 0 7 3 0 0 0 -20 1 0 235033 2197676032 1602 18446744073709551615 367520839444 367520906112 548860715248 0 0 0 0 4096 1073775866 0 0 0 17 5 0 0 0 0 0 367520917048 367520917208 367858716672 548860717661 548860717708 548860717708 548860719073 0
T 2350.56
P 14293 9337 20010057 appspawn-x
14293 (org.wikipedia) R 9337 0 0 0 -1 4194624 9569 0 0 0 15 14 0 0 0 -20 1 0 235033 2454024192 13877 18446744073709551615 367520839444 367520906112 548860715248 0 0 0 0 4096 1073775866 0 0 0 17 5 0 0 0 0 0 367520917048 367520917208 367858716672 548860717661 548860717708 548860717708 548860719073 0
T 2350.76
P 14293 9337 20010057 appspawn-x
14293 (main) R 9337 0 0 0 -1 4194624 14602 0 0 0 20 25 0 0 0 -20 10 0 235033 3440406528 21016 18446744073709551615 367520839444 367520906112 548860715248 0 0 0 4612 0 1073779962 0 0 0 17 7 0 0 0 0 0 367520917048 367520917208 367858716672 548860717661 548860717708 548860717708 548860719073 0
T 2350.96
P 14293 9337 20010057 appspawn-x
14293 (main) R 9337 0 0 0 -1 4194624 16831 0 0 0 35 30 0 0 0 -20 10 0 235033 3518779392 26320 18446744073709551615 367520839444 367520906112 548860715248 0 0 0 4612 0 1073779962 0 0 0 17 7 0 0 0 0 0 367520917048 367520917208 367858716672 548860717661 548860717708 548860717708 548860719073 0
T 2351.16
P 14293 9337 20010057 appspawn-x
14293 (main) R 9337 0 0 0 -1 4194624 20880 0 0 0 46 36 0 0 0 -20 10 0 235033 3582689280 46972 18446744073709551615 367520839444 367520906112 548860715248 0 0 0 4612 0 1073779962 0 0 0 17 7 0 0 0 0 0 367520917048 367520917208 367858716672 548860717661 548860717708 548860717708 548860719073 0
T 2351.34
P 14293 9337 20010057 appspawn-x
14293 (org.wikipedia) R 9337 0 0 0 -1 4194624 27072 0 0 0 54 46 0 0 0 -20 12 0 235033 3704594432 56299 18446744073709551615 367520839444 367520906112 548860715248 0 0 0 4612 0 1073779962 0 0 0 17 7 0 0 0 0 0 367520917048 367520917208 367858716672 548860717661 548860717708 548860717708 548860719073 0
T 2351.52
P 14293 9337 20010057 appspawn-x
14293 (org.wikipedia) R 9337 0 0 0 -1 4194624 36875 0 0 0 66 55 0 0 0 -20 12 0 235033 3744772096 66133 18446744073709551615 367520839444 367520906112 548860715248 0 0 0 4612 0 1073779962 0 0 0 17 7 0 0 0 0 0 367520917048 367520917208 367858716672 548860717661 548860717708 548860717708 548860719073 0
T 2351.72
P 14293 9337 20010057 appspawn-x
14293 (org.wikipedia) R 9337 0 0 0 -1 4194624 38659 0 0 0 79 59 0 0 0 -20 12 0 235033 3698274304 54819 18446744073709551615 367520839444 367520906112 548860715248 0 0 0 4612 0 1073779962 0 0 0 17 7 0 0 0 0 0 367520917048 367520917208 367858716672 548860717661 548860717708 548860717708 548860719073 0
T 2351.90
P 14293 9337 20010057 appspawn-x
14293 (org.wikipedia) R 9337 0 0 0 -1 4194624 43856 0 0 0 89 70 0 0 0 -20 13 0 235033 3786940416 63135 18446744073709551615 367520839444 367520906112 548860715248 0 0 0 4612 0 1073779962 0 0 0 17 7 0 0 0 0 0 367520917048 367520917208 367858716672 548860717661 548860717708 548860717708 548860719073 0
T 2352.10
P 14293 9337 20010057 appspawn-x
14293 (org.wikipedia) S 9337 0 0 0 -1 1077936448 45320 0 0 0 100 72 0 0 0 -20 13 0 235033 3803045888 64974 18446744073709551615 367520839444 367520906112 548860715248 0 0 0 4612 0 1073779962 0 0 0 17 7 0 0 0 0 0 367520917048 367520917208 367858716672 548860717661 548860717708 548860717708 548860719073 0
T 2352.28
P 14293 9337 20010057 appspawn-x
14293 (org.wikipedia) R 9337 0 0 0 -1 4194624 46723 0 0 0 110 77 0 0 0 -20 14 0 235033 3811983360 65599 18446744073709551615 367520839444 367520906112 548860715248 0 0 0 4612 0 1073779962 0 0 0 17 7 0 0 0 0 0 367520917048 367520917208 367858716672 548860717661 548860717708 548860717708 548860719073 0
T 2352.45
P 14293 9337 20010057 appspawn-x
14293 (org.wikipedia) R 9337 0 0 0 -1 4194624 47194 0 0 0 122 87 0 0 0 -20 14 0 235033 3812503552 66115 18446744073709551615 367520839444 367520906112 548860715248 0 0 0 4612 0 1073779962 0 0 0 17 6 0 0 0 0 0 367520917048 367520917208 367858716672 548860717661 548860717708 548860717708 548860719073 0
T 2352.65
P 14293 9337 20010057 appspawn-x
14293 (org.wikipedia) R 9337 0 0 0 -1 4194624 47914 0 0 0 131 93 0 0 0 -20 14 0 235033 3814031360 68482 18446744073709551615 367520839444 367520906112 548860715248 0 0 0 4612 0 1073779962 0 0 0 17 5 0 0 0 0 0 367520917048 367520917208 367858716672 548860717661 548860717708 548860717708 548860719073 0
T 2352.83
T 2353.00
T 2353.16
T 2353.32
T 2353.50
T 2353.68
T 2353.84
T 2354.01
T 2354.17
T 2354.33
T 2354.50
T 2354.67
T 2354.82
T 2354.98
T 2355.15
T 2355.31
T 2355.47
T 2355.62
T 2355.78
T 2355.93
T 2356.10
T 2356.25
T 2356.44
T 2356.59
T 2356.76
T 2356.91
T 2357.07
T 2357.24
T 2357.40
T 2357.59
T 2357.78
T 2357.97
T 2358.17
T 2358.36
T 2358.53
T 2358.69
T 2358.84
T 2359.02
T 2359.17
T 2359.36
T 2359.51
T 2359.70
T 2359.88
T 2360.07
T 2360.26
T 2360.44
T 2360.62
T 2360.82
T 2360.99
T 2361.18
T 2361.36
T 2361.54
T 2361.73
T 2361.92
T 2362.09
T 2362.28
T 2362.46
T 2362.64
T 2362.83
T 2363.01
T 2363.20
T 2363.38
T 2363.56
T 2363.73
T 2363.88
T 2364.04
T 2364.19
T 2364.34
T 2364.50
T 2364.65
T 2364.80
T 2364.96
T 2365.11
T 2365.29
T 2365.45
T 2365.60
T 2365.76
T 2365.93
