T 1097.72
T 1097.88
T 1098.06
P 23450 20865 20010056 appspawn-x
23450 (b.bridge.zigzag) R 20865 0 0 0 -1 4194624 247 0 0 0 3 4 0 0 0 -20 1 0 109806 2197676032 1605 18446744073709551615 366558000660 366558066384 549077284688 0 0 0 0 4096 1073775866 0 0 0 17 4 0 0 0 0 0 366558077320 366558077480 367215783936 549077285469 549077285516 549077285516 549077286881 0
T 1098.25
P 23450 20865 20010056 appspawn-x
23450 (b.bridge.zigzag) R 20865 0 0 0 -1 4194624 4537 0 0 0 12 12 0 0 0 -20 1 0 109806 2456219648 8160 18446744073709551615 366558000660 366558066384 549077284688 0 0 0 0 4096 1073775866 0 0 0 17 6 0 0 0 0 0 366558077320 366558077480 367215783936 549077285469 549077285516 549077285516 549077286881 0
T 1098.45
P 23450 20865 20010056 appspawn-x
23450 (main) D 20865 0 0 0 -1 4194624 13356 0 0 0 19 22 0 0 0 -20 10 0 109806 3364286464 19457 18446744073709551615 366558000660 366558066384 549077284688 0 0 0 4612 0 1073779962 0 0 0 17 5 0 0 0 0 0 366558077320 366558077480 367215783936 549077285469 549077285516 549077285516 549077286881 0
T 1098.63
P 23450 20865 20010056 appspawn-x
23450 (main) R 20865 0 0 0 -1 4194624 15658 0 0 0 23 29 0 0 0 -20 10 0 109806 3520958464 25032 18446744073709551615 366558000660 366558066384 549077284688 0 0 0 4612 0 1073779962 0 0 0 17 4 0 0 0 0 0 366558077320 366558077480 367215783936 549077285469 549077285516 549077285516 549077286881 0
T 1098.80
P 23450 20865 20010056 appspawn-x
23450 (main) R 20865 0 0 0 -1 4194624 16915 0 0 0 40 30 0 0 0 -20 10 0 109806 3520974848 26624 18446744073709551615 366558000660 366558066384 549077284688 0 0 0 4612 0 1073779962 0 0 0 17 7 0 0 0 0 0 366558077320 366558077480 367215783936 549077285469 549077285516 549077285516 549077286881 0
T 1098.97
P 23450 20865 20010056 appspawn-x
23450 (main) R 20865 0 0 0 -1 4194624 21141 0 0 0 50 39 0 0 0 -20 10 0 109806 3584872448 48740 18446744073709551615 366558000660 366558066384 549077284688 0 0 0 4612 0 1073779962 0 0 0 17 7 0 0 0 0 0 366558077320 366558077480 367215783936 549077285469 549077285516 549077285516 549077286881 0
T 1099.16
P 23450 20865 20010056 appspawn-x
23450 (com.a2hlab.brid) R 20865 0 0 0 -1 4194624 29686 0 0 0 59 49 0 0 0 -20 12 0 109806 3717103616 59456 18446744073709551615 366558000660 366558066384 549077284688 0 0 0 4612 0 1073779962 0 0 0 17 7 0 0 0 0 0 366558077320 366558077480 367215783936 549077285469 549077285516 549077285516 549077286881 0
T 1099.36
P 23450 20865 20010056 appspawn-x
23450 (com.a2hlab.brid) R 20865 0 0 0 -1 4194624 37840 0 0 0 72 56 0 0 0 -20 12 0 109806 3744186368 66062 18446744073709551615 366558000660 366558066384 549077284688 0 0 0 4612 0 1073779962 0 0 0 17 7 0 0 0 0 0 366558077320 366558077480 367215783936 549077285469 549077285516 549077285516 549077286881 0
T 1099.56
P 23450 20865 20010056 appspawn-x
23450 (com.a2hlab.brid) S 20865 0 0 0 -1 1077936448 40260 0 0 0 85 63 0 0 0 -20 13 0 109806 3778043904 60479 18446744073709551615 366558000660 366558066384 549077284688 0 0 0 4612 0 1073779962 0 0 0 17 4 0 0 0 0 0 366558077320 366558077480 367215783936 549077285469 549077285516 549077285516 549077286881 0
T 1099.76
P 23450 20865 20010056 appspawn-x
23450 (com.a2hlab.brid) S 20865 0 0 0 -1 1077936448 42920 0 0 0 94 68 0 0 0 -20 16 0 109806 4126273536 70028 18446744073709551615 366558000660 366558066384 549077284688 0 0 0 4612 0 1073779962 0 0 0 17 4 0 0 0 0 0 366558077320 366558077480 367215783936 549077285469 549077285516 549077285516 549077286881 0
T 1099.92
P 23450 20865 20010056 appspawn-x
23450 (com.a2hlab.brid) S 20865 0 0 0 -1 4194624 48009 0 0 0 102 79 0 0 0 -20 39 0 109806 6514180096 78288 18446744073709551615 366558000660 366558066384 549077284688 0 0 0 4612 0 1073779962 0 0 0 17 6 0 0 0 0 0 366558077320 366558077480 367215783936 549077285469 549077285516 549077285516 549077286881 0
T 1100.13
P 23450 20865 20010056 appspawn-x
23450 (com.a2hlab.brid) S 20865 0 0 0 -1 4194624 48056 0 0 0 120 80 0 0 0 -20 39 0 109806 6514180096 78288 18446744073709551615 366558000660 366558066384 549077284688 0 0 0 4612 0 1073779962 0 0 0 17 6 0 0 0 0 0 366558077320 366558077480 367215783936 549077285469 549077285516 549077285516 549077286881 0
T 1100.32
P 23450 20865 20010056 appspawn-x
23450 (com.a2hlab.brid) S 20865 0 0 0 -1 4194624 51195 0 0 0 135 86 0 0 0 -20 41 0 109806 6534987776 82646 18446744073709551615 366558000660 366558066384 549077284688 0 0 0 4612 0 1619039482 0 0 0 17 5 0 0 0 0 0 366558077320 366558077480 367215783936 549077285469 549077285516 549077285516 549077286881 0
T 1100.52
P 23450 20865 20010056 appspawn-x
23450 (com.a2hlab.brid) S 20865 0 0 0 -1 4194624 55463 0 0 0 139 93 0 0 0 -20 63 0 109806 6991048704 86331 18446744073709551615 366558000660 366558066384 549077284688 0 0 0 4612 0 1619039482 0 0 0 17 0 0 0 0 0 0 366558077320 366558077480 367215783936 549077285469 549077285516 549077285516 549077286881 0
T 1100.70
P 23450 20865 20010056 appspawn-x
23450 (com.a2hlab.brid) S 20865 0 0 0 -1 4194624 60668 0 0 0 149 100 0 0 0 -20 67 0 109806 7595737088 97458 18446744073709551615 366558000660 366558066384 549077284688 0 0 0 4612 0 1619039482 0 0 0 17 1 0 0 0 0 0 366558077320 366558077480 367215783936 549077285469 549077285516 549077285516 549077286881 0
T 1100.88
P 23450 20865 20010056 appspawn-x
23450 (com.a2hlab.brid) S 20865 0 0 0 -1 4194624 63831 0 0 0 160 110 0 0 0 -20 68 0 109806 7950594048 101975 18446744073709551615 366558000660 366558066384 549077284688 0 0 0 4612 0 1619039482 0 0 0 17 6 0 0 0 0 0 366558077320 366558077480 367215783936 549077285469 549077285516 549077285516 549077286881 0
T 1101.07
P 23450 20865 20010056 appspawn-x
23450 (com.a2hlab.brid) S 20865 0 0 0 -1 4194624 63994 0 0 0 160 114 0 0 0 -20 68 0 109806 7950594048 102082 18446744073709551615 366558000660 366558066384 549077284688 0 0 0 4612 0 1619039482 0 0 0 17 6 0 0 0 0 0 366558077320 366558077480 367215783936 549077285469 549077285516 549077285516 549077286881 0
T 1101.27
P 23450 20865 20010056 appspawn-x
23450 (com.a2hlab.brid) S 20865 0 0 0 -1 4194624 64096 0 0 0 162 115 0 0 0 -20 68 0 109806 7950594048 102118 18446744073709551615 366558000660 366558066384 549077284688 0 0 0 4612 0 1619039482 0 0 0 17 6 0 0 0 0 0 366558077320 366558077480 367215783936 549077285469 549077285516 549077285516 549077286881 0
T 1101.44
P 23450 20865 20010056 appspawn-x
23450 (com.a2hlab.brid) S 20865 0 0 0 -1 4194624 64105 0 0 0 162 117 0 0 0 -20 68 0 109806 7950594048 102633 18446744073709551615 366558000660 366558066384 549077284688 0 0 0 4612 0 1619039482 0 0 0 17 6 0 0 0 0 0 366558077320 366558077480 367215783936 549077285469 549077285516 549077285516 549077286881 0
T 1101.61
P 23450 20865 20010056 appspawn-x
23450 (com.a2hlab.brid) S 20865 0 0 0 -1 4194624 64216 0 0 0 165 118 0 0 0 -20 68 0 109806 7950594048 102158 18446744073709551615 366558000660 366558066384 549077284688 0 0 0 4612 0 1619039482 0 0 0 17 6 0 0 0 0 0 366558077320 366558077480 367215783936 549077285469 549077285516 549077285516 549077286881 0
T 1101.77
P 23450 20865 20010056 appspawn-x
23450 (com.a2hlab.brid) S 20865 0 0 0 -1 4194624 64300 0 0 0 166 121 0 0 0 -20 68 0 109806 7950594048 102709 18446744073709551615 366558000660 366558066384 549077284688 0 0 0 4612 0 1619039482 0 0 0 17 6 0 0 0 0 0 366558077320 366558077480 367215783936 549077285469 549077285516 549077285516 549077286881 0
T 1101.93
P 23450 20865 20010056 appspawn-x
23450 (com.a2hlab.brid) S 20865 0 0 0 -1 4194624 64446 0 0 0 167 123 0 0 0 -20 68 0 109806 7959212032 102272 18446744073709551615 366558000660 366558066384 549077284688 0 0 0 4612 0 1619039482 0 0 0 17 6 0 0 0 0 0 366558077320 366558077480 367215783936 549077285469 549077285516 549077285516 549077286881 0
T 1102.10
P 23450 20865 20010056 appspawn-x
23450 (com.a2hlab.brid) S 20865 0 0 0 -1 4194624 64555 0 0 0 169 125 0 0 0 -20 68 0 109806 7950594048 102338 18446744073709551615 366558000660 366558066384 549077284688 0 0 0 4612 0 1619039482 0 0 0 17 6 0 0 0 0 0 366558077320 366558077480 367215783936 549077285469 549077285516 549077285516 549077286881 0
T 1102.29
P 23450 20865 20010056 appspawn-x
23450 (com.a2hlab.brid) S 20865 0 0 0 -1 4194624 64717 0 0 0 171 127 0 0 0 -20 68 0 109806 7950594048 102466 18446744073709551615 366558000660 366558066384 549077284688 0 0 0 4612 0 1619039482 0 0 0 17 6 0 0 0 0 0 366558077320 366558077480 367215783936 549077285469 549077285516 549077285516 549077286881 0
T 1102.48
P 23450 20865 20010056 appspawn-x
23450 (com.a2hlab.brid) S 20865 0 0 0 -1 4194624 64792 0 0 0 172 130 0 0 0 -20 68 0 109806 7950594048 102472 18446744073709551615 366558000660 366558066384 549077284688 0 0 0 4612 0 1619039482 0 0 0 17 6 0 0 0 0 0 366558077320 366558077480 367215783936 549077285469 549077285516 549077285516 549077286881 0
T 1102.66
P 23450 20865 20010056 appspawn-x
23450 (com.a2hlab.brid) S 20865 0 0 0 -1 4194624 64878 0 0 0 173 132 0 0 0 -20 68 0 109806 7950594048 102541 18446744073709551615 366558000660 366558066384 549077284688 0 0 0 4612 0 1619039482 0 0 0 17 6 0 0 0 0 0 366558077320 366558077480 367215783936 549077285469 549077285516 549077285516 549077286881 0
T 1102.83
P 23450 20865 20010056 appspawn-x
23450 (com.a2hlab.brid) S 20865 0 0 0 -1 4194624 65982 0 0 0 175 136 0 0 0 -20 69 0 109806 8014385152 103961 18446744073709551615 366558000660 366558066384 549077284688 0 0 0 4612 0 1619039482 0 0 0 17 6 0 0 0 0 0 366558077320 366558077480 367215783936 549077285469 549077285516 549077285516 549077286881 0
T 1103.01
P 23450 20865 20010056 appspawn-x
23450 (com.a2hlab.brid) S 20865 0 0 0 -1 4194624 68227 0 0 0 187 140 0 0 0 -20 71 0 109806 8039694336 107665 18446744073709551615 366558000660 366558066384 549077284688 0 0 0 4612 0 1619039482 0 0 0 17 4 0 0 0 0 0 366558077320 366558077480 367215783936 549077285469 549077285516 549077285516 549077286881 0
T 1103.18
P 23450 20865 20010056 appspawn-x
23450 (com.a2hlab.brid) S 20865 0 0 0 -1 4194624 69600 0 0 0 195 146 0 0 0 -20 72 0 109806 8042790912 109750 18446744073709551615 366558000660 366558066384 549077284688 0 0 0 4612 0 1619039482 0 0 0 17 4 0 0 0 0 0 366558077320 366558077480 367215783936 549077285469 549077285516 549077285516 549077286881 0
T 1103.35
P 23450 20865 20010056 appspawn-x
23450 (com.a2hlab.brid) S 20865 0 0 0 -1 4194624 69937 0 0 0 197 149 0 0 0 -20 72 0 109806 8042790912 109489 18446744073709551615 366558000660 366558066384 549077284688 0 0 0 4612 0 1619039482 0 0 0 17 2 0 0 0 0 0 366558077320 366558077480 367215783936 549077285469 549077285516 549077285516 549077286881 0
T 1103.54
P 23450 20865 20010056 appspawn-x
23450 (com.a2hlab.brid) S 20865 0 0 0 -1 4194624 70242 0 0 0 199 151 0 0 0 -20 72 0 109806 8042790912 110715 18446744073709551615 366558000660 366558066384 549077284688 0 0 0 4612 0 1619039482 0 0 0 17 2 0 0 0 0 0 366558077320 366558077480 367215783936 549077285469 549077285516 549077285516 549077286881 0
T 1103.74
P 23450 20865 20010056 appspawn-x
23450 (com.a2hlab.brid) S 20865 0 0 0 -1 4194624 70397 0 0 0 201 153 0 0 0 -20 72 0 109806 8042790912 109839 18446744073709551615 366558000660 366558066384 549077284688 0 0 0 4612 0 1619039482 0 0 0 17 2 0 0 0 0 0 366558077320 366558077480 367215783936 549077285469 549077285516 549077285516 549077286881 0
T 1103.92
P 23450 20865 20010056 appspawn-x
23450 (com.a2hlab.brid) S 20865 0 0 0 -1 4194624 70510 0 0 0 203 156 0 0 0 -20 72 0 109806 8042790912 109899 18446744073709551615 366558000660 366558066384 549077284688 0 0 0 4612 0 1619039482 0 0 0 17 2 0 0 0 0 0 366558077320 366558077480 367215783936 549077285469 549077285516 549077285516 549077286881 0
T 1104.12
P 23450 20865 20010056 appspawn-x
23450 (com.a2hlab.brid) S 20865 0 0 0 -1 4194624 70735 0 0 0 206 158 0 0 0 -20 72 0 109806 8042790912 110063 18446744073709551615 366558000660 366558066384 549077284688 0 0 0 4612 0 1619039482 0 0 0 17 2 0 0 0 0 0 366558077320 366558077480 367215783936 549077285469 549077285516 549077285516 549077286881 0
T 1104.31
P 23450 20865 20010056 appspawn-x
23450 (com.a2hlab.brid) S 20865 0 0 0 -1 4194624 70866 0 0 0 209 160 0 0 0 -20 72 0 109806 8042790912 111202 18446744073709551615 366558000660 366558066384 549077284688 0 0 0 4612 0 1619039482 0 0 0 17 2 0 0 0 0 0 366558077320 366558077480 367215783936 549077285469 549077285516 549077285516 549077286881 0
T 1104.50
P 23450 20865 20010056 appspawn-x
23450 (com.a2hlab.brid) S 20865 0 0 0 -1 4194624 70957 0 0 0 210 163 0 0 0 -20 72 0 109806 8042790912 111236 18446744073709551615 366558000660 366558066384 549077284688 0 0 0 4612 0 1619039482 0 0 0 17 2 0 0 0 0 0 366558077320 366558077480 367215783936 549077285469 549077285516 549077285516 549077286881 0
T 1104.70
P 23450 20865 20010056 appspawn-x
23450 (com.a2hlab.brid) S 20865 0 0 0 -1 4194624 71032 0 0 0 211 166 0 0 0 -20 72 0 109806 8042790912 110232 18446744073709551615 366558000660 366558066384 549077284688 0 0 0 4612 0 1619039482 0 0 0 17 2 0 0 0 0 0 366558077320 366558077480 367215783936 549077285469 549077285516 549077285516 549077286881 0
T 1104.90
P 23450 20865 20010056 appspawn-x
23450 (com.a2hlab.brid) S 20865 0 0 0 -1 4194624 71078 0 0 0 212 169 0 0 0 -20 72 0 109806 8042790912 110299 18446744073709551615 366558000660 366558066384 549077284688 0 0 0 4612 0 1619039482 0 0 0 17 2 0 0 0 0 0 366558077320 366558077480 367215783936 549077285469 549077285516 549077285516 549077286881 0
T 1105.10
P 23450 20865 20010056 appspawn-x
23450 (com.a2hlab.brid) S 20865 0 0 0 -1 4194624 71143 0 0 0 213 173 0 0 0 -20 72 0 109806 8042790912 110298 18446744073709551615 366558000660 366558066384 549077284688 0 0 0 4612 0 1619039482 0 0 0 17 2 0 0 0 0 0 366558077320 366558077480 367215783936 549077285469 549077285516 549077285516 549077286881 0
T 1105.28
P 23450 20865 20010056 appspawn-x
23450 (com.a2hlab.brid) S 20865 0 0 0 -1 4194624 71190 0 0 0 215 175 0 0 0 -20 72 0 109806 8042790912 111387 18446744073709551615 366558000660 366558066384 549077284688 0 0 0 4612 0 1619039482 0 0 0 17 2 0 0 0 0 0 366558077320 366558077480 367215783936 549077285469 549077285516 549077285516 549077286881 0
T 1105.47
P 23450 20865 20010056 appspawn-x
23450 (com.a2hlab.brid) S 20865 0 0 0 -1 4194624 71258 0 0 0 216 177 0 0 0 -20 72 0 109806 8042790912 110459 18446744073709551615 366558000660 366558066384 549077284688 0 0 0 4612 0 1619039482 0 0 0 17 2 0 0 0 0 0 366558077320 366558077480 367215783936 549077285469 549077285516 549077285516 549077286881 0
T 1105.66
P 23450 20865 20010056 appspawn-x
23450 (com.a2hlab.brid) S 20865 0 0 0 -1 4194624 71332 0 0 0 219 179 0 0 0 -20 72 0 109806 8042790912 111486 18446744073709551615 366558000660 366558066384 549077284688 0 0 0 4612 0 1619039482 0 0 0 17 2 0 0 0 0 0 366558077320 366558077480 367215783936 549077285469 549077285516 549077285516 549077286881 0
T 1105.84
P 23450 20865 20010056 appspawn-x
23450 (com.a2hlab.brid) S 20865 0 0 0 -1 4194624 71381 0 0 0 221 181 0 0 0 -20 72 0 109806 8042790912 110531 18446744073709551615 366558000660 366558066384 549077284688 0 0 0 4612 0 1619039482 0 0 0 17 2 0 0 0 0 0 366558077320 366558077480 367215783936 549077285469 549077285516 549077285516 549077286881 0
T 1106.03
P 23450 20865 20010056 appspawn-x
23450 (com.a2hlab.brid) S 20865 0 0 0 -1 4194624 71430 0 0 0 224 182 0 0 0 -20 72 0 109806 8042790912 110532 18446744073709551615 366558000660 366558066384 549077284688 0 0 0 4612 0 1619039482 0 0 0 17 2 0 0 0 0 0 366558077320 366558077480 367215783936 549077285469 549077285516 549077285516 549077286881 0
T 1106.22
P 23450 20865 20010056 appspawn-x
23450 (com.a2hlab.brid) S 20865 0 0 0 -1 4194624 71477 0 0 0 227 184 0 0 0 -20 72 0 109806 8042790912 110600 18446744073709551615 366558000660 366558066384 549077284688 0 0 0 4612 0 1619039482 0 0 0 17 2 0 0 0 0 0 366558077320 366558077480 367215783936 549077285469 549077285516 549077285516 549077286881 0
T 1106.42
P 23450 20865 20010056 appspawn-x
23450 (com.a2hlab.brid) S 20865 0 0 0 -1 4194624 71517 0 0 0 229 185 0 0 0 -20 72 0 109806 8042790912 110601 18446744073709551615 366558000660 366558066384 549077284688 0 0 0 4612 0 1619039482 0 0 0 17 2 0 0 0 0 0 366558077320 366558077480 367215783936 549077285469 549077285516 549077285516 549077286881 0
T 1106.58
P 23450 20865 20010056 appspawn-x
23450 (com.a2hlab.brid) S 20865 0 0 0 -1 4194624 71563 0 0 0 231 187 0 0 0 -20 72 0 109806 8042790912 110667 18446744073709551615 366558000660 366558066384 549077284688 0 0 0 4612 0 1619039482 0 0 0 17 2 0 0 0 0 0 366558077320 366558077480 367215783936 549077285469 549077285516 549077285516 549077286881 0
T 1106.78
P 23450 20865 20010056 appspawn-x
23450 (com.a2hlab.brid) S 20865 0 0 0 -1 4194624 71602 0 0 0 233 189 0 0 0 -20 72 0 109806 8042790912 110734 18446744073709551615 366558000660 366558066384 549077284688 0 0 0 4612 0 1619039482 0 0 0 17 2 0 0 0 0 0 366558077320 366558077480 367215783936 549077285469 549077285516 549077285516 549077286881 0
T 1106.96
P 23450 20865 20010056 appspawn-x
23450 (com.a2hlab.brid) S 20865 0 0 0 -1 4194624 71650 0 0 0 234 192 0 0 0 -20 72 0 109806 8042790912 110734 18446744073709551615 366558000660 366558066384 549077284688 0 0 0 4612 0 1619039482 0 0 0 17 2 0 0 0 0 0 366558077320 366558077480 367215783936 549077285469 549077285516 549077285516 549077286881 0
T 1107.16
P 23450 20865 20010056 appspawn-x
23450 (com.a2hlab.brid) S 20865 0 0 0 -1 4194624 71698 0 0 0 236 194 0 0 0 -20 72 0 109806 8042790912 111825 18446744073709551615 366558000660 366558066384 549077284688 0 0 0 4612 0 1619039482 0 0 0 17 2 0 0 0 0 0 366558077320 366558077480 367215783936 549077285469 549077285516 549077285516 549077286881 0
T 1107.34
P 23450 20865 20010056 appspawn-x
23450 (com.a2hlab.brid) S 20865 0 0 0 -1 4194624 71751 0 0 0 239 195 0 0 0 -20 72 0 109806 8042790912 110801 18446744073709551615 366558000660 366558066384 549077284688 0 0 0 4612 0 1619039482 0 0 0 17 2 0 0 0 0 0 366558077320 366558077480 367215783936 549077285469 549077285516 549077285516 549077286881 0
T 1107.54
P 23450 20865 20010056 appspawn-x
23450 (com.a2hlab.brid) S 20865 0 0 0 -1 4194624 71796 0 0 0 240 198 0 0 0 -20 72 0 109806 8042790912 110867 18446744073709551615 366558000660 366558066384 549077284688 0 0 0 4612 0 1619039482 0 0 0 17 2 0 0 0 0 0 366558077320 366558077480 367215783936 549077285469 549077285516 549077285516 549077286881 0
T 1107.71
P 23450 20865 20010056 appspawn-x
23450 (com.a2hlab.brid) S 20865 0 0 0 -1 4194624 71859 0 0 0 242 200 0 0 0 -20 72 0 109806 8042790912 110868 18446744073709551615 366558000660 366558066384 549077284688 0 0 0 4612 0 1619039482 0 0 0 17 3 0 0 0 0 0 366558077320 366558077480 367215783936 549077285469 549077285516 549077285516 549077286881 0
T 1107.90
P 23450 20865 20010056 appspawn-x
23450 (com.a2hlab.brid) S 20865 0 0 0 -1 4194624 71908 0 0 0 244 202 0 0 0 -20 72 0 109806 8042790912 110935 18446744073709551615 366558000660 366558066384 549077284688 0 0 0 4612 0 1619039482 0 0 0 17 3 0 0 0 0 0 366558077320 366558077480 367215783936 549077285469 549077285516 549077285516 549077286881 0
T 1108.08
P 23450 20865 20010056 appspawn-x
23450 (com.a2hlab.brid) S 20865 0 0 0 -1 4194624 71946 0 0 0 246 204 0 0 0 -20 72 0 109806 8042790912 111001 18446744073709551615 366558000660 366558066384 549077284688 0 0 0 4612 0 1619039482 0 0 0 17 3 0 0 0 0 0 366558077320 366558077480 367215783936 549077285469 549077285516 549077285516 549077286881 0
T 1108.26
P 23450 20865 20010056 appspawn-x
23450 (com.a2hlab.brid) S 20865 0 0 0 -1 4194624 71987 0 0 0 248 206 0 0 0 -20 72 0 109806 8042790912 111002 18446744073709551615 366558000660 366558066384 549077284688 0 0 0 4612 0 1619039482 0 0 0 17 3 0 0 0 0 0 366558077320 366558077480 367215783936 549077285469 549077285516 549077285516 549077286881 0
T 1108.43
P 23450 20865 20010056 appspawn-x
23450 (com.a2hlab.brid) S 20865 0 0 0 -1 4194624 72032 0 0 0 250 209 0 0 0 -20 72 0 109806 8042790912 111066 18446744073709551615 366558000660 366558066384 549077284688 0 0 0 4612 0 1619039482 0 0 0 17 3 0 0 0 0 0 366558077320 366558077480 367215783936 549077285469 549077285516 549077285516 549077286881 0
T 1108.62
P 23450 20865 20010056 appspawn-x
23450 (com.a2hlab.brid) S 20865 0 0 0 -1 4194624 72070 0 0 0 251 211 0 0 0 -20 72 0 109806 8042790912 111066 18446744073709551615 366558000660 366558066384 549077284688 0 0 0 4612 0 1619039482 0 0 0 17 3 0 0 0 0 0 366558077320 366558077480 367215783936 549077285469 549077285516 549077285516 549077286881 0
T 1108.79
P 23450 20865 20010056 appspawn-x
23450 (com.a2hlab.brid) S 20865 0 0 0 -1 4194624 72116 0 0 0 253 213 0 0 0 -20 72 0 109806 8042790912 111132 18446744073709551615 366558000660 366558066384 549077284688 0 0 0 4612 0 1619039482 0 0 0 17 3 0 0 0 0 0 366558077320 366558077480 367215783936 549077285469 549077285516 549077285516 549077286881 0
T 1108.98
P 23450 20865 20010056 appspawn-x
23450 (com.a2hlab.brid) S 20865 0 0 0 -1 4194624 72155 0 0 0 255 215 0 0 0 -20 72 0 109806 8042790912 111132 18446744073709551615 366558000660 366558066384 549077284688 0 0 0 4612 0 1619039482 0 0 0 17 3 0 0 0 0 0 366558077320 366558077480 367215783936 549077285469 549077285516 549077285516 549077286881 0
T 1109.16
P 23450 20865 20010056 appspawn-x
23450 (com.a2hlab.brid) S 20865 0 0 0 -1 4194624 72193 0 0 0 258 216 0 0 0 -20 72 0 109806 8042790912 111198 18446744073709551615 366558000660 366558066384 549077284688 0 0 0 4612 0 1619039482 0 0 0 17 3 0 0 0 0 0 366558077320 366558077480 367215783936 549077285469 549077285516 549077285516 549077286881 0
T 1109.34
P 23450 20865 20010056 appspawn-x
23450 (com.a2hlab.brid) S 20865 0 0 0 -1 4194624 72231 0 0 0 259 217 0 0 0 -20 72 0 109806 8042790912 111199 18446744073709551615 366558000660 366558066384 549077284688 0 0 0 4612 0 1619039482 0 0 0 17 3 0 0 0 0 0 366558077320 366558077480 367215783936 549077285469 549077285516 549077285516 549077286881 0
T 1109.50
P 23450 20865 20010056 appspawn-x
23450 (com.a2hlab.brid) S 20865 0 0 0 -1 4194624 72279 0 0 0 261 219 0 0 0 -20 72 0 109806 8042790912 111264 18446744073709551615 366558000660 366558066384 549077284688 0 0 0 4612 0 1619039482 0 0 0 17 3 0 0 0 0 0 366558077320 366558077480 367215783936 549077285469 549077285516 549077285516 549077286881 0
T 1109.68
P 23450 20865 20010056 appspawn-x
23450 (com.a2hlab.brid) S 20865 0 0 0 -1 4194624 72317 0 0 0 264 221 0 0 0 -20 72 0 109806 8042790912 111264 18446744073709551615 366558000660 366558066384 549077284688 0 0 0 4612 0 1619039482 0 0 0 17 3 0 0 0 0 0 366558077320 366558077480 367215783936 549077285469 549077285516 549077285516 549077286881 0
T 1109.86
P 23450 20865 20010056 appspawn-x
23450 (com.a2hlab.brid) S 20865 0 0 0 -1 4194624 72362 0 0 0 266 223 0 0 0 -20 72 0 109806 8042790912 112354 18446744073709551615 366558000660 366558066384 549077284688 0 0 0 4612 0 1619039482 0 0 0 17 3 0 0 0 0 0 366558077320 366558077480 367215783936 549077285469 549077285516 549077285516 549077286881 0
T 1110.04
P 23450 20865 20010056 appspawn-x
23450 (com.a2hlab.brid) S 20865 0 0 0 -1 4194624 72393 0 0 0 266 226 0 0 0 -20 72 0 109806 8042790912 111330 18446744073709551615 366558000660 366558066384 549077284688 0 0 0 4612 0 1619039482 0 0 0 17 3 0 0 0 0 0 366558077320 366558077480 367215783936 549077285469 549077285516 549077285516 549077286881 0
T 1110.20
P 23450 20865 20010056 appspawn-x
23450 (com.a2hlab.brid) S 20865 0 0 0 -1 4194624 72431 0 0 0 268 228 0 0 0 -20 72 0 109806 8042790912 111396 18446744073709551615 366558000660 366558066384 549077284688 0 0 0 4612 0 1619039482 0 0 0 17 3 0 0 0 0 0 366558077320 366558077480 367215783936 549077285469 549077285516 549077285516 549077286881 0
T 1110.35
P 23450 20865 20010056 appspawn-x
23450 (com.a2hlab.brid) S 20865 0 0 0 -1 4194624 72469 0 0 0 268 230 0 0 0 -20 72 0 109806 8042790912 111396 18446744073709551615 366558000660 366558066384 549077284688 0 0 0 4612 0 1619039482 0 0 0 17 3 0 0 0 0 0 366558077320 366558077480 367215783936 549077285469 549077285516 549077285516 549077286881 0
T 1110.53
P 23450 20865 20010056 appspawn-x
23450 (com.a2hlab.brid) S 20865 0 0 0 -1 4194624 72514 0 0 0 271 232 0 0 0 -20 72 0 109806 8042790912 111462 18446744073709551615 366558000660 366558066384 549077284688 0 0 0 4612 0 1619039482 0 0 0 17 3 0 0 0 0 0 366558077320 366558077480 367215783936 549077285469 549077285516 549077285516 549077286881 0
T 1110.72
P 23450 20865 20010056 appspawn-x
23450 (com.a2hlab.brid) S 20865 0 0 0 -1 4194624 72561 0 0 0 272 235 0 0 0 -20 72 0 109806 8042790912 111462 18446744073709551615 366558000660 366558066384 549077284688 0 0 0 4612 0 1619039482 0 0 0 17 3 0 0 0 0 0 366558077320 366558077480 367215783936 549077285469 549077285516 549077285516 549077286881 0
T 1110.92
P 23450 20865 20010056 appspawn-x
23450 (com.a2hlab.brid) S 20865 0 0 0 -1 4194624 72611 0 0 0 275 237 0 0 0 -20 72 0 109806 8042790912 111528 18446744073709551615 366558000660 366558066384 549077284688 0 0 0 4612 0 1619039482 0 0 0 17 3 0 0 0 0 0 366558077320 366558077480 367215783936 549077285469 549077285516 549077285516 549077286881 0
T 1111.11
P 23450 20865 20010056 appspawn-x
23450 (com.a2hlab.brid) S 20865 0 0 0 -1 4194624 72649 0 0 0 277 238 0 0 0 -20 72 0 109806 8042790912 111593 18446744073709551615 366558000660 366558066384 549077284688 0 0 0 4612 0 1619039482 0 0 0 17 3 0 0 0 0 0 366558077320 366558077480 367215783936 549077285469 549077285516 549077285516 549077286881 0
T 1111.30
P 23450 20865 20010056 appspawn-x
23450 (com.a2hlab.brid) S 20865 0 0 0 -1 4194624 72696 0 0 0 279 241 0 0 0 -20 72 0 109806 8042790912 111594 18446744073709551615 366558000660 366558066384 549077284688 0 0 0 4612 0 1619039482 0 0 0 17 3 0 0 0 0 0 366558077320 366558077480 367215783936 549077285469 549077285516 549077285516 549077286881 0
T 1111.50
P 23450 20865 20010056 appspawn-x
23450 (com.a2hlab.brid) S 20865 0 0 0 -1 4194624 72737 0 0 0 281 242 0 0 0 -20 72 0 109806 8042790912 111657 18446744073709551615 366558000660 366558066384 549077284688 0 0 0 4612 0 1619039482 0 0 0 17 3 0 0 0 0 0 366558077320 366558077480 367215783936 549077285469 549077285516 549077285516 549077286881 0
T 1111.67
P 23450 20865 20010056 appspawn-x
23450 (com.a2hlab.brid) S 20865 0 0 0 -1 4194624 72775 0 0 0 283 244 0 0 0 -20 72 0 109806 8042790912 111657 18446744073709551615 366558000660 366558066384 549077284688 0 0 0 4612 0 1619039482 0 0 0 17 3 0 0 0 0 0 366558077320 366558077480 367215783936 549077285469 549077285516 549077285516 549077286881 0
T 1111.83
P 23450 20865 20010056 appspawn-x
23450 (com.a2hlab.brid) S 20865 0 0 0 -1 4194624 72821 0 0 0 285 245 0 0 0 -20 72 0 109806 8042790912 111724 18446744073709551615 366558000660 366558066384 549077284688 0 0 0 4612 0 1619039482 0 0 0 17 3 0 0 0 0 0 366558077320 366558077480 367215783936 549077285469 549077285516 549077285516 549077286881 0
T 1112.02
P 23450 20865 20010056 appspawn-x
23450 (com.a2hlab.brid) S 20865 0 0 0 -1 4194624 72858 0 0 0 285 249 0 0 0 -20 72 0 109806 8042790912 111723 18446744073709551615 366558000660 366558066384 549077284688 0 0 0 4612 0 1619039482 0 0 0 17 3 0 0 0 0 0 366558077320 366558077480 367215783936 549077285469 549077285516 549077285516 549077286881 0
T 1112.20
P 23450 20865 20010056 appspawn-x
23450 (com.a2hlab.brid) S 20865 0 0 0 -1 4194624 72904 0 0 0 287 251 0 0 0 -20 72 0 109806 8042790912 111789 18446744073709551615 366558000660 366558066384 549077284688 0 0 0 4612 0 1619039482 0 0 0 17 3 0 0 0 0 0 366558077320 366558077480 367215783936 549077285469 549077285516 549077285516 549077286881 0
T 1112.38
P 23450 20865 20010056 appspawn-x
23450 (com.a2hlab.brid) S 20865 0 0 0 -1 4194624 72950 0 0 0 291 252 0 0 0 -20 72 0 109806 8042790912 112301 18446744073709551615 366558000660 366558066384 549077284688 0 0 0 4612 0 1619039482 0 0 0 17 3 0 0 0 0 0 366558077320 366558077480 367215783936 549077285469 549077285516 549077285516 549077286881 0
T 1112.58
P 23450 20865 20010056 appspawn-x
23450 (com.a2hlab.brid) S 20865 0 0 0 -1 4194624 72997 0 0 0 294 253 0 0 0 -20 72 0 109806 8042790912 112879 18446744073709551615 366558000660 366558066384 549077284688 0 0 0 4612 0 1619039482 0 0 0 17 3 0 0 0 0 0 366558077320 366558077480 367215783936 549077285469 549077285516 549077285516 549077286881 0
T 1112.78
P 23450 20865 20010056 appspawn-x
23450 (com.a2hlab.brid) S 20865 0 0 0 -1 4194624 73036 0 0 0 297 254 0 0 0 -20 72 0 109806 8042790912 111922 18446744073709551615 366558000660 366558066384 549077284688 0 0 0 4612 0 1619039482 0 0 0 17 3 0 0 0 0 0 366558077320 366558077480 367215783936 549077285469 549077285516 549077285516 549077286881 0
T 1112.95
P 23450 20865 20010056 appspawn-x
23450 (com.a2hlab.brid) S 20865 0 0 0 -1 4194624 73078 0 0 0 298 256 0 0 0 -20 72 0 109806 8042790912 111921 18446744073709551615 366558000660 366558066384 549077284688 0 0 0 4612 0 1619039482 0 0 0 17 3 0 0 0 0 0 366558077320 366558077480 367215783936 549077285469 549077285516 549077285516 549077286881 0
T 1113.13
P 23450 20865 20010056 appspawn-x
23450 (com.a2hlab.brid) S 20865 0 0 0 -1 4194624 73117 0 0 0 299 259 0 0 0 -20 72 0 109806 8042790912 111986 18446744073709551615 366558000660 366558066384 549077284688 0 0 0 4612 0 1619039482 0 0 0 17 3 0 0 0 0 0 366558077320 366558077480 367215783936 549077285469 549077285516 549077285516 549077286881 0
T 1113.29
P 23450 20865 20010056 appspawn-x
23450 (com.a2hlab.brid) S 20865 0 0 0 -1 4194624 73125 0 0 0 301 260 0 0 0 -20 72 0 109806 8042790912 111986 18446744073709551615 366558000660 366558066384 549077284688 0 0 0 4612 0 1619039482 0 0 0 17 3 0 0 0 0 0 366558077320 366558077480 367215783936 549077285469 549077285516 549077285516 549077286881 0
T 1113.46
P 23450 20865 20010056 appspawn-x
23450 (com.a2hlab.brid) S 20865 0 0 0 -1 4194624 73130 0 0 0 303 262 0 0 0 -20 72 0 109806 8042790912 112499 18446744073709551615 366558000660 366558066384 549077284688 0 0 0 4612 0 1619039482 0 0 0 17 3 0 0 0 0 0 366558077320 366558077480 367215783936 549077285469 549077285516 549077285516 549077286881 0
T 1113.64
P 23450 20865 20010056 appspawn-x
23450 (com.a2hlab.brid) S 20865 0 0 0 -1 4194624 73141 0 0 0 306 264 0 0 0 -20 72 0 109806 8042790912 111986 18446744073709551615 366558000660 366558066384 549077284688 0 0 0 4612 0 1619039482 0 0 0 17 3 0 0 0 0 0 366558077320 366558077480 367215783936 549077285469 549077285516 549077285516 549077286881 0
T 1113.84
P 23450 20865 20010056 appspawn-x
23450 (com.a2hlab.brid) S 20865 0 0 0 -1 4194624 73147 0 0 0 308 266 0 0 0 -20 72 0 109806 8042790912 113523 18446744073709551615 366558000660 366558066384 549077284688 0 0 0 4612 0 1619039482 0 0 0 17 3 0 0 0 0 0 366558077320 366558077480 367215783936 549077285469 549077285516 549077285516 549077286881 0
