T 60254.84
T 60255.04
T 60255.24
P 21245 19220 20010056 appspawn-x
21245 (b.bridge.zigzag) R 19220 0 0 0 -1 4194624 251 0 0 0 11 3 0 0 0 -20 1 0 6025521 2197676032 1628 18446744073709551615 367183967764 367184033488 548759537920 0 0 0 0 4096 1073775866 0 0 0 17 5 0 0 0 0 0 367184044424 367184044584 367986057216 548759542386 548759542433 548759542433 548759543777 0
T 60255.48
P 21245 19220 20010056 appspawn-x
21245 (b.bridge.zigzag) R 19220 0 0 0 -1 4194624 9697 0 0 0 18 14 0 0 0 -20 1 0 6025521 2456219648 14128 18446744073709551615 367183967764 367184033488 548759537920 0 0 0 0 4096 1073775866 0 0 0 17 5 0 0 0 0 0 367184044424 367184044584 367986057216 548759542386 548759542433 548759542433 548759543777 0
T 60255.67
P 21245 19220 20010056 appspawn-x
21245 (main) R 19220 0 0 0 -1 4194624 14342 0 0 0 23 23 0 0 0 -20 10 0 6025521 3366805504 19787 18446744073709551615 367183967764 367184033488 548759537920 0 0 0 4612 0 1073779962 0 0 0 17 4 0 0 0 0 0 367184044424 367184044584 367986057216 548759542386 548759542433 548759542433 548759543777 0
T 60255.87
P 21245 19220 20010056 appspawn-x
21245 (main) R 19220 0 0 0 -1 4194624 16666 0 0 0 35 31 0 0 0 -20 10 0 6025521 3520983040 26116 18446744073709551615 367183967764 367184033488 548759537920 0 0 0 4612 0 1073779962 0 0 0 17 7 0 0 0 0 0 367184044424 367184044584 367986057216 548759542386 548759542433 548759542433 548759543777 0
T 60256.06
P 21245 19220 20010056 appspawn-x
21245 (main) R 19220 0 0 0 -1 4194624 20542 0 1 0 48 37 0 0 0 -20 10 0 6025521 3583528960 46015 18446744073709551615 367183967764 367184033488 548759537920 0 0 0 4612 0 1073779962 0 0 0 17 7 0 0 0 0 0 367184044424 367184044584 367986057216 548759542386 548759542433 548759542433 548759543777 0
T 60256.26
P 21245 19220 20010056 appspawn-x
21245 (com.a2hlab.brid) R 19220 0 0 0 -1 4194624 26259 0 1 0 60 44 0 0 0 -20 12 0 6025521 3703091200 54983 18446744073709551615 367183967764 367184033488 548759537920 0 0 0 4612 0 1073779962 0 0 0 17 7 0 0 0 0 0 367184044424 367184044584 367986057216 548759542386 548759542433 548759542433 548759543777 0
T 60256.46
P 21245 19220 20010056 appspawn-x
21245 (com.a2hlab.brid) R 19220 0 0 0 -1 4194624 36105 0 1 0 74 51 0 0 0 -20 12 0 6025521 3743436800 64817 18446744073709551615 367183967764 367184033488 548759537920 0 0 0 4612 0 1073779962 0 0 0 17 7 0 0 0 0 0 367184044424 367184044584 367986057216 548759542386 548759542433 548759542433 548759543777 0
T 60256.66
P 21245 19220 20010056 appspawn-x
21245 (com.a2hlab.brid) R 19220 0 0 0 -1 4194624 38745 0 1 0 88 56 0 0 0 -20 12 0 6025521 3703369728 55069 18446744073709551615 367183967764 367184033488 548759537920 0 0 0 4612 0 1073779962 0 0 0 17 7 0 0 0 0 0 367184044424 367184044584 367986057216 548759542386 548759542433 548759542433 548759543777 0
T 60256.86
P 21245 19220 20010056 appspawn-x
21245 (com.a2hlab.brid) R 19220 0 0 0 -1 4194624 42166 0 1 0 100 65 0 0 0 -20 14 0 6025521 4116430848 64614 18446744073709551615 367183967764 367184033488 548759537920 0 0 0 4612 0 1073779962 0 0 0 17 7 0 0 0 0 0 367184044424 367184044584 367986057216 548759542386 548759542433 548759542433 548759543777 0
T 60257.06
P 21245 19220 20010056 appspawn-x
21245 (com.a2hlab.brid) S 19220 0 0 0 -1 1077936448 43693 0 2 0 106 71 0 0 0 -20 31 0 6025521 4259454976 70023 18446744073709551615 367183967764 367184033488 548759537920 0 0 0 4612 0 1073779962 0 0 0 17 4 0 0 0 0 0 367184044424 367184044584 367986057216 548759542386 548759542433 548759542433 548759543777 0
T 60257.24
P 21245 19220 20010056 appspawn-x
21245 (com.a2hlab.brid) S 19220 0 0 0 -1 4194624 48025 0 2 0 116 77 0 0 0 -20 39 0 6025521 6514130944 75764 18446744073709551615 367183967764 367184033488 548759537920 0 0 0 4612 0 1073779962 0 0 0 17 6 0 0 0 0 0 367184044424 367184044584 367986057216 548759542386 548759542433 548759542433 548759543777 0
T 60257.41
P 21245 19220 20010056 appspawn-x
21245 (com.a2hlab.brid) S 19220 0 0 0 -1 4194624 48038 0 2 0 133 77 0 0 0 -20 39 0 6025521 6514130944 75764 18446744073709551615 367183967764 367184033488 548759537920 0 0 0 4612 0 1073779962 0 0 0 17 6 0 0 0 0 0 367184044424 367184044584 367986057216 548759542386 548759542433 548759542433 548759543777 0
T 60257.59
P 21245 19220 20010056 appspawn-x
21245 (com.a2hlab.brid) S 19220 0 0 0 -1 4194624 51470 0 2 0 146 85 0 0 0 -20 41 0 6025521 6554279936 80408 18446744073709551615 367183967764 367184033488 548759537920 0 0 0 4612 0 1619039482 0 0 0 17 1 0 0 0 0 0 367184044424 367184044584 367986057216 548759542386 548759542433 548759542433 548759543777 0
T 60257.76
P 21245 19220 20010056 appspawn-x
21245 (com.a2hlab.brid) S 19220 0 0 0 -1 4194624 55361 0 2 0 148 93 0 0 0 -20 63 0 6025521 7009738752 83651 18446744073709551615 367183967764 367184033488 548759537920 0 0 0 4612 0 1619039482 0 0 0 17 2 0 0 0 0 0 367184044424 367184044584 367986057216 548759542386 548759542433 548759542433 548759543777 0
T 60257.94
P 21245 19220 20010056 appspawn-x
21245 (com.a2hlab.brid) S 19220 0 0 0 -1 4194624 60609 0 2 0 158 102 0 0 0 -20 67 0 6025521 7614181376 94624 18446744073709551615 367183967764 367184033488 548759537920 0 0 0 4612 0 1619039482 0 0 0 17 1 0 0 0 0 0 367184044424 367184044584 367986057216 548759542386 548759542433 548759542433 548759543777 0
T 60258.14
P 21245 19220 20010056 appspawn-x
21245 (com.a2hlab.brid) S 19220 0 0 0 -1 4194624 63742 0 2 0 171 110 0 0 0 -20 68 0 6025521 7968985088 99243 18446744073709551615 367183967764 367184033488 548759537920 0 0 0 4612 0 1619039482 0 0 0 17 7 0 0 0 0 0 367184044424 367184044584 367986057216 548759542386 548759542433 548759542433 548759543777 0
T 60258.34
P 21245 19220 20010056 appspawn-x
21245 (com.a2hlab.brid) S 19220 0 0 0 -1 4194624 63914 0 2 0 173 113 0 0 0 -20 68 0 6025521 7968989184 99341 18446744073709551615 367183967764 367184033488 548759537920 0 0 0 4612 0 1619039482 0 0 0 17 7 0 0 0 0 0 367184044424 367184044584 367986057216 548759542386 548759542433 548759542433 548759543777 0
T 60258.53
P 21245 19220 20010056 appspawn-x
21245 (com.a2hlab.brid) S 19220 0 0 0 -1 4194624 64007 0 2 0 175 114 0 0 0 -20 68 0 6025521 7968989184 99378 18446744073709551615 367183967764 367184033488 548759537920 0 0 0 4612 0 1619039482 0 0 0 17 3 0 0 0 0 0 367184044424 367184044584 367986057216 548759542386 548759542433 548759542433 548759543777 0
T 60258.72
P 21245 19220 20010056 appspawn-x
21245 (com.a2hlab.brid) S 19220 0 0 0 -1 4194624 64081 0 2 0 177 116 0 0 0 -20 68 0 6025521 7968989184 99416 18446744073709551615 367183967764 367184033488 548759537920 0 0 0 4612 0 1619039482 0 0 0 17 3 0 0 0 0 0 367184044424 367184044584 367986057216 548759542386 548759542433 548759542433 548759543777 0
T 60258.93
P 21245 19220 20010056 appspawn-x
21245 (com.a2hlab.brid) S 19220 0 0 0 -1 4194624 64184 0 2 0 179 118 0 0 0 -20 68 0 6025521 7968989184 99455 18446744073709551615 367183967764 367184033488 548759537920 0 0 0 4612 0 1619039482 0 0 0 17 3 0 0 0 0 0 367184044424 367184044584 367986057216 548759542386 548759542433 548759542433 548759543777 0
T 60259.09
P 21245 19220 20010056 appspawn-x
21245 (com.a2hlab.brid) S 19220 0 0 0 -1 4194624 64315 0 2 0 180 121 0 0 0 -20 68 0 6025521 7968989184 99582 18446744073709551615 367183967764 367184033488 548759537920 0 0 0 4612 0 1619039482 0 0 0 17 3 0 0 0 0 0 367184044424 367184044584 367986057216 548759542386 548759542433 548759542433 548759543777 0
T 60259.27
P 21245 19220 20010056 appspawn-x
21245 (com.a2hlab.brid) S 19220 0 0 0 -1 4194624 64439 0 2 0 181 123 0 0 0 -20 68 0 6025521 7968989184 99620 18446744073709551615 367183967764 367184033488 548759537920 0 0 0 4612 0 1619039482 0 0 0 17 3 0 0 0 0 0 367184044424 367184044584 367986057216 548759542386 548759542433 548759542433 548759543777 0
T 60259.45
P 21245 19220 20010056 appspawn-x
21245 (com.a2hlab.brid) S 19220 0 0 0 -1 4194624 64573 0 2 0 181 127 0 0 0 -20 68 0 6025521 7968989184 99693 18446744073709551615 367183967764 367184033488 548759537920 0 0 0 4612 0 1619039482 0 0 0 17 3 0 0 0 0 0 367184044424 367184044584 367986057216 548759542386 548759542433 548759542433 548759543777 0
T 60259.62
P 21245 19220 20010056 appspawn-x
21245 (com.a2hlab.brid) S 19220 0 0 0 -1 4194624 64704 0 2 0 183 130 0 0 0 -20 68 0 6025521 7968989184 100276 18446744073709551615 367183967764 367184033488 548759537920 0 0 0 4612 0 1619039482 0 0 0 17 3 0 0 0 0 0 367184044424 367184044584 367986057216 548759542386 548759542433 548759542433 548759543777 0
T 60259.81
P 21245 19220 20010056 appspawn-x
21245 (com.a2hlab.brid) S 19220 0 0 0 -1 4194624 64749 0 2 0 185 131 0 0 0 -20 68 0 6025521 7968989184 99767 18446744073709551615 367183967764 367184033488 548759537920 0 0 0 4612 0 1619039482 0 0 0 17 3 0 0 0 0 0 367184044424 367184044584 367986057216 548759542386 548759542433 548759542433 548759543777 0
T 60259.99
P 21245 19220 20010056 appspawn-x
21245 (com.a2hlab.brid) S 19220 0 0 0 -1 4194624 64875 0 2 0 187 134 0 0 0 -20 68 0 6025521 7968989184 99833 18446744073709551615 367183967764 367184033488 548759537920 0 0 0 4612 0 1619039482 0 0 0 17 6 0 0 0 0 0 367184044424 367184044584 367986057216 548759542386 548759542433 548759542433 548759543777 0
T 60260.17
P 21245 19220 20010056 appspawn-x
21245 (com.a2hlab.brid) S 19220 0 0 0 -1 4194624 67365 0 7 0 197 140 0 0 0 -20 71 0 6025521 8055566336 103589 18446744073709551615 367183967764 367184033488 548759537920 0 0 0 4612 0 1619039482 0 0 0 17 1 0 0 0 0 0 367184044424 367184044584 367986057216 548759542386 548759542433 548759542433 548759543777 0
T 60260.36
P 21245 19220 20010056 appspawn-x
21245 (com.a2hlab.brid) S 19220 0 0 0 -1 4194624 69402 0 7 0 207 145 0 0 0 -20 72 0 6025521 8061218816 106170 18446744073709551615 367183967764 367184033488 548759537920 0 0 0 4612 0 1619039482 0 0 0 17 1 0 0 0 0 0 367184044424 367184044584 367986057216 548759542386 548759542433 548759542433 548759543777 0
T 60260.56
P 21245 19220 20010056 appspawn-x
21245 (com.a2hlab.brid) S 19220 0 0 0 -1 4194624 69699 0 7 0 210 147 0 0 0 -20 72 0 6025521 8061218816 106366 18446744073709551615 367183967764 367184033488 548759537920 0 0 0 4612 0 1619039482 0 0 0 17 2 0 0 0 0 0 367184044424 367184044584 367986057216 548759542386 548759542433 548759542433 548759543777 0
T 60260.74
P 21245 19220 20010056 appspawn-x
21245 (com.a2hlab.brid) S 19220 0 0 0 -1 4194624 69997 0 7 0 212 149 0 0 0 -20 72 0 6025521 8061218816 106566 18446744073709551615 367183967764 367184033488 548759537920 0 0 0 4612 0 1619039482 0 0 0 17 2 0 0 0 0 0 367184044424 367184044584 367986057216 548759542386 548759542433 548759542433 548759543777 0
T 60260.92
P 21245 19220 20010056 appspawn-x
21245 (com.a2hlab.brid) S 19220 0 0 0 -1 4194624 70199 0 7 0 214 151 0 0 0 -20 72 0 6025521 8061218816 106746 18446744073709551615 367183967764 367184033488 548759537920 0 0 0 4612 0 1619039482 0 0 0 17 2 0 0 0 0 0 367184044424 367184044584 367986057216 548759542386 548759542433 548759542433 548759543777 0
T 60261.10
P 21245 19220 20010056 appspawn-x
21245 (com.a2hlab.brid) S 19220 0 0 0 -1 4194624 70289 0 7 0 216 153 0 0 0 -20 72 0 6025521 8061218816 106803 18446744073709551615 367183967764 367184033488 548759537920 0 0 0 4612 0 1619039482 0 0 0 17 2 0 0 0 0 0 367184044424 367184044584 367986057216 548759542386 548759542433 548759542433 548759543777 0
T 60261.26
P 21245 19220 20010056 appspawn-x
21245 (com.a2hlab.brid) S 19220 0 0 0 -1 4194624 70488 0 7 0 217 156 0 0 0 -20 72 0 6025521 8061218816 106910 18446744073709551615 367183967764 367184033488 548759537920 0 0 0 4612 0 1619039482 0 0 0 17 2 0 0 0 0 0 367184044424 367184044584 367986057216 548759542386 548759542433 548759542433 548759543777 0
T 60261.46
P 21245 19220 20010056 appspawn-x
21245 (com.a2hlab.brid) S 19220 0 0 0 -1 4194624 70653 0 7 0 219 158 0 0 0 -20 72 0 6025521 8061218816 108124 18446744073709551615 367183967764 367184033488 548759537920 0 0 0 4612 0 1619039482 0 0 0 17 2 0 0 0 0 0 367184044424 367184044584 367986057216 548759542386 548759542433 548759542433 548759543777 0
T 60261.62
P 21245 19220 20010056 appspawn-x
21245 (com.a2hlab.brid) S 19220 0 0 0 -1 4194624 70774 0 7 0 222 160 0 0 0 -20 72 0 6025521 8061218816 107705 18446744073709551615 367183967764 367184033488 548759537920 0 0 0 4612 0 1619039482 0 0 0 17 2 0 0 0 0 0 367184044424 367184044584 367986057216 548759542386 548759542433 548759542433 548759543777 0
T 60261.82
P 21245 19220 20010056 appspawn-x
21245 (com.a2hlab.brid) S 19220 0 0 0 -1 4194624 70863 0 7 0 224 162 0 0 0 -20 72 0 6025521 8069832704 107739 18446744073709551615 367183967764 367184033488 548759537920 0 0 0 4612 0 1619039482 0 0 0 17 2 0 0 0 0 0 367184044424 367184044584 367986057216 548759542386 548759542433 548759542433 548759543777 0
T 60261.98
P 21245 19220 20010056 appspawn-x
21245 (com.a2hlab.brid) S 19220 0 0 0 -1 4194624 70923 0 7 0 226 164 0 0 0 -20 72 0 6025521 8061218816 107232 18446744073709551615 367183967764 367184033488 548759537920 0 0 0 4612 0 1619039482 0 0 0 17 2 0 0 0 0 0 367184044424 367184044584 367986057216 548759542386 548759542433 548759542433 548759543777 0
T 60262.16
P 21245 19220 20010056 appspawn-x
21245 (com.a2hlab.brid) S 19220 0 0 0 -1 4194624 70983 0 7 0 229 165 0 0 0 -20 72 0 6025521 8061218816 107298 18446744073709551615 367183967764 367184033488 548759537920 0 0 0 4612 0 1619039482 0 0 0 17 2 0 0 0 0 0 367184044424 367184044584 367986057216 548759542386 548759542433 548759542433 548759543777 0
T 60262.36
P 21245 19220 20010056 appspawn-x
21245 (com.a2hlab.brid) S 19220 0 0 0 -1 4194624 71026 0 7 0 231 167 0 0 0 -20 72 0 6025521 8061218816 107301 18446744073709551615 367183967764 367184033488 548759537920 0 0 0 4612 0 1619039482 0 0 0 17 2 0 0 0 0 0 367184044424 367184044584 367986057216 548759542386 548759542433 548759542433 548759543777 0
T 60262.54
P 21245 19220 20010056 appspawn-x
21245 (com.a2hlab.brid) S 19220 0 0 0 -1 4194624 71076 0 7 0 233 169 0 0 0 -20 72 0 6025521 8061218816 107368 18446744073709551615 367183967764 367184033488 548759537920 0 0 0 4612 0 1619039482 0 0 0 17 2 0 0 0 0 0 367184044424 367184044584 367986057216 548759542386 548759542433 548759542433 548759543777 0
T 60262.72
P 21245 19220 20010056 appspawn-x
21245 (com.a2hlab.brid) S 19220 0 0 0 -1 4194624 71112 0 7 0 235 170 0 0 0 -20 72 0 6025521 8061218816 107368 18446744073709551615 367183967764 367184033488 548759537920 0 0 0 4612 0 1619039482 0 0 0 17 2 0 0 0 0 0 367184044424 367184044584 367986057216 548759542386 548759542433 548759542433 548759543777 0
T 60262.90
P 21245 19220 20010056 appspawn-x
21245 (com.a2hlab.brid) S 19220 0 0 0 -1 4194624 71161 0 7 0 237 173 0 0 0 -20 72 0 6025521 8061218816 107434 18446744073709551615 367183967764 367184033488 548759537920 0 0 0 4612 0 1619039482 0 0 0 17 2 0 0 0 0 0 367184044424 367184044584 367986057216 548759542386 548759542433 548759542433 548759543777 0
T 60263.10
P 21245 19220 20010056 appspawn-x
21245 (com.a2hlab.brid) S 19220 0 0 0 -1 4194624 71205 0 7 0 240 174 0 0 0 -20 72 0 6025521 8061218816 107499 18446744073709551615 367183967764 367184033488 548759537920 0 0 0 4612 0 1619039482 0 0 0 17 2 0 0 0 0 0 367184044424 367184044584 367986057216 548759542386 548759542433 548759542433 548759543777 0
T 60263.30
P 21245 19220 20010056 appspawn-x
21245 (com.a2hlab.brid) S 19220 0 0 0 -1 4194624 71242 0 7 0 242 176 0 0 0 -20 72 0 6025521 8061218816 107499 18446744073709551615 367183967764 367184033488 548759537920 0 0 0 4612 0 1619039482 0 0 0 17 2 0 0 0 0 0 367184044424 367184044584 367986057216 548759542386 548759542433 548759542433 548759543777 0
T 60263.48
P 21245 19220 20010056 appspawn-x
21245 (com.a2hlab.brid) S 19220 0 0 0 -1 4194624 71284 0 7 0 244 178 0 0 0 -20 72 0 6025521 8061218816 107567 18446744073709551615 367183967764 367184033488 548759537920 0 0 0 4612 0 1619039482 0 0 0 17 2 0 0 0 0 0 367184044424 367184044584 367986057216 548759542386 548759542433 548759542433 548759543777 0
T 60263.65
P 21245 19220 20010056 appspawn-x
21245 (com.a2hlab.brid) S 19220 0 0 0 -1 4194624 71324 0 7 0 247 179 0 0 0 -20 72 0 6025521 8061218816 107566 18446744073709551615 367183967764 367184033488 548759537920 0 0 0 4612 0 1619039482 0 0 0 17 2 0 0 0 0 0 367184044424 367184044584 367986057216 548759542386 548759542433 548759542433 548759543777 0
T 60263.84
P 21245 19220 20010056 appspawn-x
21245 (com.a2hlab.brid) S 19220 0 0 0 -1 4194624 71368 0 7 0 249 181 0 0 0 -20 72 0 6025521 8061218816 108657 18446744073709551615 367183967764 367184033488 548759537920 0 0 0 4612 0 1619039482 0 0 0 17 2 0 0 0 0 0 367184044424 367184044584 367986057216 548759542386 548759542433 548759542433 548759543777 0
T 60264.02
P 21245 19220 20010056 appspawn-x
21245 (com.a2hlab.brid) S 19220 0 0 0 -1 4194624 71405 0 7 0 250 184 0 0 0 -20 72 0 6025521 8061218816 107632 18446744073709551615 367183967764 367184033488 548759537920 0 0 0 4612 0 1619039482 0 0 0 17 2 0 0 0 0 0 367184044424 367184044584 367986057216 548759542386 548759542433 548759542433 548759543777 0
T 60264.19
P 21245 19220 20010056 appspawn-x
21245 (com.a2hlab.brid) S 19220 0 0 0 -1 4194624 71443 0 7 0 251 187 0 0 0 -20 72 0 6025521 8061218816 107698 18446744073709551615 367183967764 367184033488 548759537920 0 0 0 4612 0 1619039482 0 0 0 17 2 0 0 0 0 0 367184044424 367184044584 367986057216 548759542386 548759542433 548759542433 548759543777 0
T 60264.38
P 21245 19220 20010056 appspawn-x
21245 (com.a2hlab.brid) S 19220 0 0 0 -1 4194624 71488 0 7 0 252 190 0 0 0 -20 72 0 6025521 8061218816 107699 18446744073709551615 367183967764 367184033488 548759537920 0 0 0 4612 0 1619039482 0 0 0 17 2 0 0 0 0 0 367184044424 367184044584 367986057216 548759542386 548759542433 548759542433 548759543777 0
T 60264.56
P 21245 19220 20010056 appspawn-x
21245 (com.a2hlab.brid) S 19220 0 0 0 -1 4194624 71533 0 7 0 254 192 0 0 0 -20 72 0 6025521 8061218816 107763 18446744073709551615 367183967764 367184033488 548759537920 0 0 0 4612 0 1619039482 0 0 0 17 2 0 0 0 0 0 367184044424 367184044584 367986057216 548759542386 548759542433 548759542433 548759543777 0
T 60264.74
P 21245 19220 20010056 appspawn-x
21245 (com.a2hlab.brid) S 19220 0 0 0 -1 4194624 71589 0 7 0 257 194 0 0 0 -20 72 0 6025521 8061218816 107763 18446744073709551615 367183967764 367184033488 548759537920 0 0 0 4612 0 1619039482 0 0 0 17 2 0 0 0 0 0 367184044424 367184044584 367986057216 548759542386 548759542433 548759542433 548759543777 0
T 60264.94
P 21245 19220 20010056 appspawn-x
21245 (com.a2hlab.brid) S 19220 0 0 0 -1 4194624 71650 0 7 0 260 195 0 0 0 -20 72 0 6025521 8061218816 107828 18446744073709551615 367183967764 367184033488 548759537920 0 0 0 4612 0 1619039482 0 0 0 17 1 0 0 0 0 0 367184044424 367184044584 367986057216 548759542386 548759542433 548759542433 548759543777 0
T 60265.14
P 21245 19220 20010056 appspawn-x
21245 (com.a2hlab.brid) S 19220 0 0 0 -1 4194624 71696 0 7 0 262 197 0 0 0 -20 72 0 6025521 8061218816 108917 18446744073709551615 367183967764 367184033488 548759537920 0 0 0 4612 0 1619039482 0 0 0 17 1 0 0 0 0 0 367184044424 367184044584 367986057216 548759542386 548759542433 548759542433 548759543777 0
T 60265.32
P 21245 19220 20010056 appspawn-x
21245 (com.a2hlab.brid) S 19220 0 0 0 -1 4194624 71740 0 7 0 264 199 0 0 0 -20 72 0 6025521 8069836800 108406 18446744073709551615 367183967764 367184033488 548759537920 0 0 0 4612 0 1619039482 0 0 0 17 1 0 0 0 0 0 367184044424 367184044584 367986057216 548759542386 548759542433 548759542433 548759543777 0
T 60265.52
P 21245 19220 20010056 appspawn-x
21245 (com.a2hlab.brid) S 19220 0 0 0 -1 4194624 71775 0 7 0 265 201 0 0 0 -20 72 0 6025521 8061218816 107893 18446744073709551615 367183967764 367184033488 548759537920 0 0 0 4612 0 1619039482 0 0 0 17 1 0 0 0 0 0 367184044424 367184044584 367986057216 548759542386 548759542433 548759542433 548759543777 0
T 60265.68
P 21245 19220 20010056 appspawn-x
21245 (com.a2hlab.brid) S 19220 0 0 0 -1 4194624 71821 0 7 0 266 204 0 0 0 -20 72 0 6025521 8061218816 107959 18446744073709551615 367183967764 367184033488 548759537920 0 0 0 4612 0 1619039482 0 0 0 17 1 0 0 0 0 0 367184044424 367184044584 367986057216 548759542386 548759542433 548759542433 548759543777 0
T 60265.88
P 21245 19220 20010056 appspawn-x
21245 (com.a2hlab.brid) S 19220 0 0 0 -1 4194624 71859 0 7 0 268 206 0 0 0 -20 72 0 6025521 8061218816 108026 18446744073709551615 367183967764 367184033488 548759537920 0 0 0 4612 0 1619039482 0 0 0 17 1 0 0 0 0 0 367184044424 367184044584 367986057216 548759542386 548759542433 548759542433 548759543777 0
T 60266.05
P 21245 19220 20010056 appspawn-x
21245 (com.a2hlab.brid) S 19220 0 0 0 -1 4194624 71896 0 7 0 269 208 0 0 0 -20 72 0 6025521 8061218816 108025 18446744073709551615 367183967764 367184033488 548759537920 0 0 0 4612 0 1619039482 0 0 0 17 1 0 0 0 0 0 367184044424 367184044584 367986057216 548759542386 548759542433 548759542433 548759543777 0
T 60266.21
P 21245 19220 20010056 appspawn-x
21245 (com.a2hlab.brid) S 19220 0 0 0 -1 4194624 71941 0 7 0 271 211 0 0 0 -20 72 0 6025521 8061218816 108091 18446744073709551615 367183967764 367184033488 548759537920 0 0 0 4612 0 1619039482 0 0 0 17 1 0 0 0 0 0 367184044424 367184044584 367986057216 548759542386 548759542433 548759542433 548759543777 0
T 60266.39
P 21245 19220 20010056 appspawn-x
21245 (com.a2hlab.brid) S 19220 0 0 0 -1 4194624 71978 0 7 0 273 212 0 0 0 -20 72 0 6025521 8061218816 108092 18446744073709551615 367183967764 367184033488 548759537920 0 0 0 4612 0 1619039482 0 0 0 17 1 0 0 0 0 0 367184044424 367184044584 367986057216 548759542386 548759542433 548759542433 548759543777 0
T 60266.56
P 21245 19220 20010056 appspawn-x
21245 (com.a2hlab.brid) S 19220 0 0 0 -1 4194624 72024 0 7 0 274 215 0 0 0 -20 72 0 6025521 8061218816 109181 18446744073709551615 367183967764 367184033488 548759537920 0 0 0 4612 0 1619039482 0 0 0 17 1 0 0 0 0 0 367184044424 367184044584 367986057216 548759542386 548759542433 548759542433 548759543777 0
T 60266.76
P 21245 19220 20010056 appspawn-x
21245 (com.a2hlab.brid) S 19220 0 0 0 -1 4194624 72062 0 7 0 277 216 0 0 0 -20 72 0 6025521 8061218816 108157 18446744073709551615 367183967764 367184033488 548759537920 0 0 0 4612 0 1619039482 0 0 0 17 1 0 0 0 0 0 367184044424 367184044584 367986057216 548759542386 548759542433 548759542433 548759543777 0
T 60266.94
P 21245 19220 20010056 appspawn-x
21245 (com.a2hlab.brid) S 19220 0 0 0 -1 4194624 72105 0 7 0 278 219 0 0 0 -20 72 0 6025521 8061218816 108223 18446744073709551615 367183967764 367184033488 548759537920 0 0 0 4612 0 1619039482 0 0 0 17 1 0 0 0 0 0 367184044424 367184044584 367986057216 548759542386 548759542433 548759542433 548759543777 0
T 60267.14
P 21245 19220 20010056 appspawn-x
21245 (com.a2hlab.brid) S 19220 0 0 0 -1 4194624 72150 0 7 0 280 222 0 0 0 -20 72 0 6025521 8061218816 109247 18446744073709551615 367183967764 367184033488 548759537920 0 0 0 4612 0 1619039482 0 0 0 17 1 0 0 0 0 0 367184044424 367184044584 367986057216 548759542386 548759542433 548759542433 548759543777 0
T 60267.32
P 21245 19220 20010056 appspawn-x
21245 (com.a2hlab.brid) S 19220 0 0 0 -1 4194624 72187 0 7 0 281 224 0 0 0 -20 72 0 6025521 8061218816 108290 18446744073709551615 367183967764 367184033488 548759537920 0 0 0 4612 0 1619039482 0 0 0 17 1 0 0 0 0 0 367184044424 367184044584 367986057216 548759542386 548759542433 548759542433 548759543777 0
T 60267.52
P 21245 19220 20010056 appspawn-x
21245 (com.a2hlab.brid) S 19220 0 0 0 -1 4194624 72224 0 7 0 283 226 0 0 0 -20 72 0 6025521 8061218816 108289 18446744073709551615 367183967764 367184033488 548759537920 0 0 0 4612 0 1619039482 0 0 0 17 1 0 0 0 0 0 367184044424 367184044584 367986057216 548759542386 548759542433 548759542433 548759543777 0
T 60267.68
P 21245 19220 20010056 appspawn-x
21245 (com.a2hlab.brid) S 19220 0 0 0 -1 4194624 72260 0 7 0 285 227 0 0 0 -20 72 0 6025521 8061218816 108355 18446744073709551615 367183967764 367184033488 548759537920 0 0 0 4612 0 1619039482 0 0 0 17 1 0 0 0 0 0 367184044424 367184044584 367986057216 548759542386 548759542433 548759542433 548759543777 0
T 60267.84
P 21245 19220 20010056 appspawn-x
21245 (com.a2hlab.brid) S 19220 0 0 0 -1 4194624 72297 0 7 0 287 229 0 0 0 -20 72 0 6025521 8061218816 108355 18446744073709551615 367183967764 367184033488 548759537920 0 0 0 4612 0 1619039482 0 0 0 17 1 0 0 0 0 0 367184044424 367184044584 367986057216 548759542386 548759542433 548759542433 548759543777 0
T 60268.02
P 21245 19220 20010056 appspawn-x
21245 (com.a2hlab.brid) S 19220 0 0 0 -1 4194624 72342 0 7 0 291 230 0 0 0 -20 72 0 6025521 8061218816 108421 18446744073709551615 367183967764 367184033488 548759537920 0 0 0 4612 0 1619039482 0 0 0 17 1 0 0 0 0 0 367184044424 367184044584 367986057216 548759542386 548759542433 548759542433 548759543777 0
T 60268.20
P 21245 19220 20010056 appspawn-x
21245 (com.a2hlab.brid) S 19220 0 0 0 -1 4194624 72387 0 7 0 292 232 0 0 0 -20 72 0 6025521 8061218816 108421 18446744073709551615 367183967764 367184033488 548759537920 0 0 0 4612 0 1619039482 0 0 0 17 1 0 0 0 0 0 367184044424 367184044584 367986057216 548759542386 548759542433 548759542433 548759543777 0
T 60268.40
P 21245 19220 20010056 appspawn-x
21245 (com.a2hlab.brid) S 19220 0 0 0 -1 4194624 72427 0 7 0 295 233 0 0 0 -20 72 0 6025521 8061218816 108488 18446744073709551615 367183967764 367184033488 548759537920 0 0 0 4612 0 1619039482 0 0 0 17 1 0 0 0 0 0 367184044424 367184044584 367986057216 548759542386 548759542433 548759542433 548759543777 0
T 60268.58
P 21245 19220 20010056 appspawn-x
21245 (com.a2hlab.brid) S 19220 0 0 0 -1 4194624 72476 0 7 0 298 234 0 0 0 -20 72 0 6025521 8061218816 108487 18446744073709551615 367183967764 367184033488 548759537920 0 0 0 4612 0 1619039482 0 0 0 17 1 0 0 0 0 0 367184044424 367184044584 367986057216 548759542386 548759542433 548759542433 548759543777 0
T 60268.76
P 21245 19220 20010056 appspawn-x
21245 (com.a2hlab.brid) S 19220 0 0 0 -1 4194624 72520 0 7 0 299 238 0 0 0 -20 72 0 6025521 8069836800 109066 18446744073709551615 367183967764 367184033488 548759537920 0 0 0 4612 0 1619039482 0 0 0 17 1 0 0 0 0 0 367184044424 367184044584 367986057216 548759542386 548759542433 548759542433 548759543777 0
T 60268.95
P 21245 19220 20010056 appspawn-x
21245 (com.a2hlab.brid) S 19220 0 0 0 -1 4194624 72557 0 7 0 300 240 0 0 0 -20 72 0 6025521 8061218816 108552 18446744073709551615 367183967764 367184033488 548759537920 0 0 0 4612 0 1619039482 0 0 0 17 1 0 0 0 0 0 367184044424 367184044584 367986057216 548759542386 548759542433 548759542433 548759543777 0
T 60269.14
P 21245 19220 20010056 appspawn-x
21245 (com.a2hlab.brid) S 19220 0 0 0 -1 4194624 72600 0 7 0 301 243 0 0 0 -20 72 0 6025521 8069836800 109130 18446744073709551615 367183967764 367184033488 548759537920 0 0 0 4612 0 1619039482 0 0 0 17 1 0 0 0 0 0 367184044424 367184044584 367986057216 548759542386 548759542433 548759542433 548759543777 0
T 60269.32
P 21245 19220 20010056 appspawn-x
21245 (com.a2hlab.brid) S 19220 0 0 0 -1 4194624 72630 0 7 0 303 244 0 0 0 -20 72 0 6025521 8061218816 108618 18446744073709551615 367183967764 367184033488 548759537920 0 0 0 4612 0 1619039482 0 0 0 17 1 0 0 0 0 0 367184044424 367184044584 367986057216 548759542386 548759542433 548759542433 548759543777 0
T 60269.48
P 21245 19220 20010056 appspawn-x
21245 (com.a2hlab.brid) S 19220 0 0 0 -1 4194624 72668 0 7 0 305 245 0 0 0 -20 72 0 6025521 8061218816 108685 18446744073709551615 367183967764 367184033488 548759537920 0 0 0 4612 0 1619039482 0 0 0 17 1 0 0 0 0 0 367184044424 367184044584 367986057216 548759542386 548759542433 548759542433 548759543777 0
T 60269.64
P 21245 19220 20010056 appspawn-x
21245 (com.a2hlab.brid) S 19220 0 0 0 -1 4194624 72705 0 7 0 308 247 0 0 0 -20 72 0 6025521 8061218816 108684 18446744073709551615 367183967764 367184033488 548759537920 0 0 0 4612 0 1619039482 0 0 0 17 1 0 0 0 0 0 367184044424 367184044584 367986057216 548759542386 548759542433 548759542433 548759543777 0
T 60269.81
P 21245 19220 20010056 appspawn-x
21245 (com.a2hlab.brid) S 19220 0 0 0 -1 4194624 72749 0 7 0 310 249 0 0 0 -20 72 0 6025521 8061218816 108750 18446744073709551615 367183967764 367184033488 548759537920 0 0 0 4612 0 1619039482 0 0 0 17 1 0 0 0 0 0 367184044424 367184044584 367986057216 548759542386 548759542433 548759542433 548759543777 0
T 60270.00
P 21245 19220 20010056 appspawn-x
21245 (com.a2hlab.brid) S 19220 0 0 0 -1 4194624 72787 0 7 0 311 251 0 0 0 -20 72 0 6025521 8061218816 109775 18446744073709551615 367183967764 367184033488 548759537920 0 0 0 4612 0 1619039482 0 0 0 17 1 0 0 0 0 0 367184044424 367184044584 367986057216 548759542386 548759542433 548759542433 548759543777 0
T 60270.16
P 21245 19220 20010056 appspawn-x
21245 (com.a2hlab.brid) S 19220 0 0 0 -1 4194624 72817 0 7 0 312 253 0 0 0 -20 72 0 6025521 8061218816 108817 18446744073709551615 367183967764 367184033488 548759537920 0 0 0 4612 0 1619039482 0 0 0 17 1 0 0 0 0 0 367184044424 367184044584 367986057216 548759542386 548759542433 548759542433 548759543777 0
T 60270.32
P 21245 19220 20010056 appspawn-x
21245 (com.a2hlab.brid) S 19220 0 0 0 -1 4194624 72862 0 7 0 314 255 0 0 0 -20 72 0 6025521 8061218816 108816 18446744073709551615 367183967764 367184033488 548759537920 0 0 0 4612 0 1619039482 0 0 0 17 1 0 0 0 0 0 367184044424 367184044584 367986057216 548759542386 548759542433 548759542433 548759543777 0
T 60270.50
P 21245 19220 20010056 appspawn-x
21245 (com.a2hlab.brid) S 19220 0 0 0 -1 4194624 72909 0 7 0 317 256 0 0 0 -20 72 0 6025521 8061218816 108881 18446744073709551615 367183967764 367184033488 548759537920 0 0 0 4612 0 1619039482 0 0 0 17 1 0 0 0 0 0 367184044424 367184044584 367986057216 548759542386 548759542433 548759542433 548759543777 0
T 60270.68
P 21245 19220 20010056 appspawn-x
21245 (com.a2hlab.brid) S 19220 0 0 0 -1 4194624 72952 0 7 0 320 258 0 0 0 -20 72 0 6025521 8061218816 109905 18446744073709551615 367183967764 367184033488 548759537920 0 0 0 4612 0 1619039482 0 0 0 17 1 0 0 0 0 0 367184044424 367184044584 367986057216 548759542386 548759542433 548759542433 548759543777 0
T 60270.86
P 21245 19220 20010056 appspawn-x
21245 (com.a2hlab.brid) S 19220 0 0 0 -1 4194624 72958 0 7 0 322 259 0 0 0 -20 72 0 6025521 8061218816 108881 18446744073709551615 367183967764 367184033488 548759537920 0 0 0 4612 0 1619039482 0 0 0 17 1 0 0 0 0 0 367184044424 367184044584 367986057216 548759542386 548759542433 548759542433 548759543777 0
