T 3524.27
T 3524.43
T 3524.61
P 4789 13161 20010057 appspawn-x
4789 (org.wikipedia) R 13161 0 0 0 -1 4194624 247 0 0 0 3 2 0 0 0 -20 1 0 352464 2197676032 1617 18446744073709551615 366870431252 366870496976 549156205216 0 0 0 0 4096 1073775866 0 0 0 17 4 0 0 0 0 0 366870507912 366870508072 367424618496 549156207218 549156207265 549156207265 549156208609 0
T 3524.83
P 4789 13161 20010057 appspawn-x
4789 (org.wikipedia) R 13161 0 0 0 -1 4194624 6769 0 0 0 15 10 0 0 0 -20 1 0 352464 2456219648 12084 18446744073709551615 366870431252 366870496976 549156205216 0 0 0 0 4096 1073775866 0 0 0 17 4 0 0 0 0 0 366870507912 366870508072 367424618496 549156207218 549156207265 549156207265 549156208609 0
T 3525.03
P 4789 13161 20010057 appspawn-x
4789 (main) R 13161 0 0 0 -1 4194624 13382 0 0 0 19 19 0 0 0 -20 10 0 352464 3365048320 18697 18446744073709551615 366870431252 366870496976 549156205216 0 0 0 4612 0 1073779962 0 0 0 17 6 0 0 0 0 0 366870507912 366870508072 367424618496 549156207218 549156207265 549156207265 549156208609 0
T 3525.19
P 4789 13161 20010057 appspawn-x
4789 (main) R 13161 0 0 0 -1 4194624 16366 0 0 0 28 26 0 0 0 -20 10 0 352464 3520974848 25127 18446744073709551615 366870431252 366870496976 549156205216 0 0 0 4612 0 1073779962 0 0 0 17 7 0 0 0 0 0 366870507912 366870508072 367424618496 549156207218 549156207265 549156207265 549156208609 0
T 3525.38
P 4789 13161 20010057 appspawn-x
4789 (main) R 13161 0 0 0 -1 4194624 19846 0 0 0 40 30 0 0 0 -20 10 0 352464 3574657024 41420 18446744073709551615 366870431252 366870496976 549156205216 0 0 0 4612 0 1073779962 0 0 0 17 7 0 0 0 0 0 366870507912 366870508072 367424618496 549156207218 549156207265 549156207265 549156208609 0
T 3525.54
P 4789 13161 20010057 appspawn-x
4789 (main) S 13161 0 0 0 -1 1077936448 21715 0 2 0 53 34 0 0 0 -20 12 0 352464 3688861696 47901 18446744073709551615 366870431252 366870496976 549156205216 0 0 0 4612 0 1073779962 0 0 0 17 6 0 0 0 0 0 366870507912 366870508072 367424618496 549156207218 549156207265 549156207265 549156208609 0
T 3525.71
P 4789 13161 20010057 appspawn-x
4789 (org.wikipedia) R 13161 0 0 0 -1 4194624 29509 0 2 0 62 40 0 0 0 -20 12 0 352464 3716440064 55603 18446744073709551615 366870431252 366870496976 549156205216 0 0 0 4612 0 1073779962 0 0 0 17 7 0 0 0 0 0 366870507912 366870508072 367424618496 549156207218 549156207265 549156207265 549156208609 0
T 3525.87
P 4789 13161 20010057 appspawn-x
4789 (org.wikipedia) R 13161 0 0 0 -1 4194624 37467 0 2 0 74 47 0 0 0 -20 12 0 352464 3742699520 62027 18446744073709551615 366870431252 366870496976 549156205216 0 0 0 4612 0 1073779962 0 0 0 17 7 0 0 0 0 0 366870507912 366870508072 367424618496 549156207218 549156207265 549156207265 549156208609 0
T 3526.06
P 4789 13161 20010057 appspawn-x
4789 (<pre-initialize) S 13161 0 0 0 -1 1077936448 39517 0 2 0 87 52 0 0 0 -20 12 0 352464 3717062656 53130 18446744073709551615 366870431252 366870496976 549156205216 0 0 0 4612 0 1073779962 0 0 0 17 4 0 0 0 0 0 366870507912 366870508072 367424618496 549156207218 549156207265 549156207265 549156208609 0
T 3526.24
P 4789 13161 20010057 appspawn-x
4789 (org.wikipedia) R 13161 0 0 0 -1 4194624 43847 0 3 0 101 59 0 0 0 -20 13 0 352464 3789197312 57486 18446744073709551615 366870431252 366870496976 549156205216 0 0 0 4612 0 1073779962 0 0 0 17 7 0 0 0 0 0 366870507912 366870508072 367424618496 549156207218 549156207265 549156207265 549156208609 0
T 3526.44
P 4789 13161 20010057 appspawn-x
4789 (org.wikipedia) Z 13161 0 0 0 -1 4227396 46284 0 8 0 112 64 0 0 0 -20 2 0 352464 0 0 18446744073709551615 0 0 0 0 0 0 4612 0 1073779962 0 0 0 17 4 0 0 0 0 0 0 0 0 0 0 0 0 256
T 3526.65
T 3526.83
T 3527.00
T 3527.19
T 3527.36
T 3527.52
T 3527.70
T 3527.86
T 3528.02
T 3528.18
T 3528.34
T 3528.50
T 3528.66
T 3528.86
T 3529.02
T 3529.18
T 3529.34
T 3529.50
T 3529.67
T 3529.83
T 3529.99
T 3530.15
T 3530.34
T 3530.52
T 3530.72
T 3530.92
T 3531.10
T 3531.30
T 3531.46
T 3531.62
T 3531.78
T 3531.96
T 3532.16
T 3532.36
T 3532.56
T 3532.75
T 3532.94
T 3533.14
T 3533.33
T 3533.52
T 3533.70
T 3533.90
T 3534.08
T 3534.24
T 3534.41
T 3534.58
T 3534.76
T 3534.92
T 3535.12
T 3535.28
T 3535.48
T 3535.68
T 3535.88
T 3536.06
T 3536.26
T 3536.46
T 3536.64
T 3536.82
T 3536.98
T 3537.16
T 3537.34
T 3537.54
T 3537.74
T 3537.92
T 3538.12
T 3538.32
T 3538.50
T 3538.65
T 3538.82
T 3538.98
T 3539.16
T 3539.34
T 3539.49
T 3539.66
T 3539.84
T 3539.99
T 3540.18
T 3540.36
