T 59890.27
T 59890.43
T 59890.59
T 59890.75
T 59890.92
P 13098 12163 20010055 appspawn-x
13098 (mple.helloworld) R 12163 0 0 0 -1 4194624 249 0 0 0 11 2 0 0 0 -20 1 0 5989084 2197676032 1606 18446744073709551615 366995412500 366995478224 549633010864 0 0 0 0 4096 1073775866 0 0 0 17 5 0 0 0 0 0 366995489160 366995489320 367679660032 549633014386 549633014433 549633014433 549633015777 0
T 59891.10
P 13098 12163 20010055 appspawn-x
13098 (mple.helloworld) R 12163 0 0 0 -1 4194624 11434 0 0 0 16 13 0 0 0 -20 1 0 5989084 2456219648 14331 18446744073709551615 366995412500 366995478224 549633010864 0 0 0 0 4096 1073775866 0 0 0 17 7 0 0 0 0 0 366995489160 366995489320 367679660032 549633014386 549633014433 549633014433 549633015777 0
T 59891.26
P 13098 12163 20010055 appspawn-x
13098 (main) R 12163 0 0 0 -1 4194624 15076 0 0 0 21 20 0 0 0 -20 10 0 5989084 3522469888 22756 18446744073709551615 366995412500 366995478224 549633010864 0 0 0 4612 0 1073779962 0 0 0 17 7 0 0 0 0 0 366995489160 366995489320 367679660032 549633014386 549633014433 549633014433 549633015777 0
T 59891.42
P 13098 12163 20010055 appspawn-x
13098 (main) R 12163 0 0 0 -1 4194624 16903 0 0 0 34 24 0 0 0 -20 10 0 5989084 3520983040 26472 18446744073709551615 366995412500 366995478224 549633010864 0 0 0 4612 0 1073779962 0 0 0 17 7 0 0 0 0 0 366995489160 366995489320 367679660032 549633014386 549633014433 549633014433 549633015777 0
T 59891.58
P 13098 12163 20010055 appspawn-x
13098 (main) R 12163 0 0 0 -1 4194624 20735 0 0 0 46 30 0 0 0 -20 10 0 5989084 3584184320 46701 18446744073709551615 366995412500 366995478224 549633010864 0 0 0 4612 0 1073779962 0 0 0 17 7 0 0 0 0 0 366995489160 366995489320 367679660032 549633014386 549633014433 549633014433 549633015777 0
T 59891.76
P 13098 12163 20010055 appspawn-x
13098 (com.example.hel) R 12163 0 0 0 -1 4194624 27748 0 0 0 59 37 0 0 0 -20 12 0 5989084 3708813312 56558 18446744073709551615 366995412500 366995478224 549633010864 0 0 0 4612 0 1073779962 0 0 0 17 7 0 0 0 0 0 366995489160 366995489320 367679660032 549633014386 549633014433 549633014433 549633015777 0
T 59891.96
P 13098 12163 20010055 appspawn-x
13098 (com.example.hel) R 12163 0 0 0 -1 4194624 35700 0 0 0 68 44 0 0 0 -20 12 0 5989084 3741405184 64544 18446744073709551615 366995412500 366995478224 549633010864 0 0 0 4612 0 1073779962 0 0 0 17 7 0 0 0 0 0 366995489160 366995489320 367679660032 549633014386 549633014433 549633014433 549633015777 0
T 59892.12
P 13098 12163 20010055 appspawn-x
13098 (com.example.hel) R 12163 0 0 0 -1 4194624 38832 0 0 0 80 47 0 0 0 -20 12 0 5989084 3733487616 62594 18446744073709551615 366995412500 366995478224 549633010864 0 0 0 4612 0 1073779962 0 0 0 17 7 0 0 0 0 0 366995489160 366995489320 367679660032 549633014386 549633014433 549633014433 549633015777 0
T 59892.28
P 13098 12163 20010055 appspawn-x
13098 (com.example.hel) R 12163 0 0 0 -1 4194624 41191 0 0 0 89 56 0 0 0 -20 14 0 5989084 3787739136 61963 18446744073709551615 366995412500 366995478224 549633010864 0 0 0 4612 0 1073779962 0 0 0 17 7 0 0 0 0 0 366995489160 366995489320 367679660032 549633014386 549633014433 549633014433 549633015777 0
T 59892.46
P 13098 12163 20010055 appspawn-x
13098 (com.example.hel) S 12163 0 0 0 -1 1077936448 41914 0 0 0 95 62 0 0 0 -20 20 0 5989084 3839885312 64819 18446744073709551615 366995412500 366995478224 549633010864 0 0 0 4612 0 1073779962 0 0 0 17 6 0 0 0 0 0 366995489160 366995489320 367679660032 549633014386 549633014433 549633014433 549633015777 0
T 59892.65
P 13098 12163 20010055 appspawn-x
13098 (com.example.hel) S 12163 0 0 0 -1 1077936448 46120 0 0 0 102 71 0 0 0 -20 34 0 5989084 4025856000 71875 18446744073709551615 366995412500 366995478224 549633010864 0 0 0 4612 0 1073779962 0 0 0 17 7 0 0 0 0 0 366995489160 366995489320 367679660032 549633014386 549633014433 549633014433 549633015777 0
T 59892.84
P 13098 12163 20010055 appspawn-x
13098 (com.example.hel) S 12163 0 0 0 -1 4194624 46173 0 0 0 104 73 0 0 0 -20 34 0 5989084 4044460032 71947 18446744073709551615 366995412500 366995478224 549633010864 0 0 0 4612 0 1073779962 0 0 0 17 7 0 0 0 0 0 366995489160 366995489320 367679660032 549633014386 549633014433 549633014433 549633015777 0
T 59893.01
P 13098 12163 20010055 appspawn-x
13098 (com.example.hel) S 12163 0 0 0 -1 4194624 46173 0 0 0 104 73 0 0 0 -20 34 0 5989084 4044460032 71947 18446744073709551615 366995412500 366995478224 549633010864 0 0 0 4612 0 1073779962 0 0 0 17 7 0 0 0 0 0 366995489160 366995489320 367679660032 549633014386 549633014433 549633014433 549633015777 0
T 59893.18
P 13098 12163 20010055 appspawn-x
13098 (com.example.hel) S 12163 0 0 0 -1 4194624 46173 0 0 0 104 73 0 0 0 -20 34 0 5989084 4043722752 71827 18446744073709551615 366995412500 366995478224 549633010864 0 0 0 4612 0 1073779962 0 0 0 17 7 0 0 0 0 0 366995489160 366995489320 367679660032 549633014386 549633014433 549633014433 549633015777 0
T 59893.38
P 13098 12163 20010055 appspawn-x
13098 (com.example.hel) S 12163 0 0 0 -1 4194624 46173 0 0 0 104 73 0 0 0 -20 34 0 5989084 4043624448 71813 18446744073709551615 366995412500 366995478224 549633010864 0 0 0 4612 0 1073779962 0 0 0 17 5 0 0 0 0 0 366995489160 366995489320 367679660032 549633014386 549633014433 549633014433 549633015777 0
T 59893.56
P 13098 12163 20010055 appspawn-x
13098 (com.example.hel) S 12163 0 0 0 -1 4194624 46173 0 0 0 104 73 0 0 0 -20 34 0 5989084 4043214848 71772 18446744073709551615 366995412500 366995478224 549633010864 0 0 0 4612 0 1073779962 0 0 0 17 5 0 0 0 0 0 366995489160 366995489320 367679660032 549633014386 549633014433 549633014433 549633015777 0
T 59893.76
P 13098 12163 20010055 appspawn-x
13098 (com.example.hel) S 12163 0 0 0 -1 4194624 46173 0 0 0 104 73 0 0 0 -20 34 0 5989084 4043206656 71772 18446744073709551615 366995412500 366995478224 549633010864 0 0 0 4612 0 1073779962 0 0 0 17 5 0 0 0 0 0 366995489160 366995489320 367679660032 549633014386 549633014433 549633014433 549633015777 0
T 59893.96
P 13098 12163 20010055 appspawn-x
13098 (com.example.hel) S 12163 0 0 0 -1 4194624 46178 0 0 0 105 73 0 0 0 -20 34 0 5989084 4043206656 71772 18446744073709551615 366995412500 366995478224 549633010864 0 0 0 4612 0 1073779962 0 0 0 17 5 0 0 0 0 0 366995489160 366995489320 367679660032 549633014386 549633014433 549633014433 549633015777 0
T 59894.12
P 13098 12163 20010055 appspawn-x
13098 (com.example.hel) S 12163 0 0 0 -1 4194624 46178 0 0 0 105 73 0 0 0 -20 34 0 5989084 4043206656 71772 18446744073709551615 366995412500 366995478224 549633010864 0 0 0 4612 0 1073779962 0 0 0 17 5 0 0 0 0 0 366995489160 366995489320 367679660032 549633014386 549633014433 549633014433 549633015777 0
T 59894.32
P 13098 12163 20010055 appspawn-x
13098 (com.example.hel) S 12163 0 0 0 -1 4194624 46179 0 0 0 105 73 0 0 0 -20 34 0 5989084 4043206656 71772 18446744073709551615 366995412500 366995478224 549633010864 0 0 0 4612 0 1073779962 0 0 0 17 5 0 0 0 0 0 366995489160 366995489320 367679660032 549633014386 549633014433 549633014433 549633015777 0
T 59894.49
P 13098 12163 20010055 appspawn-x
13098 (com.example.hel) S 12163 0 0 0 -1 4194624 46179 0 0 0 105 73 0 0 0 -20 34 0 5989084 4043206656 71772 18446744073709551615 366995412500 366995478224 549633010864 0 0 0 4612 0 1073779962 0 0 0 17 5 0 0 0 0 0 366995489160 366995489320 367679660032 549633014386 549633014433 549633014433 549633015777 0
T 59894.68
P 13098 12163 20010055 appspawn-x
13098 (com.example.hel) S 12163 0 0 0 -1 4194624 46179 0 0 0 105 73 0 0 0 -20 34 0 5989084 4043206656 71772 18446744073709551615 366995412500 366995478224 549633010864 0 0 0 4612 0 1073779962 0 0 0 17 5 0 0 0 0 0 366995489160 366995489320 367679660032 549633014386 549633014433 549633014433 549633015777 0
T 59894.87
P 13098 12163 20010055 appspawn-x
13098 (com.example.hel) S 12163 0 0 0 -1 4194624 46179 0 0 0 105 73 0 0 0 -20 34 0 5989084 4043206656 71772 18446744073709551615 366995412500 366995478224 549633010864 0 0 0 4612 0 1073779962 0 0 0 17 5 0 0 0 0 0 366995489160 366995489320 367679660032 549633014386 549633014433 549633014433 549633015777 0
T 59895.04
P 13098 12163 20010055 appspawn-x
13098 (com.example.hel) S 12163 0 0 0 -1 4194624 46179 0 0 0 105 73 0 0 0 -20 34 0 5989084 4043206656 71772 18446744073709551615 366995412500 366995478224 549633010864 0 0 0 4612 0 1073779962 0 0 0 17 5 0 0 0 0 0 366995489160 366995489320 367679660032 549633014386 549633014433 549633014433 549633015777 0
T 59895.22
P 13098 12163 20010055 appspawn-x
13098 (com.example.hel) S 12163 0 0 0 -1 4194624 46179 0 0 0 105 73 0 0 0 -20 34 0 5989084 4043206656 71772 18446744073709551615 366995412500 366995478224 549633010864 0 0 0 4612 0 1073779962 0 0 0 17 5 0 0 0 0 0 366995489160 366995489320 367679660032 549633014386 549633014433 549633014433 549633015777 0
T 59895.41
P 13098 12163 20010055 appspawn-x
13098 (com.example.hel) S 12163 0 0 0 -1 4194624 46184 0 0 0 105 73 0 0 0 -20 34 0 5989084 4043206656 71772 18446744073709551615 366995412500 366995478224 549633010864 0 0 0 4612 0 1073779962 0 0 0 17 5 0 0 0 0 0 366995489160 366995489320 367679660032 549633014386 549633014433 549633014433 549633015777 0
T 59895.59
P 13098 12163 20010055 appspawn-x
13098 (com.example.hel) S 12163 0 0 0 -1 4194624 46184 0 0 0 105 73 0 0 0 -20 34 0 5989084 4043206656 71772 18446744073709551615 366995412500 366995478224 549633010864 0 0 0 4612 0 1073779962 0 0 0 17 5 0 0 0 0 0 366995489160 366995489320 367679660032 549633014386 549633014433 549633014433 549633015777 0
T 59895.77
P 13098 12163 20010055 appspawn-x
13098 (com.example.hel) S 12163 0 0 0 -1 4194624 46184 0 0 0 105 73 0 0 0 -20 34 0 5989084 4043206656 71772 18446744073709551615 366995412500 366995478224 549633010864 0 0 0 4612 0 1073779962 0 0 0 17 5 0 0 0 0 0 366995489160 366995489320 367679660032 549633014386 549633014433 549633014433 549633015777 0
T 59895.94
P 13098 12163 20010055 appspawn-x
13098 (com.example.hel) S 12163 0 0 0 -1 4194624 46184 0 0 0 105 73 0 0 0 -20 34 0 5989084 4043206656 71772 18446744073709551615 366995412500 366995478224 549633010864 0 0 0 4612 0 1073779962 0 0 0 17 5 0 0 0 0 0 366995489160 366995489320 367679660032 549633014386 549633014433 549633014433 549633015777 0
T 59896.14
P 13098 12163 20010055 appspawn-x
13098 (com.example.hel) S 12163 0 0 0 -1 4194624 46184 0 0 0 105 73 0 0 0 -20 34 0 5989084 4043206656 71772 18446744073709551615 366995412500 366995478224 549633010864 0 0 0 4612 0 1073779962 0 0 0 17 5 0 0 0 0 0 366995489160 366995489320 367679660032 549633014386 549633014433 549633014433 549633015777 0
T 59896.32
P 13098 12163 20010055 appspawn-x
13098 (com.example.hel) S 12163 0 0 0 -1 4194624 46184 0 0 0 105 73 0 0 0 -20 34 0 5989084 4043206656 71772 18446744073709551615 366995412500 366995478224 549633010864 0 0 0 4612 0 1073779962 0 0 0 17 5 0 0 0 0 0 366995489160 366995489320 367679660032 549633014386 549633014433 549633014433 549633015777 0
T 59896.50
P 13098 12163 20010055 appspawn-x
13098 (com.example.hel) S 12163 0 0 0 -1 4194624 46184 0 0 0 105 73 0 0 0 -20 34 0 5989084 4043206656 71772 18446744073709551615 366995412500 366995478224 549633010864 0 0 0 4612 0 1073779962 0 0 0 17 5 0 0 0 0 0 366995489160 366995489320 367679660032 549633014386 549633014433 549633014433 549633015777 0
T 59896.68
P 13098 12163 20010055 appspawn-x
13098 (com.example.hel) S 12163 0 0 0 -1 4194624 46184 0 0 0 105 73 0 0 0 -20 34 0 5989084 4043206656 71772 18446744073709551615 366995412500 366995478224 549633010864 0 0 0 4612 0 1073779962 0 0 0 17 5 0 0 0 0 0 366995489160 366995489320 367679660032 549633014386 549633014433 549633014433 549633015777 0
T 59896.86
P 13098 12163 20010055 appspawn-x
13098 (com.example.hel) S 12163 0 0 0 -1 4194624 46184 0 0 0 105 73 0 0 0 -20 34 0 5989084 4043206656 71772 18446744073709551615 366995412500 366995478224 549633010864 0 0 0 4612 0 1073779962 0 0 0 17 5 0 0 0 0 0 366995489160 366995489320 367679660032 549633014386 549633014433 549633014433 549633015777 0
T 59897.06
P 13098 12163 20010055 appspawn-x
13098 (com.example.hel) S 12163 0 0 0 -1 4194624 46184 0 0 0 105 73 0 0 0 -20 34 0 5989084 4043206656 71772 18446744073709551615 366995412500 366995478224 549633010864 0 0 0 4612 0 1073779962 0 0 0 17 5 0 0 0 0 0 366995489160 366995489320 367679660032 549633014386 549633014433 549633014433 549633015777 0
T 59897.24
P 13098 12163 20010055 appspawn-x
13098 (com.example.hel) S 12163 0 0 0 -1 4194624 46184 0 0 0 105 73 0 0 0 -20 34 0 5989084 4043206656 71768 18446744073709551615 366995412500 366995478224 549633010864 0 0 0 4612 0 1073779962 0 0 0 17 5 0 0 0 0 0 366995489160 366995489320 367679660032 549633014386 549633014433 549633014433 549633015777 0
T 59897.43
P 13098 12163 20010055 appspawn-x
13098 (com.example.hel) S 12163 0 0 0 -1 4194624 46205 0 0 0 105 73 0 0 0 -20 34 0 5989084 4043206656 71768 18446744073709551615 366995412500 366995478224 549633010864 0 0 0 4612 0 1073779962 0 0 0 17 7 0 0 0 0 0 366995489160 366995489320 367679660032 549633014386 549633014433 549633014433 549633015777 0
T 59897.61
P 13098 12163 20010055 appspawn-x
13098 (com.example.hel) S 12163 0 0 0 -1 4194624 46205 0 0 0 105 73 0 0 0 -20 34 0 5989084 4043206656 71768 18446744073709551615 366995412500 366995478224 549633010864 0 0 0 4612 0 1073779962 0 0 0 17 7 0 0 0 0 0 366995489160 366995489320 367679660032 549633014386 549633014433 549633014433 549633015777 0
T 59897.78
P 13098 12163 20010055 appspawn-x
13098 (com.example.hel) S 12163 0 0 0 -1 4194624 46205 0 0 0 105 73 0 0 0 -20 34 0 5989084 4043206656 71768 18446744073709551615 366995412500 366995478224 549633010864 0 0 0 4612 0 1073779962 0 0 0 17 7 0 0 0 0 0 366995489160 366995489320 367679660032 549633014386 549633014433 549633014433 549633015777 0
T 59897.96
P 13098 12163 20010055 appspawn-x
13098 (com.example.hel) S 12163 0 0 0 -1 4194624 46205 0 0 0 105 73 0 0 0 -20 34 0 5989084 4043206656 71768 18446744073709551615 366995412500 366995478224 549633010864 0 0 0 4612 0 1073779962 0 0 0 17 7 0 0 0 0 0 366995489160 366995489320 367679660032 549633014386 549633014433 549633014433 549633015777 0
T 59898.12
P 13098 12163 20010055 appspawn-x
13098 (com.example.hel) S 12163 0 0 0 -1 4194624 46205 0 0 0 105 73 0 0 0 -20 34 0 5989084 4043206656 71768 18446744073709551615 366995412500 366995478224 549633010864 0 0 0 4612 0 1073779962 0 0 0 17 7 0 0 0 0 0 366995489160 366995489320 367679660032 549633014386 549633014433 549633014433 549633015777 0
T 59898.32
P 13098 12163 20010055 appspawn-x
13098 (com.example.hel) S 12163 0 0 0 -1 4194624 46205 0 0 0 105 73 0 0 0 -20 34 0 5989084 4043206656 71768 18446744073709551615 366995412500 366995478224 549633010864 0 0 0 4612 0 1073779962 0 0 0 17 7 0 0 0 0 0 366995489160 366995489320 367679660032 549633014386 549633014433 549633014433 549633015777 0
T 59898.50
P 13098 12163 20010055 appspawn-x
13098 (com.example.hel) S 12163 0 0 0 -1 4194624 46205 0 0 0 105 73 0 0 0 -20 34 0 5989084 4043206656 71768 18446744073709551615 366995412500 366995478224 549633010864 0 0 0 4612 0 1073779962 0 0 0 17 7 0 0 0 0 0 366995489160 366995489320 367679660032 549633014386 549633014433 549633014433 549633015777 0
T 59898.67
P 13098 12163 20010055 appspawn-x
13098 (com.example.hel) S 12163 0 0 0 -1 4194624 46205 0 0 0 105 73 0 0 0 -20 34 0 5989084 4043206656 71768 18446744073709551615 366995412500 366995478224 549633010864 0 0 0 4612 0 1073779962 0 0 0 17 7 0 0 0 0 0 366995489160 366995489320 367679660032 549633014386 549633014433 549633014433 549633015777 0
T 59898.86
P 13098 12163 20010055 appspawn-x
13098 (com.example.hel) S 12163 0 0 0 -1 4194624 46205 0 0 0 105 73 0 0 0 -20 34 0 5989084 4043206656 71768 18446744073709551615 366995412500 366995478224 549633010864 0 0 0 4612 0 1073779962 0 0 0 17 7 0 0 0 0 0 366995489160 366995489320 367679660032 549633014386 549633014433 549633014433 549633015777 0
T 59899.02
P 13098 12163 20010055 appspawn-x
13098 (com.example.hel) S 12163 0 0 0 -1 4194624 46205 0 0 0 105 73 0 0 0 -20 34 0 5989084 4043206656 71768 18446744073709551615 366995412500 366995478224 549633010864 0 0 0 4612 0 1073779962 0 0 0 17 7 0 0 0 0 0 366995489160 366995489320 367679660032 549633014386 549633014433 549633014433 549633015777 0
T 59899.22
P 13098 12163 20010055 appspawn-x
13098 (com.example.hel) S 12163 0 0 0 -1 4194624 46205 0 0 0 105 73 0 0 0 -20 34 0 5989084 4043206656 71768 18446744073709551615 366995412500 366995478224 549633010864 0 0 0 4612 0 1073779962 0 0 0 17 7 0 0 0 0 0 366995489160 366995489320 367679660032 549633014386 549633014433 549633014433 549633015777 0
T 59899.40
P 13098 12163 20010055 appspawn-x
13098 (com.example.hel) S 12163 0 0 0 -1 4194624 46205 0 0 0 105 73 0 0 0 -20 34 0 5989084 4043206656 71768 18446744073709551615 366995412500 366995478224 549633010864 0 0 0 4612 0 1073779962 0 0 0 17 7 0 0 0 0 0 366995489160 366995489320 367679660032 549633014386 549633014433 549633014433 549633015777 0
T 59899.57
P 13098 12163 20010055 appspawn-x
13098 (com.example.hel) S 12163 0 0 0 -1 4194624 46205 0 0 0 105 73 0 0 0 -20 34 0 5989084 4043206656 71768 18446744073709551615 366995412500 366995478224 549633010864 0 0 0 4612 0 1073779962 0 0 0 17 7 0 0 0 0 0 366995489160 366995489320 367679660032 549633014386 549633014433 549633014433 549633015777 0
T 59899.76
P 13098 12163 20010055 appspawn-x
13098 (com.example.hel) S 12163 0 0 0 -1 4194624 46205 0 0 0 105 73 0 0 0 -20 34 0 5989084 4043206656 71768 18446744073709551615 366995412500 366995478224 549633010864 0 0 0 4612 0 1073779962 0 0 0 17 7 0 0 0 0 0 366995489160 366995489320 367679660032 549633014386 549633014433 549633014433 549633015777 0
T 59899.92
P 13098 12163 20010055 appspawn-x
13098 (com.example.hel) S 12163 0 0 0 -1 4194624 46205 0 0 0 105 73 0 0 0 -20 34 0 5989084 4043206656 71768 18446744073709551615 366995412500 366995478224 549633010864 0 0 0 4612 0 1073779962 0 0 0 17 7 0 0 0 0 0 366995489160 366995489320 367679660032 549633014386 549633014433 549633014433 549633015777 0
T 59900.12
P 13098 12163 20010055 appspawn-x
13098 (com.example.hel) S 12163 0 0 0 -1 4194624 46205 0 0 0 105 73 0 0 0 -20 34 0 5989084 4043206656 71768 18446744073709551615 366995412500 366995478224 549633010864 0 0 0 4612 0 1073779962 0 0 0 17 7 0 0 0 0 0 366995489160 366995489320 367679660032 549633014386 549633014433 549633014433 549633015777 0
T 59900.32
P 13098 12163 20010055 appspawn-x
13098 (com.example.hel) S 12163 0 0 0 -1 4194624 46218 0 0 0 105 74 0 0 0 -20 34 0 5989084 4043206656 71768 18446744073709551615 366995412500 366995478224 549633010864 0 0 0 4612 0 1073779962 0 0 0 17 5 0 0 0 0 0 366995489160 366995489320 367679660032 549633014386 549633014433 549633014433 549633015777 0
T 59900.50
P 13098 12163 20010055 appspawn-x
13098 (com.example.hel) S 12163 0 0 0 -1 4194624 46218 0 0 0 105 74 0 0 0 -20 34 0 5989084 4043206656 71768 18446744073709551615 366995412500 366995478224 549633010864 0 0 0 4612 0 1073779962 0 0 0 17 5 0 0 0 0 0 366995489160 366995489320 367679660032 549633014386 549633014433 549633014433 549633015777 0
T 59900.69
P 13098 12163 20010055 appspawn-x
13098 (com.example.hel) S 12163 0 0 0 -1 4194624 46218 0 0 0 105 74 0 0 0 -20 34 0 5989084 4043206656 71768 18446744073709551615 366995412500 366995478224 549633010864 0 0 0 4612 0 1073779962 0 0 0 17 5 0 0 0 0 0 366995489160 366995489320 367679660032 549633014386 549633014433 549633014433 549633015777 0
T 59900.88
P 13098 12163 20010055 appspawn-x
13098 (com.example.hel) S 12163 0 0 0 -1 4194624 46218 0 0 0 105 74 0 0 0 -20 34 0 5989084 4043206656 71768 18446744073709551615 366995412500 366995478224 549633010864 0 0 0 4612 0 1073779962 0 0 0 17 5 0 0 0 0 0 366995489160 366995489320 367679660032 549633014386 549633014433 549633014433 549633015777 0
T 59901.08
P 13098 12163 20010055 appspawn-x
13098 (com.example.hel) S 12163 0 0 0 -1 4194624 46218 0 0 0 105 74 0 0 0 -20 34 0 5989084 4043206656 71768 18446744073709551615 366995412500 366995478224 549633010864 0 0 0 4612 0 1073779962 0 0 0 17 5 0 0 0 0 0 366995489160 366995489320 367679660032 549633014386 549633014433 549633014433 549633015777 0
T 59901.28
P 13098 12163 20010055 appspawn-x
13098 (com.example.hel) S 12163 0 0 0 -1 4194624 46218 0 0 0 105 74 0 0 0 -20 34 0 5989084 4043206656 71768 18446744073709551615 366995412500 366995478224 549633010864 0 0 0 4612 0 1073779962 0 0 0 17 5 0 0 0 0 0 366995489160 366995489320 367679660032 549633014386 549633014433 549633014433 549633015777 0
T 59901.48
P 13098 12163 20010055 appspawn-x
13098 (com.example.hel) S 12163 0 0 0 -1 4194624 46218 0 0 0 105 74 0 0 0 -20 34 0 5989084 4043206656 71768 18446744073709551615 366995412500 366995478224 549633010864 0 0 0 4612 0 1073779962 0 0 0 17 5 0 0 0 0 0 366995489160 366995489320 367679660032 549633014386 549633014433 549633014433 549633015777 0
T 59901.67
P 13098 12163 20010055 appspawn-x
13098 (com.example.hel) S 12163 0 0 0 -1 4194624 46218 0 0 0 105 74 0 0 0 -20 34 0 5989084 4043206656 71768 18446744073709551615 366995412500 366995478224 549633010864 0 0 0 4612 0 1073779962 0 0 0 17 5 0 0 0 0 0 366995489160 366995489320 367679660032 549633014386 549633014433 549633014433 549633015777 0
T 59901.84
P 13098 12163 20010055 appspawn-x
13098 (com.example.hel) S 12163 0 0 0 -1 4194624 46218 0 0 0 105 74 0 0 0 -20 34 0 5989084 4043206656 71768 18446744073709551615 366995412500 366995478224 549633010864 0 0 0 4612 0 1073779962 0 0 0 17 5 0 0 0 0 0 366995489160 366995489320 367679660032 549633014386 549633014433 549633014433 549633015777 0
T 59902.03
P 13098 12163 20010055 appspawn-x
13098 (com.example.hel) S 12163 0 0 0 -1 4194624 46218 0 0 0 105 74 0 0 0 -20 34 0 5989084 4043206656 71768 18446744073709551615 366995412500 366995478224 549633010864 0 0 0 4612 0 1073779962 0 0 0 17 5 0 0 0 0 0 366995489160 366995489320 367679660032 549633014386 549633014433 549633014433 549633015777 0
T 59902.22
P 13098 12163 20010055 appspawn-x
13098 (com.example.hel) S 12163 0 0 0 -1 4194624 46218 0 0 0 105 74 0 0 0 -20 34 0 5989084 4043206656 71768 18446744073709551615 366995412500 366995478224 549633010864 0 0 0 4612 0 1073779962 0 0 0 17 5 0 0 0 0 0 366995489160 366995489320 367679660032 549633014386 549633014433 549633014433 549633015777 0
T 59902.42
P 13098 12163 20010055 appspawn-x
13098 (com.example.hel) S 12163 0 0 0 -1 4194624 46218 0 0 0 105 74 0 0 0 -20 34 0 5989084 4043206656 71768 18446744073709551615 366995412500 366995478224 549633010864 0 0 0 4612 0 1073779962 0 0 0 17 5 0 0 0 0 0 366995489160 366995489320 367679660032 549633014386 549633014433 549633014433 549633015777 0
T 59902.59
P 13098 12163 20010055 appspawn-x
13098 (com.example.hel) S 12163 0 0 0 -1 4194624 46218 0 0 0 105 74 0 0 0 -20 34 0 5989084 4043206656 71768 18446744073709551615 366995412500 366995478224 549633010864 0 0 0 4612 0 1073779962 0 0 0 17 5 0 0 0 0 0 366995489160 366995489320 367679660032 549633014386 549633014433 549633014433 549633015777 0
T 59902.76
P 13098 12163 20010055 appspawn-x
13098 (com.example.hel) S 12163 0 0 0 -1 4194624 46218 0 0 0 105 74 0 0 0 -20 34 0 5989084 4043206656 71768 18446744073709551615 366995412500 366995478224 549633010864 0 0 0 4612 0 1073779962 0 0 0 17 5 0 0 0 0 0 366995489160 366995489320 367679660032 549633014386 549633014433 549633014433 549633015777 0
T 59902.93
P 13098 12163 20010055 appspawn-x
13098 (com.example.hel) S 12163 0 0 0 -1 4194624 46218 0 0 0 105 74 0 0 0 -20 34 0 5989084 4043206656 71768 18446744073709551615 366995412500 366995478224 549633010864 0 0 0 4612 0 1073779962 0 0 0 17 5 0 0 0 0 0 366995489160 366995489320 367679660032 549633014386 549633014433 549633014433 549633015777 0
T 59903.12
P 13098 12163 20010055 appspawn-x
13098 (com.example.hel) S 12163 0 0 0 -1 4194624 46218 0 0 0 105 74 0 0 0 -20 34 0 5989084 4043206656 71768 18446744073709551615 366995412500 366995478224 549633010864 0 0 0 4612 0 1073779962 0 0 0 17 5 0 0 0 0 0 366995489160 366995489320 367679660032 549633014386 549633014433 549633014433 549633015777 0
T 59903.32
P 13098 12163 20010055 appspawn-x
13098 (com.example.hel) S 12163 0 0 0 -1 4194624 46218 0 0 0 105 74 0 0 0 -20 34 0 5989084 4043206656 71768 18446744073709551615 366995412500 366995478224 549633010864 0 0 0 4612 0 1073779962 0 0 0 17 5 0 0 0 0 0 366995489160 366995489320 367679660032 549633014386 549633014433 549633014433 549633015777 0
T 59903.50
P 13098 12163 20010055 appspawn-x
13098 (com.example.hel) S 12163 0 0 0 -1 4194624 46218 0 0 0 105 74 0 0 0 -20 34 0 5989084 4043206656 71768 18446744073709551615 366995412500 366995478224 549633010864 0 0 0 4612 0 1073779962 0 0 0 17 5 0 0 0 0 0 366995489160 366995489320 367679660032 549633014386 549633014433 549633014433 549633015777 0
T 59903.68
P 13098 12163 20010055 appspawn-x
13098 (com.example.hel) S 12163 0 0 0 -1 4194624 46218 0 0 0 105 74 0 0 0 -20 34 0 5989084 4043206656 71768 18446744073709551615 366995412500 366995478224 549633010864 0 0 0 4612 0 1073779962 0 0 0 17 5 0 0 0 0 0 366995489160 366995489320 367679660032 549633014386 549633014433 549633014433 549633015777 0
T 59903.88
P 13098 12163 20010055 appspawn-x
13098 (com.example.hel) S 12163 0 0 0 -1 4194624 46218 0 0 0 105 74 0 0 0 -20 34 0 5989084 4043206656 71768 18446744073709551615 366995412500 366995478224 549633010864 0 0 0 4612 0 1073779962 0 0 0 17 5 0 0 0 0 0 366995489160 366995489320 367679660032 549633014386 549633014433 549633014433 549633015777 0
T 59904.06
P 13098 12163 20010055 appspawn-x
13098 (com.example.hel) S 12163 0 0 0 -1 4194624 46218 0 0 0 105 74 0 0 0 -20 34 0 5989084 4043206656 71768 18446744073709551615 366995412500 366995478224 549633010864 0 0 0 4612 0 1073779962 0 0 0 17 5 0 0 0 0 0 366995489160 366995489320 367679660032 549633014386 549633014433 549633014433 549633015777 0
T 59904.25
P 13098 12163 20010055 appspawn-x
13098 (com.example.hel) S 12163 0 0 0 -1 4194624 46218 0 0 0 105 74 0 0 0 -20 34 0 5989084 4043206656 71768 18446744073709551615 366995412500 366995478224 549633010864 0 0 0 4612 0 1073779962 0 0 0 17 5 0 0 0 0 0 366995489160 366995489320 367679660032 549633014386 549633014433 549633014433 549633015777 0
T 59904.44
P 13098 12163 20010055 appspawn-x
13098 (com.example.hel) S 12163 0 0 0 -1 4194624 46218 0 0 0 105 74 0 0 0 -20 34 0 5989084 4043206656 71768 18446744073709551615 366995412500 366995478224 549633010864 0 0 0 4612 0 1073779962 0 0 0 17 5 0 0 0 0 0 366995489160 366995489320 367679660032 549633014386 549633014433 549633014433 549633015777 0
T 59904.64
P 13098 12163 20010055 appspawn-x
13098 (com.example.hel) S 12163 0 0 0 -1 4194624 46218 0 0 0 105 74 0 0 0 -20 34 0 5989084 4043206656 71768 18446744073709551615 366995412500 366995478224 549633010864 0 0 0 4612 0 1073779962 0 0 0 17 5 0 0 0 0 0 366995489160 366995489320 367679660032 549633014386 549633014433 549633014433 549633015777 0
T 59904.81
P 13098 12163 20010055 appspawn-x
13098 (com.example.hel) S 12163 0 0 0 -1 4194624 46218 0 0 0 105 74 0 0 0 -20 34 0 5989084 4043206656 71768 18446744073709551615 366995412500 366995478224 549633010864 0 0 0 4612 0 1073779962 0 0 0 17 5 0 0 0 0 0 366995489160 366995489320 367679660032 549633014386 549633014433 549633014433 549633015777 0
T 59905.00
P 13098 12163 20010055 appspawn-x
13098 (com.example.hel) S 12163 0 0 0 -1 4194624 46218 0 0 0 105 74 0 0 0 -20 34 0 5989084 4043206656 71768 18446744073709551615 366995412500 366995478224 549633010864 0 0 0 4612 0 1073779962 0 0 0 17 5 0 0 0 0 0 366995489160 366995489320 367679660032 549633014386 549633014433 549633014433 549633015777 0
T 59905.19
P 13098 12163 20010055 appspawn-x
13098 (com.example.hel) S 12163 0 0 0 -1 4194624 46218 0 0 0 105 74 0 0 0 -20 34 0 5989084 4043206656 71768 18446744073709551615 366995412500 366995478224 549633010864 0 0 0 4612 0 1073779962 0 0 0 17 5 0 0 0 0 0 366995489160 366995489320 367679660032 549633014386 549633014433 549633014433 549633015777 0
T 59905.38
P 13098 12163 20010055 appspawn-x
13098 (com.example.hel) S 12163 0 0 0 -1 4194624 46218 0 0 0 105 74 0 0 0 -20 34 0 5989084 4043206656 71768 18446744073709551615 366995412500 366995478224 549633010864 0 0 0 4612 0 1073779962 0 0 0 17 5 0 0 0 0 0 366995489160 366995489320 367679660032 549633014386 549633014433 549633014433 549633015777 0
T 59905.58
P 13098 12163 20010055 appspawn-x
13098 (com.example.hel) S 12163 0 0 0 -1 4194624 46218 0 0 0 105 74 0 0 0 -20 34 0 5989084 4043206656 71768 18446744073709551615 366995412500 366995478224 549633010864 0 0 0 4612 0 1073779962 0 0 0 17 5 0 0 0 0 0 366995489160 366995489320 367679660032 549633014386 549633014433 549633014433 549633015777 0
T 59905.75
P 13098 12163 20010055 appspawn-x
13098 (com.example.hel) S 12163 0 0 0 -1 4194624 46218 0 0 0 105 74 0 0 0 -20 34 0 5989084 4043206656 71768 18446744073709551615 366995412500 366995478224 549633010864 0 0 0 4612 0 1073779962 0 0 0 17 5 0 0 0 0 0 366995489160 366995489320 367679660032 549633014386 549633014433 549633014433 549633015777 0
T 59905.94
P 13098 12163 20010055 appspawn-x
13098 (com.example.hel) S 12163 0 0 0 -1 4194624 46218 0 0 0 105 74 0 0 0 -20 34 0 5989084 4043206656 71768 18446744073709551615 366995412500 366995478224 549633010864 0 0 0 4612 0 1073779962 0 0 0 17 5 0 0 0 0 0 366995489160 366995489320 367679660032 549633014386 549633014433 549633014433 549633015777 0
T 59906.13
P 13098 12163 20010055 appspawn-x
13098 (com.example.hel) S 12163 0 0 0 -1 4194624 46218 0 0 0 105 74 0 0 0 -20 34 0 5989084 4043206656 71768 18446744073709551615 366995412500 366995478224 549633010864 0 0 0 4612 0 1073779962 0 0 0 17 5 0 0 0 0 0 366995489160 366995489320 367679660032 549633014386 549633014433 549633014433 549633015777 0
T 59906.32
P 13098 12163 20010055 appspawn-x
13098 (com.example.hel) S 12163 0 0 0 -1 4194624 46218 0 0 0 105 74 0 0 0 -20 34 0 5989084 4043206656 71768 18446744073709551615 366995412500 366995478224 549633010864 0 0 0 4612 0 1073779962 0 0 0 17 5 0 0 0 0 0 366995489160 366995489320 367679660032 549633014386 549633014433 549633014433 549633015777 0
