T 880.40
T 880.58
T 880.77
P 18672 9847 20010056 appspawn-x
18672 (b.bridge.zigzag) R 9847 0 0 0 -1 4194624 248 0 0 0 3 4 0 0 0 -20 1 0 88079 2197676032 1606 18446744073709551615 366504318740 366504385408 548786572672 0 0 0 0 4096 1073775866 0 0 0 17 6 0 0 0 0 0 366504396344 366504396504 366837297152 548786575965 548786576012 548786576012 548786577377 0
T 880.98
P 18672 9847 20010056 appspawn-x
18672 (b.bridge.zigzag) R 9847 0 0 0 -1 4194624 8299 0 0 0 17 13 0 0 0 -20 1 0 88079 2454024192 13708 18446744073709551615 366504318740 366504385408 548786572672 0 0 0 0 4096 1073775866 0 0 0 17 6 0 0 0 0 0 366504396344 366504396504 366837297152 548786575965 548786576012 548786576012 548786577377 0
T 881.22
P 18672 9847 20010056 appspawn-x
18672 (main) R 9847 0 0 0 -1 4194624 13711 0 0 0 22 22 0 0 0 -20 10 0 88079 3366240256 19803 18446744073709551615 366504318740 366504385408 548786572672 0 0 0 4612 0 1073779962 0 0 0 17 7 0 0 0 0 0 366504396344 366504396504 366837297152 548786575965 548786576012 548786576012 548786577377 0
T 881.40
P 18672 9847 20010056 appspawn-x
18672 (main) R 9847 0 0 0 -1 4194624 16283 0 0 0 33 28 0 0 0 -20 10 0 88079 3518758912 25561 18446744073709551615 366504318740 366504385408 548786572672 0 0 0 4612 0 1073779962 0 0 0 17 4 0 0 0 0 0 366504396344 366504396504 366837297152 548786575965 548786576012 548786576012 548786577377 0
T 881.58
P 18672 9847 20010056 appspawn-x
18672 (main) R 9847 0 0 0 -1 4194624 20018 0 0 0 48 33 0 0 0 -20 10 0 88079 3576061952 42632 18446744073709551615 366504318740 366504385408 548786572672 0 0 0 4612 0 1073779962 0 0 0 17 7 0 0 0 0 0 366504396344 366504396504 366837297152 548786575965 548786576012 548786576012 548786577377 0
T 881.78
P 18672 9847 20010056 appspawn-x
18672 (com.a2hlab.brid) R 9847 0 0 0 -1 4194624 21976 0 0 0 60 39 0 0 0 -20 12 0 88079 3687690240 52330 18446744073709551615 366504318740 366504385408 548786572672 0 0 0 4612 0 1073779962 0 0 0 17 4 0 0 0 0 0 366504396344 366504396504 366837297152 548786575965 548786576012 548786576012 548786577377 0
T 881.97
P 18672 9847 20010056 appspawn-x
18672 (com.a2hlab.brid) R 9847 0 0 0 -1 4194624 29104 0 0 0 69 48 0 0 0 -20 12 0 88079 3712471040 58502 18446744073709551615 366504318740 366504385408 548786572672 0 0 0 4612 0 1073779962 0 0 0 17 4 0 0 0 0 0 366504396344 366504396504 366837297152 548786575965 548786576012 548786576012 548786577377 0
T 882.15
P 18672 9847 20010056 appspawn-x
18672 (com.a2hlab.brid) R 9847 0 0 0 -1 4194624 35903 0 0 0 82 52 0 0 0 -20 12 0 88079 3740319744 65300 18446744073709551615 366504318740 366504385408 548786572672 0 0 0 4612 0 1073779962 0 0 0 17 6 0 0 0 0 0 366504396344 366504396504 366837297152 548786575965 548786576012 548786576012 548786577377 0
T 882.32
P 18672 9847 20010056 appspawn-x
18672 (com.a2hlab.brid) R 9847 0 0 0 -1 4194624 38769 0 0 0 97 58 0 0 0 -20 12 0 88079 3725377536 61658 18446744073709551615 366504318740 366504385408 548786572672 0 0 0 4612 0 1073779962 0 0 0 17 6 0 0 0 0 0 366504396344 366504396504 366837297152 548786575965 548786576012 548786576012 548786577377 0
T 882.52
P 18672 9847 20010056 appspawn-x
18672 (com.a2hlab.brid) S 9847 0 0 0 -1 1077936448 40766 0 1 0 108 65 0 0 0 -20 13 0 88079 3776958464 61278 18446744073709551615 366504318740 366504385408 548786572672 0 0 0 4612 0 1073779962 0 0 0 17 5 0 0 0 0 0 366504396344 366504396504 366837297152 548786575965 548786576012 548786576012 548786577377 0
T 882.71
P 18672 9847 20010056 appspawn-x
18672 (com.a2hlab.brid) S 9847 0 0 0 -1 1077936448 42907 0 3 0 117 72 0 0 0 -20 16 0 88079 4124241920 70258 18446744073709551615 366504318740 366504385408 548786572672 0 0 0 4612 0 1073779962 0 0 0 17 5 0 0 0 0 0 366504396344 366504396504 366837297152 548786575965 548786576012 548786576012 548786577377 0
T 882.94
P 18672 9847 20010056 appspawn-x
18672 (com.a2hlab.brid) S 9847 0 0 0 -1 4194624 46973 0 3 0 119 84 0 0 0 -20 34 0 88079 5932843008 76767 18446744073709551615 366504318740 366504385408 548786572672 0 0 0 4612 0 1073779962 0 0 0 17 4 0 0 0 0 0 366504396344 366504396504 366837297152 548786575965 548786576012 548786576012 548786577377 0
T 883.12
P 18672 9847 20010056 appspawn-x
18672 (com.a2hlab.brid) S 9847 0 0 0 -1 4194624 47953 0 3 0 136 86 0 0 0 -20 38 0 88079 6503497728 77753 18446744073709551615 366504318740 366504385408 548786572672 0 0 0 4612 0 1073779962 0 0 0 17 4 0 0 0 0 0 366504396344 366504396504 366837297152 548786575965 548786576012 548786576012 548786577377 0
T 883.31
P 18672 9847 20010056 appspawn-x
18672 (com.a2hlab.brid) R 9847 0 0 0 -1 4194624 48348 0 5 0 153 89 0 0 0 -20 39 0 88079 6511198208 78595 18446744073709551615 366504318740 366504385408 548786572672 0 0 0 4612 0 1073779962 0 0 0 17 2 0 0 0 0 0 366504396344 366504396504 366837297152 548786575965 548786576012 548786576012 548786577377 0
T 883.52
P 18672 9847 20010056 appspawn-x
18672 (com.a2hlab.brid) S 9847 0 0 0 -1 4194624 53481 0 11 0 167 97 0 0 0 -20 61 0 88079 6720909312 84730 18446744073709551615 366504318740 366504385408 548786572672 0 0 0 4612 0 1619039482 0 0 0 17 5 0 0 0 0 0 366504396344 366504396504 366837297152 548786575965 548786576012 548786576012 548786577377 0
T 883.73
P 18672 9847 20010056 appspawn-x
18672 (com.a2hlab.brid) S 9847 0 0 0 -1 4194624 55427 0 11 0 170 103 0 0 0 -20 62 0 88079 6999146496 85813 18446744073709551615 366504318740 366504385408 548786572672 0 0 0 4612 0 1619039482 0 0 0 17 1 0 0 0 0 0 366504396344 366504396504 366837297152 548786575965 548786576012 548786576012 548786577377 0
T 883.92
P 18672 9847 20010056 appspawn-x
18672 (com.a2hlab.brid) S 9847 0 0 0 -1 4194624 59456 0 14 0 178 112 0 0 0 -20 66 0 88079 7601086464 95059 18446744073709551615 366504318740 366504385408 548786572672 0 0 0 4612 0 1619039482 0 0 0 17 1 0 0 0 0 0 366504396344 366504396504 366837297152 548786575965 548786576012 548786576012 548786577377 0
T 884.14
P 18672 9847 20010056 appspawn-x
18672 (com.a2hlab.brid) S 9847 0 0 0 -1 4194624 60788 0 14 0 183 117 0 0 0 -20 66 0 88079 7603970048 97185 18446744073709551615 366504318740 366504385408 548786572672 0 0 0 4612 0 1619039482 0 0 0 17 2 0 0 0 0 0 366504396344 366504396504 366837297152 548786575965 548786576012 548786576012 548786577377 0
T 884.35
P 18672 9847 20010056 appspawn-x
18672 (com.a2hlab.brid) S 9847 0 0 0 -1 4194624 64247 0 15 0 199 128 0 0 0 -20 67 0 88079 7959388160 101856 18446744073709551615 366504318740 366504385408 548786572672 0 0 0 4612 0 1619039482 0 0 0 17 3 0 0 0 0 0 366504396344 366504396504 366837297152 548786575965 548786576012 548786576012 548786577377 0
T 884.54
P 18672 9847 20010056 appspawn-x
18672 (com.a2hlab.brid) S 9847 0 0 0 -1 4194624 64398 0 15 0 202 130 0 0 0 -20 67 0 88079 7959388160 101931 18446744073709551615 366504318740 366504385408 548786572672 0 0 0 4612 0 1619039482 0 0 0 17 3 0 0 0 0 0 366504396344 366504396504 366837297152 548786575965 548786576012 548786576012 548786577377 0
T 884.72
P 18672 9847 20010056 appspawn-x
18672 (com.a2hlab.brid) S 9847 0 0 0 -1 4194624 64477 0 15 0 203 132 0 0 0 -20 67 0 88079 7959388160 101936 18446744073709551615 366504318740 366504385408 548786572672 0 0 0 4612 0 1619039482 0 0 0 17 3 0 0 0 0 0 366504396344 366504396504 366837297152 548786575965 548786576012 548786576012 548786577377 0
T 884.91
P 18672 9847 20010056 appspawn-x
18672 (com.a2hlab.brid) S 9847 0 0 0 -1 4194624 64539 0 15 0 206 134 0 0 0 -20 67 0 88079 7959388160 102485 18446744073709551615 366504318740 366504385408 548786572672 0 0 0 4612 0 1619039482 0 0 0 17 3 0 0 0 0 0 366504396344 366504396504 366837297152 548786575965 548786576012 548786576012 548786577377 0
T 885.10
P 18672 9847 20010056 appspawn-x
18672 (com.a2hlab.brid) S 9847 0 0 0 -1 4194624 64652 0 15 0 206 137 0 0 0 -20 67 0 88079 7959388160 102523 18446744073709551615 366504318740 366504385408 548786572672 0 0 0 4612 0 1619039482 0 0 0 17 3 0 0 0 0 0 366504396344 366504396504 366837297152 548786575965 548786576012 548786576012 548786577377 0
T 885.28
P 18672 9847 20010056 appspawn-x
18672 (com.a2hlab.brid) S 9847 0 0 0 -1 4194624 64784 0 15 0 208 139 0 0 0 -20 67 0 88079 7959388160 102138 18446744073709551615 366504318740 366504385408 548786572672 0 0 0 4612 0 1619039482 0 0 0 17 3 0 0 0 0 0 366504396344 366504396504 366837297152 548786575965 548786576012 548786576012 548786577377 0
T 885.46
P 18672 9847 20010056 appspawn-x
18672 (com.a2hlab.brid) S 9847 0 0 0 -1 4194624 64924 0 15 0 209 143 0 0 0 -20 67 0 88079 7959388160 102210 18446744073709551615 366504318740 366504385408 548786572672 0 0 0 4612 0 1619039482 0 0 0 17 3 0 0 0 0 0 366504396344 366504396504 366837297152 548786575965 548786576012 548786576012 548786577377 0
T 885.66
P 18672 9847 20010056 appspawn-x
18672 (com.a2hlab.brid) S 9847 0 0 0 -1 4194624 65076 0 15 0 211 145 0 0 0 -20 67 0 88079 7959388160 102284 18446744073709551615 366504318740 366504385408 548786572672 0 0 0 4612 0 1619039482 0 0 0 17 2 0 0 0 0 0 366504396344 366504396504 366837297152 548786575965 548786576012 548786576012 548786577377 0
T 885.87
P 18672 9847 20010056 appspawn-x
18672 (com.a2hlab.brid) S 9847 0 0 0 -1 4194624 65177 0 15 0 213 147 0 0 0 -20 67 0 88079 7959388160 102321 18446744073709551615 366504318740 366504385408 548786572672 0 0 0 4612 0 1619039482 0 0 0 17 2 0 0 0 0 0 366504396344 366504396504 366837297152 548786575965 548786576012 548786576012 548786577377 0
T 886.04
P 18672 9847 20010056 appspawn-x
18672 (com.a2hlab.brid) S 9847 0 0 0 -1 4194624 65248 0 15 0 213 150 0 0 0 -20 67 0 88079 7959388160 102354 18446744073709551615 366504318740 366504385408 548786572672 0 0 0 4612 0 1619039482 0 0 0 17 2 0 0 0 0 0 366504396344 366504396504 366837297152 548786575965 548786576012 548786576012 548786577377 0
T 886.23
P 18672 9847 20010056 appspawn-x
18672 (com.a2hlab.brid) S 9847 0 0 0 -1 4194624 65375 0 15 0 215 153 0 0 0 -20 67 0 88079 7959470080 102910 18446744073709551615 366504318740 366504385408 548786572672 0 0 0 4612 0 1619039482 0 0 0 17 2 0 0 0 0 0 366504396344 366504396504 366837297152 548786575965 548786576012 548786576012 548786577377 0
T 886.40
P 18672 9847 20010056 appspawn-x
18672 (com.a2hlab.brid) S 9847 0 0 0 -1 4194624 68538 0 15 0 225 161 0 0 0 -20 70 0 88079 8045981696 106831 18446744073709551615 366504318740 366504385408 548786572672 0 0 0 4612 0 1619039482 0 0 0 17 6 0 0 0 0 0 366504396344 366504396504 366837297152 548786575965 548786576012 548786576012 548786577377 0
T 886.58
P 18672 9847 20010056 appspawn-x
18672 (com.a2hlab.brid) S 9847 0 0 0 -1 4194624 70017 0 15 0 237 166 0 0 0 -20 71 0 88079 8051785728 109130 18446744073709551615 366504318740 366504385408 548786572672 0 0 0 4612 0 1619039482 0 0 0 17 6 0 0 0 0 0 366504396344 366504396504 366837297152 548786575965 548786576012 548786576012 548786577377 0
T 886.79
P 18672 9847 20010056 appspawn-x
18672 (com.a2hlab.brid) S 9847 0 0 0 -1 4194624 70345 0 15 0 239 169 0 0 0 -20 71 0 88079 8051785728 109358 18446744073709551615 366504318740 366504385408 548786572672 0 0 0 4612 0 1619039482 0 0 0 17 2 0 0 0 0 0 366504396344 366504396504 366837297152 548786575965 548786576012 548786576012 548786577377 0
T 886.98
P 18672 9847 20010056 appspawn-x
18672 (com.a2hlab.brid) S 9847 0 0 0 -1 4194624 70652 0 15 0 242 171 0 0 0 -20 71 0 88079 8051785728 110069 18446744073709551615 366504318740 366504385408 548786572672 0 0 0 4612 0 1619039482 0 0 0 17 2 0 0 0 0 0 366504396344 366504396504 366837297152 548786575965 548786576012 548786576012 548786577377 0
T 887.16
P 18672 9847 20010056 appspawn-x
18672 (com.a2hlab.brid) S 9847 0 0 0 -1 4194624 70813 0 15 0 243 174 0 0 0 -20 71 0 88079 8051785728 109704 18446744073709551615 366504318740 366504385408 548786572672 0 0 0 4612 0 1619039482 0 0 0 17 2 0 0 0 0 0 366504396344 366504396504 366837297152 548786575965 548786576012 548786576012 548786577377 0
T 887.34
P 18672 9847 20010056 appspawn-x
18672 (com.a2hlab.brid) S 9847 0 0 0 -1 4194624 70932 0 15 0 245 176 0 0 0 -20 71 0 88079 8051785728 109766 18446744073709551615 366504318740 366504385408 548786572672 0 0 0 4612 0 1619039482 0 0 0 17 2 0 0 0 0 0 366504396344 366504396504 366837297152 548786575965 548786576012 548786576012 548786577377 0
T 887.53
P 18672 9847 20010056 appspawn-x
18672 (com.a2hlab.brid) S 9847 0 0 0 -1 4194624 71109 0 15 0 249 178 0 0 0 -20 71 0 88079 8051785728 110908 18446744073709551615 366504318740 366504385408 548786572672 0 0 0 4612 0 1619039482 0 0 0 17 2 0 0 0 0 0 366504396344 366504396504 366837297152 548786575965 548786576012 548786576012 548786577377 0
T 887.70
P 18672 9847 20010056 appspawn-x
18672 (com.a2hlab.brid) S 9847 0 0 0 -1 4194624 71267 0 15 0 252 179 0 0 0 -20 71 0 88079 8051785728 110962 18446744073709551615 366504318740 366504385408 548786572672 0 0 0 4612 0 1619039482 0 0 0 17 2 0 0 0 0 0 366504396344 366504396504 366837297152 548786575965 548786576012 548786576012 548786577377 0
T 887.87
P 18672 9847 20010056 appspawn-x
18672 (com.a2hlab.brid) S 9847 0 0 0 -1 4194624 71338 0 15 0 254 181 0 0 0 -20 71 0 88079 8051785728 109998 18446744073709551615 366504318740 366504385408 548786572672 0 0 0 4612 0 1619039482 0 0 0 17 2 0 0 0 0 0 366504396344 366504396504 366837297152 548786575965 548786576012 548786576012 548786577377 0
T 888.05
P 18672 9847 20010056 appspawn-x
18672 (com.a2hlab.brid) S 9847 0 0 0 -1 4194624 71424 0 15 0 255 185 0 0 0 -20 71 0 88079 8051785728 110065 18446744073709551615 366504318740 366504385408 548786572672 0 0 0 4612 0 1619039482 0 0 0 17 2 0 0 0 0 0 366504396344 366504396504 366837297152 548786575965 548786576012 548786576012 548786577377 0
T 888.24
P 18672 9847 20010056 appspawn-x
18672 (com.a2hlab.brid) S 9847 0 0 0 -1 4194624 71469 0 15 0 256 188 0 0 0 -20 71 0 88079 8051785728 110133 18446744073709551615 366504318740 366504385408 548786572672 0 0 0 4612 0 1619039482 0 0 0 17 2 0 0 0 0 0 366504396344 366504396504 366837297152 548786575965 548786576012 548786576012 548786577377 0
T 888.42
P 18672 9847 20010056 appspawn-x
18672 (com.a2hlab.brid) S 9847 0 0 0 -1 4194624 71530 0 15 0 259 189 0 0 0 -20 71 0 88079 8051785728 110136 18446744073709551615 366504318740 366504385408 548786572672 0 0 0 4612 0 1619039482 0 0 0 17 2 0 0 0 0 0 366504396344 366504396504 366837297152 548786575965 548786576012 548786576012 548786577377 0
T 888.62
P 18672 9847 20010056 appspawn-x
18672 (com.a2hlab.brid) S 9847 0 0 0 -1 4194624 71573 0 15 0 261 191 0 0 0 -20 71 0 88079 8051785728 110203 18446744073709551615 366504318740 366504385408 548786572672 0 0 0 4612 0 1619039482 0 0 0 17 2 0 0 0 0 0 366504396344 366504396504 366837297152 548786575965 548786576012 548786576012 548786577377 0
T 888.79
P 18672 9847 20010056 appspawn-x
18672 (com.a2hlab.brid) S 9847 0 0 0 -1 4194624 71638 0 15 0 263 194 0 0 0 -20 71 0 88079 8051785728 110270 18446744073709551615 366504318740 366504385408 548786572672 0 0 0 4612 0 1619039482 0 0 0 17 2 0 0 0 0 0 366504396344 366504396504 366837297152 548786575965 548786576012 548786576012 548786577377 0
T 888.98
P 18672 9847 20010056 appspawn-x
18672 (com.a2hlab.brid) S 9847 0 0 0 -1 4194624 71697 0 15 0 265 196 0 0 0 -20 71 0 88079 8051785728 110305 18446744073709551615 366504318740 366504385408 548786572672 0 0 0 4612 0 1619039482 0 0 0 17 2 0 0 0 0 0 366504396344 366504396504 366837297152 548786575965 548786576012 548786576012 548786577377 0
T 889.16
P 18672 9847 20010056 appspawn-x
18672 (com.a2hlab.brid) S 9847 0 0 0 -1 4194624 71760 0 15 0 268 197 0 0 0 -20 71 0 88079 8051785728 110372 18446744073709551615 366504318740 366504385408 548786572672 0 0 0 4612 0 1619039482 0 0 0 17 2 0 0 0 0 0 366504396344 366504396504 366837297152 548786575965 548786576012 548786576012 548786577377 0
T 889.36
P 18672 9847 20010056 appspawn-x
18672 (com.a2hlab.brid) S 9847 0 0 0 -1 4194624 71808 0 15 0 269 200 0 0 0 -20 71 0 88079 8051785728 110373 18446744073709551615 366504318740 366504385408 548786572672 0 0 0 4612 0 1619039482 0 0 0 17 2 0 0 0 0 0 366504396344 366504396504 366837297152 548786575965 548786576012 548786576012 548786577377 0
T 889.55
P 18672 9847 20010056 appspawn-x
18672 (com.a2hlab.brid) S 9847 0 0 0 -1 4194624 71896 0 15 0 271 202 0 0 0 -20 71 0 88079 8051785728 110473 18446744073709551615 366504318740 366504385408 548786572672 0 0 0 4612 0 1619039482 0 0 0 17 2 0 0 0 0 0 366504396344 366504396504 366837297152 548786575965 548786576012 548786576012 548786577377 0
T 889.71
P 18672 9847 20010056 appspawn-x
18672 (com.a2hlab.brid) S 9847 0 0 0 -1 4194624 71945 0 15 0 272 204 0 0 0 -20 71 0 88079 8051785728 110475 18446744073709551615 366504318740 366504385408 548786572672 0 0 0 4612 0 1619039482 0 0 0 17 2 0 0 0 0 0 366504396344 366504396504 366837297152 548786575965 548786576012 548786576012 548786577377 0
T 889.90
P 18672 9847 20010056 appspawn-x
18672 (com.a2hlab.brid) S 9847 0 0 0 -1 4194624 71985 0 15 0 273 206 0 0 0 -20 71 0 88079 8051785728 110541 18446744073709551615 366504318740 366504385408 548786572672 0 0 0 4612 0 1619039482 0 0 0 17 2 0 0 0 0 0 366504396344 366504396504 366837297152 548786575965 548786576012 548786576012 548786577377 0
T 890.06
P 18672 9847 20010056 appspawn-x
18672 (com.a2hlab.brid) S 9847 0 0 0 -1 4194624 72025 0 15 0 276 207 0 0 0 -20 71 0 88079 8051785728 110542 18446744073709551615 366504318740 366504385408 548786572672 0 0 0 4612 0 1619039482 0 0 0 17 2 0 0 0 0 0 366504396344 366504396504 366837297152 548786575965 548786576012 548786576012 548786577377 0
T 890.23
P 18672 9847 20010056 appspawn-x
18672 (com.a2hlab.brid) S 9847 0 0 0 -1 4194624 72071 0 15 0 277 211 0 0 0 -20 71 0 88079 8051785728 111632 18446744073709551615 366504318740 366504385408 548786572672 0 0 0 4612 0 1619039482 0 0 0 17 2 0 0 0 0 0 366504396344 366504396504 366837297152 548786575965 548786576012 548786576012 548786577377 0
T 890.40
P 18672 9847 20010056 appspawn-x
18672 (com.a2hlab.brid) S 9847 0 0 0 -1 4194624 72119 0 15 0 278 214 0 0 0 -20 71 0 88079 8051785728 111632 18446744073709551615 366504318740 366504385408 548786572672 0 0 0 4612 0 1619039482 0 0 0 17 2 0 0 0 0 0 366504396344 366504396504 366837297152 548786575965 548786576012 548786576012 548786577377 0
T 890.60
P 18672 9847 20010056 appspawn-x
18672 (com.a2hlab.brid) S 9847 0 0 0 -1 4194624 72169 0 15 0 280 216 0 0 0 -20 71 0 88079 8051785728 111698 18446744073709551615 366504318740 366504385408 548786572672 0 0 0 4612 0 1619039482 0 0 0 17 2 0 0 0 0 0 366504396344 366504396504 366837297152 548786575965 548786576012 548786576012 548786577377 0
T 890.80
P 18672 9847 20010056 appspawn-x
18672 (com.a2hlab.brid) S 9847 0 0 0 -1 4194624 72226 0 15 0 282 219 0 0 0 -20 71 0 88079 8051785728 111765 18446744073709551615 366504318740 366504385408 548786572672 0 0 0 4612 0 1619039482 0 0 0 17 6 0 0 0 0 0 366504396344 366504396504 366837297152 548786575965 548786576012 548786576012 548786577377 0
T 890.97
P 18672 9847 20010056 appspawn-x
18672 (com.a2hlab.brid) S 9847 0 0 0 -1 4194624 72267 0 15 0 283 222 0 0 0 -20 71 0 88079 8051785728 110743 18446744073709551615 366504318740 366504385408 548786572672 0 0 0 4612 0 1619039482 0 0 0 17 6 0 0 0 0 0 366504396344 366504396504 366837297152 548786575965 548786576012 548786576012 548786577377 0
T 891.16
P 18672 9847 20010056 appspawn-x
18672 (com.a2hlab.brid) S 9847 0 0 0 -1 4194624 72313 0 15 0 286 223 0 0 0 -20 71 0 88079 8051785728 111834 18446744073709551615 366504318740 366504385408 548786572672 0 0 0 4612 0 1619039482 0 0 0 17 6 0 0 0 0 0 366504396344 366504396504 366837297152 548786575965 548786576012 548786576012 548786577377 0
T 891.34
P 18672 9847 20010056 appspawn-x
18672 (com.a2hlab.brid) S 9847 0 0 0 -1 4194624 72353 0 15 0 287 226 0 0 0 -20 71 0 88079 8051785728 110810 18446744073709551615 366504318740 366504385408 548786572672 0 0 0 4612 0 1619039482 0 0 0 17 6 0 0 0 0 0 366504396344 366504396504 366837297152 548786575965 548786576012 548786576012 548786577377 0
T 891.53
P 18672 9847 20010056 appspawn-x
18672 (com.a2hlab.brid) S 9847 0 0 0 -1 4194624 72398 0 15 0 289 229 0 0 0 -20 71 0 88079 8051785728 111900 18446744073709551615 366504318740 366504385408 548786572672 0 0 0 4612 0 1619039482 0 0 0 17 6 0 0 0 0 0 366504396344 366504396504 366837297152 548786575965 548786576012 548786576012 548786577377 0
T 891.70
P 18672 9847 20010056 appspawn-x
18672 (com.a2hlab.brid) S 9847 0 0 0 -1 4194624 72457 0 15 0 291 231 0 0 0 -20 71 0 88079 8051785728 111900 18446744073709551615 366504318740 366504385408 548786572672 0 0 0 4612 0 1619039482 0 0 0 17 6 0 0 0 0 0 366504396344 366504396504 366837297152 548786575965 548786576012 548786576012 548786577377 0
T 891.91
P 18672 9847 20010056 appspawn-x
18672 (com.a2hlab.brid) S 9847 0 0 0 -1 4194624 72502 0 15 0 293 234 0 0 0 -20 71 0 88079 8051785728 111965 18446744073709551615 366504318740 366504385408 548786572672 0 0 0 4612 0 1619039482 0 0 0 17 6 0 0 0 0 0 366504396344 366504396504 366837297152 548786575965 548786576012 548786576012 548786577377 0
T 892.10
P 18672 9847 20010056 appspawn-x
18672 (com.a2hlab.brid) S 9847 0 0 0 -1 4194624 72542 0 15 0 294 236 0 0 0 -20 71 0 88079 8051785728 111007 18446744073709551615 366504318740 366504385408 548786572672 0 0 0 4612 0 1619039482 0 0 0 17 6 0 0 0 0 0 366504396344 366504396504 366837297152 548786575965 548786576012 548786576012 548786577377 0
T 892.30
P 18672 9847 20010056 appspawn-x
18672 (com.a2hlab.brid) S 9847 0 0 0 -1 4194624 72587 0 15 0 296 239 0 0 0 -20 71 0 88079 8051785728 111007 18446744073709551615 366504318740 366504385408 548786572672 0 0 0 4612 0 1619039482 0 0 0 17 6 0 0 0 0 0 366504396344 366504396504 366837297152 548786575965 548786576012 548786576012 548786577377 0
T 892.47
P 18672 9847 20010056 appspawn-x
18672 (com.a2hlab.brid) S 9847 0 0 0 -1 4194624 72627 0 15 0 298 241 0 0 0 -20 71 0 88079 8051785728 111073 18446744073709551615 366504318740 366504385408 548786572672 0 0 0 4612 0 1619039482 0 0 0 17 6 0 0 0 0 0 366504396344 366504396504 366837297152 548786575965 548786576012 548786576012 548786577377 0
T 892.66
P 18672 9847 20010056 appspawn-x
18672 (com.a2hlab.brid) S 9847 0 0 0 -1 4194624 72672 0 15 0 301 243 0 0 0 -20 71 0 88079 8051785728 111073 18446744073709551615 366504318740 366504385408 548786572672 0 0 0 4612 0 1619039482 0 0 0 17 6 0 0 0 0 0 366504396344 366504396504 366837297152 548786575965 548786576012 548786576012 548786577377 0
T 892.84
P 18672 9847 20010056 appspawn-x
18672 (com.a2hlab.brid) S 9847 0 0 0 -1 4194624 72730 0 15 0 302 245 0 0 0 -20 71 0 88079 8051785728 111138 18446744073709551615 366504318740 366504385408 548786572672 0 0 0 4612 0 1619039482 0 0 0 17 6 0 0 0 0 0 366504396344 366504396504 366837297152 548786575965 548786576012 548786576012 548786577377 0
T 893.01
P 18672 9847 20010056 appspawn-x
18672 (com.a2hlab.brid) S 9847 0 0 0 -1 4194624 72778 0 15 0 304 247 0 0 0 -20 71 0 88079 8060403712 111655 18446744073709551615 366504318740 366504385408 548786572672 0 0 0 4612 0 1619039482 0 0 0 17 6 0 0 0 0 0 366504396344 366504396504 366837297152 548786575965 548786576012 548786576012 548786577377 0
T 893.20
P 18672 9847 20010056 appspawn-x
18672 (com.a2hlab.brid) S 9847 0 0 0 -1 4194624 72809 0 15 0 306 248 0 0 0 -20 71 0 88079 8051785728 111203 18446744073709551615 366504318740 366504385408 548786572672 0 0 0 4612 0 1619039482 0 0 0 17 6 0 0 0 0 0 366504396344 366504396504 366837297152 548786575965 548786576012 548786576012 548786577377 0
T 893.36
P 18672 9847 20010056 appspawn-x
18672 (com.a2hlab.brid) S 9847 0 0 0 -1 4194624 72855 0 15 0 308 250 0 0 0 -20 71 0 88079 8051785728 111203 18446744073709551615 366504318740 366504385408 548786572672 0 0 0 4612 0 1619039482 0 0 0 17 6 0 0 0 0 0 366504396344 366504396504 366837297152 548786575965 548786576012 548786576012 548786577377 0
T 893.56
P 18672 9847 20010056 appspawn-x
18672 (com.a2hlab.brid) S 9847 0 0 0 -1 4194624 72901 0 15 0 310 252 0 0 0 -20 71 0 88079 8051785728 111269 18446744073709551615 366504318740 366504385408 548786572672 0 0 0 4612 0 1619039482 0 0 0 17 6 0 0 0 0 0 366504396344 366504396504 366837297152 548786575965 548786576012 548786576012 548786577377 0
T 893.74
P 18672 9847 20010056 appspawn-x
18672 (com.a2hlab.brid) S 9847 0 0 0 -1 4194624 72950 0 15 0 312 255 0 0 0 -20 71 0 88079 8051785728 112358 18446744073709551615 366504318740 366504385408 548786572672 0 0 0 4612 0 1619039482 0 0 0 17 6 0 0 0 0 0 366504396344 366504396504 366837297152 548786575965 548786576012 548786576012 548786577377 0
T 893.94
P 18672 9847 20010056 appspawn-x
18672 (com.a2hlab.brid) S 9847 0 0 0 -1 4194624 72995 0 15 0 315 256 0 0 0 -20 71 0 88079 8051785728 111846 18446744073709551615 366504318740 366504385408 548786572672 0 0 0 4612 0 1619039482 0 0 0 17 6 0 0 0 0 0 366504396344 366504396504 366837297152 548786575965 548786576012 548786576012 548786577377 0
T 894.14
P 18672 9847 20010056 appspawn-x
18672 (com.a2hlab.brid) S 9847 0 0 0 -1 4194624 73042 0 15 0 316 260 0 0 0 -20 71 0 88079 8051785728 112424 18446744073709551615 366504318740 366504385408 548786572672 0 0 0 4612 0 1619039482 0 0 0 17 6 0 0 0 0 0 366504396344 366504396504 366837297152 548786575965 548786576012 548786576012 548786577377 0
T 894.34
P 18672 9847 20010056 appspawn-x
18672 (com.a2hlab.brid) S 9847 0 0 0 -1 4194624 73087 0 15 0 319 261 0 0 0 -20 71 0 88079 8051785728 112424 18446744073709551615 366504318740 366504385408 548786572672 0 0 0 4612 0 1619039482 0 0 0 17 6 0 0 0 0 0 366504396344 366504396504 366837297152 548786575965 548786576012 548786576012 548786577377 0
T 894.54
P 18672 9847 20010056 appspawn-x
18672 (com.a2hlab.brid) S 9847 0 0 0 -1 4194624 73134 0 15 0 320 264 0 0 0 -20 71 0 88079 8051785728 112490 18446744073709551615 366504318740 366504385408 548786572672 0 0 0 4612 0 1619039482 0 0 0 17 6 0 0 0 0 0 366504396344 366504396504 366837297152 548786575965 548786576012 548786576012 548786577377 0
T 894.74
P 18672 9847 20010056 appspawn-x
18672 (com.a2hlab.brid) S 9847 0 0 0 -1 4194624 73179 0 15 0 323 266 0 0 0 -20 71 0 88079 8051785728 112556 18446744073709551615 366504318740 366504385408 548786572672 0 0 0 4612 0 1619039482 0 0 0 17 6 0 0 0 0 0 366504396344 366504396504 366837297152 548786575965 548786576012 548786576012 548786577377 0
T 894.94
P 18672 9847 20010056 appspawn-x
18672 (com.a2hlab.brid) S 9847 0 0 0 -1 4194624 73226 0 15 0 325 269 0 0 0 -20 71 0 88079 8051785728 111532 18446744073709551615 366504318740 366504385408 548786572672 0 0 0 4612 0 1619039482 0 0 0 17 6 0 0 0 0 0 366504396344 366504396504 366837297152 548786575965 548786576012 548786576012 548786577377 0
T 895.15
P 18672 9847 20010056 appspawn-x
18672 (com.a2hlab.brid) S 9847 0 0 0 -1 4194624 73273 0 15 0 327 271 0 0 0 -20 71 0 88079 8051785728 112110 18446744073709551615 366504318740 366504385408 548786572672 0 0 0 4612 0 1619039482 0 0 0 17 6 0 0 0 0 0 366504396344 366504396504 366837297152 548786575965 548786576012 548786576012 548786577377 0
T 895.34
P 18672 9847 20010056 appspawn-x
18672 (com.a2hlab.brid) S 9847 0 0 0 -1 4194624 73312 0 15 0 330 272 0 0 0 -20 71 0 88079 8051785728 111598 18446744073709551615 366504318740 366504385408 548786572672 0 0 0 4612 0 1619039482 0 0 0 17 6 0 0 0 0 0 366504396344 366504396504 366837297152 548786575965 548786576012 548786576012 548786577377 0
T 895.53
P 18672 9847 20010056 appspawn-x
18672 (com.a2hlab.brid) S 9847 0 0 0 -1 4194624 73358 0 15 0 331 275 0 0 0 -20 71 0 88079 8051785728 111664 18446744073709551615 366504318740 366504385408 548786572672 0 0 0 4612 0 1619039482 0 0 0 17 6 0 0 0 0 0 366504396344 366504396504 366837297152 548786575965 548786576012 548786576012 548786577377 0
T 895.73
P 18672 9847 20010056 appspawn-x
18672 (com.a2hlab.brid) S 9847 0 0 0 -1 4194624 73404 0 15 0 334 277 0 0 0 -20 71 0 88079 8051785728 111664 18446744073709551615 366504318740 366504385408 548786572672 0 0 0 4612 0 1619039482 0 0 0 17 6 0 0 0 0 0 366504396344 366504396504 366837297152 548786575965 548786576012 548786576012 548786577377 0
T 895.91
P 18672 9847 20010056 appspawn-x
18672 (com.a2hlab.brid) S 9847 0 0 0 -1 4194624 73442 0 15 0 335 280 0 0 0 -20 71 0 88079 8051785728 111730 18446744073709551615 366504318740 366504385408 548786572672 0 0 0 4612 0 1619039482 0 0 0 17 6 0 0 0 0 0 366504396344 366504396504 366837297152 548786575965 548786576012 548786576012 548786577377 0
T 896.10
P 18672 9847 20010056 appspawn-x
18672 (com.a2hlab.brid) S 9847 0 0 0 -1 4194624 73487 0 15 0 336 283 0 0 0 -20 71 0 88079 8051785728 111730 18446744073709551615 366504318740 366504385408 548786572672 0 0 0 4612 0 1619039482 0 0 0 17 6 0 0 0 0 0 366504396344 366504396504 366837297152 548786575965 548786576012 548786576012 548786577377 0
T 896.29
P 18672 9847 20010056 appspawn-x
18672 (com.a2hlab.brid) S 9847 0 0 0 -1 4194624 73535 0 15 0 337 286 0 0 0 -20 71 0 88079 8051785728 111796 18446744073709551615 366504318740 366504385408 548786572672 0 0 0 4612 0 1619039482 0 0 0 17 6 0 0 0 0 0 366504396344 366504396504 366837297152 548786575965 548786576012 548786576012 548786577377 0
T 896.49
P 18672 9847 20010056 appspawn-x
18672 (com.a2hlab.brid) S 9847 0 0 0 -1 4194624 73583 0 15 0 341 289 0 0 0 -20 71 0 88079 8051785728 111862 18446744073709551615 366504318740 366504385408 548786572672 0 0 0 4612 0 1619039482 0 0 0 17 6 0 0 0 0 0 366504396344 366504396504 366837297152 548786575965 548786576012 548786576012 548786577377 0
