T 4230.40
T 4230.58
T 4230.76
P 12442 8894 20010068 appspawn-x
12442 (ault.aves.libre) R 8894 0 0 0 -1 4194624 248 0 0 0 7 3 0 0 0 -20 1 0 423077 2197676032 1615 18446744073709551615 367199651604 367199718272 549414198448 0 0 0 0 4096 1073775866 0 0 0 17 5 0 0 0 0 0 367199729208 367199729368 368069349376 549414201949 549414201996 549414201996 549414203361 0
T 4231.01
P 12442 8894 20010068 appspawn-x
12442 (ault.aves.libre) R 8894 0 0 0 -1 4194624 7394 0 0 0 18 9 0 0 0 -20 1 0 423077 2454024192 12590 18446744073709551615 367199651604 367199718272 549414198448 0 0 0 0 4096 1073775866 0 0 0 17 5 0 0 0 0 0 367199729208 367199729368 368069349376 549414201949 549414201996 549414201996 549414203361 0
T 4231.19
P 12442 8894 20010068 appspawn-x
12442 (main) D 8894 0 0 0 -1 4194624 13624 0 0 0 23 18 0 0 0 -20 10 0 423077 3365666816 19639 18446744073709551615 367199651604 367199718272 549414198448 0 0 0 4612 0 1073779962 0 0 0 17 5 0 0 0 0 0 367199729208 367199729368 368069349376 549414201949 549414201996 549414201996 549414203361 0
T 4231.36
P 12442 8894 20010068 appspawn-x
12442 (main) R 8894 0 0 0 -1 4194624 16463 0 0 0 32 25 0 0 0 -20 10 0 423077 3518779392 25759 18446744073709551615 367199651604 367199718272 549414198448 0 0 0 4612 0 1073779962 0 0 0 17 7 0 0 0 0 0 367199729208 367199729368 368069349376 549414201949 549414201996 549414201996 549414203361 0
T 4231.53
P 12442 8894 20010068 appspawn-x
12442 (main) R 8894 0 0 0 -1 4194624 20022 0 0 0 46 28 0 0 0 -20 10 0 423077 3577602048 42511 18446744073709551615 367199651604 367199718272 549414198448 0 0 0 4612 0 1073779962 0 0 0 17 7 0 0 0 0 0 367199729208 367199729368 368069349376 549414201949 549414201996 549414201996 549414203361 0
T 4231.72
P 12442 8894 20010068 appspawn-x
12442 (deckers.thibaul) R 8894 0 0 0 -1 4194624 21967 0 0 0 59 33 0 0 0 -20 12 0 423077 3689926656 52380 18446744073709551615 367199651604 367199718272 549414198448 0 0 0 4612 0 1073779962 0 0 0 17 7 0 0 0 0 0 367199729208 367199729368 368069349376 549414201949 549414201996 549414201996 549414203361 0
T 4231.90
P 12442 8894 20010068 appspawn-x
12442 (deckers.thibaul) R 8894 0 0 0 -1 4194624 31566 0 0 0 67 42 0 0 0 -20 12 0 423077 3724308480 61053 18446744073709551615 367199651604 367199718272 549414198448 0 0 0 4612 0 1073779962 0 0 0 17 7 0 0 0 0 0 367199729208 367199729368 368069349376 549414201949 549414201996 549414201996 549414203361 0
T 4232.08
P 12442 8894 20010068 appspawn-x
12442 (deckers.thibaul) R 8894 0 0 0 -1 4194624 37991 0 0 0 79 48 0 0 0 -20 12 0 423077 3744280576 65922 18446744073709551615 367199651604 367199718272 549414198448 0 0 0 4612 0 1073779962 0 0 0 17 7 0 0 0 0 0 367199729208 367199729368 368069349376 549414201949 549414201996 549414201996 549414203361 0
T 4232.25
P 12442 8894 20010068 appspawn-x
12442 (deckers.thibaul) R 8894 0 0 0 -1 4194624 39997 0 0 0 93 52 0 0 0 -20 13 0 423077 3777187840 59931 18446744073709551615 367199651604 367199718272 549414198448 0 0 0 4612 0 1073779962 0 0 0 17 7 0 0 0 0 0 367199729208 367199729368 368069349376 549414201949 549414201996 549414201996 549414203361 0
T 4232.43
P 12442 8894 20010068 appspawn-x
12442 (deckers.thibaul) R 8894 0 0 0 -1 4194624 41770 0 0 0 104 59 0 0 0 -20 14 0 423077 3791028224 62481 18446744073709551615 367199651604 367199718272 549414198448 0 0 0 4612 0 1073779962 0 0 0 17 7 0 0 0 0 0 367199729208 367199729368 368069349376 549414201949 549414201996 549414201996 549414203361 0
T 4232.62
P 12442 8894 20010068 appspawn-x
12442 (deckers.thibaul) R 8894 0 0 0 -1 4194624 42520 0 0 0 118 66 0 0 0 -20 14 0 423077 3792629760 64962 18446744073709551615 367199651604 367199718272 549414198448 0 0 0 4612 0 1073779962 0 0 0 17 7 0 0 0 0 0 367199729208 367199729368 368069349376 549414201949 549414201996 549414201996 549414203361 0
T 4232.83
T 4233.04
T 4233.20
T 4233.38
T 4233.54
T 4233.74
T 4233.92
T 4234.11
T 4234.30
T 4234.48
T 4234.65
T 4234.83
T 4235.01
T 4235.20
T 4235.37
T 4235.56
T 4235.73
T 4235.91
T 4236.10
T 4236.29
T 4236.47
T 4236.66
T 4236.84
T 4237.02
T 4237.21
T 4237.39
T 4237.58
T 4237.77
T 4237.96
T 4238.14
T 4238.32
T 4238.49
T 4238.66
T 4238.85
T 4239.04
T 4239.23
T 4239.42
T 4239.59
T 4239.76
T 4239.95
T 4240.14
T 4240.32
T 4240.48
T 4240.67
T 4240.86
T 4241.03
T 4241.20
T 4241.38
T 4241.53
T 4241.71
T 4241.90
T 4242.08
T 4242.25
T 4242.44
T 4242.62
T 4242.81
T 4242.99
T 4243.18
T 4243.36
T 4243.53
T 4243.71
T 4243.89
T 4244.08
T 4244.26
T 4244.44
T 4244.62
T 4244.77
T 4244.92
T 4245.11
T 4245.27
T 4245.45
T 4245.61
T 4245.79
T 4245.97
T 4246.16
T 4246.34
