T 57229.27
T 57229.46
T 57229.63
T 57229.81
T 57229.98
P 4798 3839 20010055 appspawn-x
4798 (mple.helloworld) R 3839 0 0 0 -1 4194624 4422 0 0 0 11 10 0 0 0 -20 1 0 5722987 2456219648 7854 18446744073709551615 366749931028 366749996752 549081222608 0 0 0 0 4096 1073775866 0 0 0 17 7 0 0 0 0 0 366750007688 366750007848 366875578368 549081225842 549081225889 549081225889 549081227233 0
T 57230.20
P 4798 3839 20010055 appspawn-x
4798 (main) R 3839 0 0 0 -1 4194624 13876 0 0 0 18 19 0 0 0 -20 10 0 5722987 3369463808 20119 18446744073709551615 366749931028 366749996752 549081222608 0 0 0 4612 0 1073779962 0 0 0 17 6 0 0 0 0 0 366750007688 366750007848 366875578368 549081225842 549081225889 549081225889 549081227233 0
T 57230.40
P 4798 3839 20010055 appspawn-x
4798 (main) R 3839 0 0 0 -1 4194624 16825 0 0 0 31 26 0 0 0 -20 10 0 5722987 3520974848 26191 18446744073709551615 366749931028 366749996752 549081222608 0 0 0 4612 0 1073779962 0 0 0 17 7 0 0 0 0 0 366750007688 366750007848 366875578368 549081225842 549081225889 549081225889 549081227233 0
T 57230.60
P 4798 3839 20010055 appspawn-x
4798 (main) R 3839 0 0 0 -1 4194624 20838 0 0 0 45 33 0 0 0 -20 10 0 5722987 3584278528 47034 18446744073709551615 366749931028 366749996752 549081222608 0 0 0 4612 0 1073779962 0 0 0 17 7 0 0 0 0 0 366750007688 366750007848 366875578368 549081225842 549081225889 549081225889 549081227233 0
T 57230.80
P 4798 3839 20010055 appspawn-x
4798 (com.example.hel) R 3839 0 0 0 -1 4194624 27098 0 0 0 55 40 0 0 0 -20 12 0 5722987 3706204160 55569 18446744073709551615 366749931028 366749996752 549081222608 0 0 0 4612 0 1073779962 0 0 0 17 7 0 0 0 0 0 366750007688 366750007848 366875578368 549081225842 549081225889 549081225889 549081227233 0
T 57230.99
P 4798 3839 20010055 appspawn-x
4798 (com.example.hel) R 3839 0 0 0 -1 4194624 36743 0 0 0 67 48 0 0 0 -20 12 0 5722987 3745726464 65205 18446744073709551615 366749931028 366749996752 549081222608 0 0 0 4612 0 1073779962 0 0 0 17 7 0 0 0 0 0 366750007688 366750007848 366875578368 549081225842 549081225889 549081225889 549081227233 0
T 57231.18
P 4798 3839 20010055 appspawn-x
4798 (com.example.hel) R 3839 0 0 0 -1 4194624 39004 0 0 0 79 54 0 0 0 -20 12 0 5722987 3698331648 54941 18446744073709551615 366749931028 366749996752 549081222608 0 0 0 4612 0 1073779962 0 0 0 17 7 0 0 0 0 0 366750007688 366750007848 366875578368 549081225842 549081225889 549081225889 549081227233 0
T 57231.38
P 4798 3839 20010055 appspawn-x
4798 (com.example.hel) R 3839 0 0 0 -1 4194624 41289 0 0 0 87 60 0 0 0 -20 15 0 5722987 3796271104 62679 18446744073709551615 366749931028 366749996752 549081222608 0 0 0 4612 0 1073779962 0 0 0 17 7 0 0 0 0 0 366750007688 366750007848 366875578368 549081225842 549081225889 549081225889 549081227233 0
T 57231.54
P 4798 3839 20010055 appspawn-x
4798 (com.example.hel) S 3839 0 0 0 -1 1077936448 45842 0 0 0 99 69 0 0 0 -20 33 0 5722987 3998916608 71486 18446744073709551615 366749931028 366749996752 549081222608 0 0 0 4612 0 1073779962 0 0 0 17 4 0 0 0 0 0 366750007688 366750007848 366875578368 549081225842 549081225889 549081225889 549081227233 0
T 57231.78
P 4798 3839 20010055 appspawn-x
4798 (com.example.hel) S 3839 0 0 0 -1 4194624 46159 0 0 0 102 72 0 0 0 -20 34 0 5722987 4044435456 71798 18446744073709551615 366749931028 366749996752 549081222608 0 0 0 4612 0 1073779962 0 0 0 17 0 0 0 0 0 0 366750007688 366750007848 366875578368 549081225842 549081225889 549081225889 549081227233 0
T 57231.96
P 4798 3839 20010055 appspawn-x
4798 (com.example.hel) S 3839 0 0 0 -1 4194624 46169 0 0 0 103 72 0 0 0 -20 34 0 5722987 4044435456 71798 18446744073709551615 366749931028 366749996752 549081222608 0 0 0 4612 0 1073779962 0 0 0 17 7 0 0 0 0 0 366750007688 366750007848 366875578368 549081225842 549081225889 549081225889 549081227233 0
T 57232.14
P 4798 3839 20010055 appspawn-x
4798 (com.example.hel) S 3839 0 0 0 -1 4194624 46169 0 0 0 103 72 0 0 0 -20 34 0 5722987 4043907072 71731 18446744073709551615 366749931028 366749996752 549081222608 0 0 0 4612 0 1073779962 0 0 0 17 7 0 0 0 0 0 366750007688 366750007848 366875578368 549081225842 549081225889 549081225889 549081227233 0
T 57232.34
P 4798 3839 20010055 appspawn-x
4798 (com.example.hel) S 3839 0 0 0 -1 4194624 46169 0 0 0 103 72 0 0 0 -20 34 0 5722987 4043468800 71631 18446744073709551615 366749931028 366749996752 549081222608 0 0 0 4612 0 1073779962 0 0 0 17 7 0 0 0 0 0 366750007688 366750007848 366875578368 549081225842 549081225889 549081225889 549081227233 0
T 57232.54
P 4798 3839 20010055 appspawn-x
4798 (com.example.hel) S 3839 0 0 0 -1 4194624 46169 0 0 0 103 72 0 0 0 -20 34 0 5722987 4043190272 71623 18446744073709551615 366749931028 366749996752 549081222608 0 0 0 4612 0 1073779962 0 0 0 17 7 0 0 0 0 0 366750007688 366750007848 366875578368 549081225842 549081225889 549081225889 549081227233 0
T 57232.73
P 4798 3839 20010055 appspawn-x
4798 (com.example.hel) S 3839 0 0 0 -1 4194624 46169 0 0 0 103 72 0 0 0 -20 34 0 5722987 4043182080 71623 18446744073709551615 366749931028 366749996752 549081222608 0 0 0 4612 0 1073779962 0 0 0 17 7 0 0 0 0 0 366750007688 366750007848 366875578368 549081225842 549081225889 549081225889 549081227233 0
T 57232.92
P 4798 3839 20010055 appspawn-x
4798 (com.example.hel) S 3839 0 0 0 -1 4194624 46177 0 0 0 103 72 0 0 0 -20 34 0 5722987 4043182080 71623 18446744073709551615 366749931028 366749996752 549081222608 0 0 0 4612 0 1073779962 0 0 0 17 7 0 0 0 0 0 366750007688 366750007848 366875578368 549081225842 549081225889 549081225889 549081227233 0
T 57233.10
P 4798 3839 20010055 appspawn-x
4798 (com.example.hel) S 3839 0 0 0 -1 4194624 46177 0 0 0 103 72 0 0 0 -20 34 0 5722987 4043182080 71623 18446744073709551615 366749931028 366749996752 549081222608 0 0 0 4612 0 1073779962 0 0 0 17 7 0 0 0 0 0 366750007688 366750007848 366875578368 549081225842 549081225889 549081225889 549081227233 0
T 57233.28
P 4798 3839 20010055 appspawn-x
4798 (com.example.hel) S 3839 0 0 0 -1 4194624 46178 0 0 0 103 72 0 0 0 -20 34 0 5722987 4043182080 71623 18446744073709551615 366749931028 366749996752 549081222608 0 0 0 4612 0 1073779962 0 0 0 17 7 0 0 0 0 0 366750007688 366750007848 366875578368 549081225842 549081225889 549081225889 549081227233 0
T 57233.48
P 4798 3839 20010055 appspawn-x
4798 (com.example.hel) S 3839 0 0 0 -1 4194624 46178 0 0 0 103 72 0 0 0 -20 34 0 5722987 4043182080 71623 18446744073709551615 366749931028 366749996752 549081222608 0 0 0 4612 0 1073779962 0 0 0 17 7 0 0 0 0 0 366750007688 366750007848 366875578368 549081225842 549081225889 549081225889 549081227233 0
T 57233.66
P 4798 3839 20010055 appspawn-x
4798 (com.example.hel) S 3839 0 0 0 -1 4194624 46178 0 0 0 103 72 0 0 0 -20 34 0 5722987 4043182080 71623 18446744073709551615 366749931028 366749996752 549081222608 0 0 0 4612 0 1073779962 0 0 0 17 7 0 0 0 0 0 366750007688 366750007848 366875578368 549081225842 549081225889 549081225889 549081227233 0
T 57233.86
P 4798 3839 20010055 appspawn-x
4798 (com.example.hel) S 3839 0 0 0 -1 4194624 46178 0 0 0 103 72 0 0 0 -20 34 0 5722987 4043182080 71623 18446744073709551615 366749931028 366749996752 549081222608 0 0 0 4612 0 1073779962 0 0 0 17 7 0 0 0 0 0 366750007688 366750007848 366875578368 549081225842 549081225889 549081225889 549081227233 0
T 57234.04
P 4798 3839 20010055 appspawn-x
4798 (com.example.hel) S 3839 0 0 0 -1 4194624 46178 0 0 0 103 72 0 0 0 -20 34 0 5722987 4043182080 71623 18446744073709551615 366749931028 366749996752 549081222608 0 0 0 4612 0 1073779962 0 0 0 17 7 0 0 0 0 0 366750007688 366750007848 366875578368 549081225842 549081225889 549081225889 549081227233 0
T 57234.22
P 4798 3839 20010055 appspawn-x
4798 (com.example.hel) S 3839 0 0 0 -1 4194624 46178 0 0 0 103 72 0 0 0 -20 34 0 5722987 4043182080 71623 18446744073709551615 366749931028 366749996752 549081222608 0 0 0 4612 0 1073779962 0 0 0 17 7 0 0 0 0 0 366750007688 366750007848 366875578368 549081225842 549081225889 549081225889 549081227233 0
T 57234.42
P 4798 3839 20010055 appspawn-x
4798 (com.example.hel) S 3839 0 0 0 -1 4194624 46181 0 0 0 103 73 0 0 0 -20 34 0 5722987 4043182080 71623 18446744073709551615 366749931028 366749996752 549081222608 0 0 0 4612 0 1073779962 0 0 0 17 2 0 0 0 0 0 366750007688 366750007848 366875578368 549081225842 549081225889 549081225889 549081227233 0
T 57234.60
P 4798 3839 20010055 appspawn-x
4798 (com.example.hel) S 3839 0 0 0 -1 4194624 46181 0 0 0 103 73 0 0 0 -20 34 0 5722987 4043182080 71623 18446744073709551615 366749931028 366749996752 549081222608 0 0 0 4612 0 1073779962 0 0 0 17 2 0 0 0 0 0 366750007688 366750007848 366875578368 549081225842 549081225889 549081225889 549081227233 0
T 57234.78
P 4798 3839 20010055 appspawn-x
4798 (com.example.hel) S 3839 0 0 0 -1 4194624 46181 0 0 0 103 73 0 0 0 -20 34 0 5722987 4043182080 71623 18446744073709551615 366749931028 366749996752 549081222608 0 0 0 4612 0 1073779962 0 0 0 17 2 0 0 0 0 0 366750007688 366750007848 366875578368 549081225842 549081225889 549081225889 549081227233 0
T 57234.96
P 4798 3839 20010055 appspawn-x
4798 (com.example.hel) S 3839 0 0 0 -1 4194624 46181 0 0 0 103 73 0 0 0 -20 34 0 5722987 4043182080 71623 18446744073709551615 366749931028 366749996752 549081222608 0 0 0 4612 0 1073779962 0 0 0 17 2 0 0 0 0 0 366750007688 366750007848 366875578368 549081225842 549081225889 549081225889 549081227233 0
T 57235.14
P 4798 3839 20010055 appspawn-x
4798 (com.example.hel) S 3839 0 0 0 -1 4194624 46181 0 0 0 103 73 0 0 0 -20 34 0 5722987 4043182080 71623 18446744073709551615 366749931028 366749996752 549081222608 0 0 0 4612 0 1073779962 0 0 0 17 2 0 0 0 0 0 366750007688 366750007848 366875578368 549081225842 549081225889 549081225889 549081227233 0
T 57235.34
P 4798 3839 20010055 appspawn-x
4798 (com.example.hel) S 3839 0 0 0 -1 4194624 46181 0 0 0 103 73 0 0 0 -20 34 0 5722987 4043182080 71623 18446744073709551615 366749931028 366749996752 549081222608 0 0 0 4612 0 1073779962 0 0 0 17 2 0 0 0 0 0 366750007688 366750007848 366875578368 549081225842 549081225889 549081225889 549081227233 0
T 57235.52
P 4798 3839 20010055 appspawn-x
4798 (com.example.hel) S 3839 0 0 0 -1 4194624 46181 0 0 0 103 73 0 0 0 -20 34 0 5722987 4043182080 71623 18446744073709551615 366749931028 366749996752 549081222608 0 0 0 4612 0 1073779962 0 0 0 17 2 0 0 0 0 0 366750007688 366750007848 366875578368 549081225842 549081225889 549081225889 549081227233 0
T 57235.72
P 4798 3839 20010055 appspawn-x
4798 (com.example.hel) S 3839 0 0 0 -1 4194624 46181 0 0 0 103 73 0 0 0 -20 34 0 5722987 4043182080 71623 18446744073709551615 366749931028 366749996752 549081222608 0 0 0 4612 0 1073779962 0 0 0 17 2 0 0 0 0 0 366750007688 366750007848 366875578368 549081225842 549081225889 549081225889 549081227233 0
T 57235.90
P 4798 3839 20010055 appspawn-x
4798 (com.example.hel) S 3839 0 0 0 -1 4194624 46181 0 0 0 103 73 0 0 0 -20 34 0 5722987 4043182080 71623 18446744073709551615 366749931028 366749996752 549081222608 0 0 0 4612 0 1073779962 0 0 0 17 2 0 0 0 0 0 366750007688 366750007848 366875578368 549081225842 549081225889 549081225889 549081227233 0
T 57236.09
P 4798 3839 20010055 appspawn-x
4798 (com.example.hel) S 3839 0 0 0 -1 4194624 46181 0 0 0 103 73 0 0 0 -20 34 0 5722987 4043182080 71623 18446744073709551615 366749931028 366749996752 549081222608 0 0 0 4612 0 1073779962 0 0 0 17 2 0 0 0 0 0 366750007688 366750007848 366875578368 549081225842 549081225889 549081225889 549081227233 0
T 57236.27
P 4798 3839 20010055 appspawn-x
4798 (com.example.hel) S 3839 0 0 0 -1 4194624 46181 0 0 0 103 73 0 0 0 -20 34 0 5722987 4043182080 71619 18446744073709551615 366749931028 366749996752 549081222608 0 0 0 4612 0 1073779962 0 0 0 17 2 0 0 0 0 0 366750007688 366750007848 366875578368 549081225842 549081225889 549081225889 549081227233 0
T 57236.46
P 4798 3839 20010055 appspawn-x
4798 (com.example.hel) S 3839 0 0 0 -1 4194624 46203 0 0 0 104 73 0 0 0 -20 34 0 5722987 4043182080 71619 18446744073709551615 366749931028 366749996752 549081222608 0 0 0 4612 0 1073779962 0 0 0 17 2 0 0 0 0 0 366750007688 366750007848 366875578368 549081225842 549081225889 549081225889 549081227233 0
T 57236.66
P 4798 3839 20010055 appspawn-x
4798 (com.example.hel) S 3839 0 0 0 -1 4194624 46203 0 0 0 104 73 0 0 0 -20 34 0 5722987 4043182080 71619 18446744073709551615 366749931028 366749996752 549081222608 0 0 0 4612 0 1073779962 0 0 0 17 2 0 0 0 0 0 366750007688 366750007848 366875578368 549081225842 549081225889 549081225889 549081227233 0
T 57236.84
P 4798 3839 20010055 appspawn-x
4798 (com.example.hel) S 3839 0 0 0 -1 4194624 46203 0 0 0 104 73 0 0 0 -20 34 0 5722987 4043182080 71619 18446744073709551615 366749931028 366749996752 549081222608 0 0 0 4612 0 1073779962 0 0 0 17 2 0 0 0 0 0 366750007688 366750007848 366875578368 549081225842 549081225889 549081225889 549081227233 0
T 57237.02
P 4798 3839 20010055 appspawn-x
4798 (com.example.hel) S 3839 0 0 0 -1 4194624 46203 0 0 0 104 73 0 0 0 -20 34 0 5722987 4043182080 71619 18446744073709551615 366749931028 366749996752 549081222608 0 0 0 4612 0 1073779962 0 0 0 17 2 0 0 0 0 0 366750007688 366750007848 366875578368 549081225842 549081225889 549081225889 549081227233 0
T 57237.18
P 4798 3839 20010055 appspawn-x
4798 (com.example.hel) S 3839 0 0 0 -1 4194624 46203 0 0 0 104 73 0 0 0 -20 34 0 5722987 4043182080 71619 18446744073709551615 366749931028 366749996752 549081222608 0 0 0 4612 0 1073779962 0 0 0 17 2 0 0 0 0 0 366750007688 366750007848 366875578368 549081225842 549081225889 549081225889 549081227233 0
T 57237.34
P 4798 3839 20010055 appspawn-x
4798 (com.example.hel) S 3839 0 0 0 -1 4194624 46203 0 0 0 104 73 0 0 0 -20 34 0 5722987 4043182080 71619 18446744073709551615 366749931028 366749996752 549081222608 0 0 0 4612 0 1073779962 0 0 0 17 2 0 0 0 0 0 366750007688 366750007848 366875578368 549081225842 549081225889 549081225889 549081227233 0
T 57237.49
P 4798 3839 20010055 appspawn-x
4798 (com.example.hel) S 3839 0 0 0 -1 4194624 46203 0 0 0 104 73 0 0 0 -20 34 0 5722987 4043182080 71619 18446744073709551615 366749931028 366749996752 549081222608 0 0 0 4612 0 1073779962 0 0 0 17 2 0 0 0 0 0 366750007688 366750007848 366875578368 549081225842 549081225889 549081225889 549081227233 0
T 57237.67
P 4798 3839 20010055 appspawn-x
4798 (com.example.hel) S 3839 0 0 0 -1 4194624 46203 0 0 0 104 73 0 0 0 -20 34 0 5722987 4043182080 71619 18446744073709551615 366749931028 366749996752 549081222608 0 0 0 4612 0 1073779962 0 0 0 17 2 0 0 0 0 0 366750007688 366750007848 366875578368 549081225842 549081225889 549081225889 549081227233 0
T 57237.85
P 4798 3839 20010055 appspawn-x
4798 (com.example.hel) S 3839 0 0 0 -1 4194624 46203 0 0 0 104 73 0 0 0 -20 34 0 5722987 4043182080 71619 18446744073709551615 366749931028 366749996752 549081222608 0 0 0 4612 0 1073779962 0 0 0 17 2 0 0 0 0 0 366750007688 366750007848 366875578368 549081225842 549081225889 549081225889 549081227233 0
T 57238.03
P 4798 3839 20010055 appspawn-x
4798 (com.example.hel) S 3839 0 0 0 -1 4194624 46203 0 0 0 104 73 0 0 0 -20 34 0 5722987 4043182080 71619 18446744073709551615 366749931028 366749996752 549081222608 0 0 0 4612 0 1073779962 0 0 0 17 2 0 0 0 0 0 366750007688 366750007848 366875578368 549081225842 549081225889 549081225889 549081227233 0
T 57238.21
P 4798 3839 20010055 appspawn-x
4798 (com.example.hel) S 3839 0 0 0 -1 4194624 46203 0 0 0 104 73 0 0 0 -20 34 0 5722987 4043182080 71619 18446744073709551615 366749931028 366749996752 549081222608 0 0 0 4612 0 1073779962 0 0 0 17 2 0 0 0 0 0 366750007688 366750007848 366875578368 549081225842 549081225889 549081225889 549081227233 0
T 57238.40
P 4798 3839 20010055 appspawn-x
4798 (com.example.hel) S 3839 0 0 0 -1 4194624 46203 0 0 0 104 73 0 0 0 -20 34 0 5722987 4043182080 71619 18446744073709551615 366749931028 366749996752 549081222608 0 0 0 4612 0 1073779962 0 0 0 17 2 0 0 0 0 0 366750007688 366750007848 366875578368 549081225842 549081225889 549081225889 549081227233 0
T 57238.58
P 4798 3839 20010055 appspawn-x
4798 (com.example.hel) S 3839 0 0 0 -1 4194624 46203 0 0 0 104 73 0 0 0 -20 34 0 5722987 4043182080 71619 18446744073709551615 366749931028 366749996752 549081222608 0 0 0 4612 0 1073779962 0 0 0 17 2 0 0 0 0 0 366750007688 366750007848 366875578368 549081225842 549081225889 549081225889 549081227233 0
T 57238.78
P 4798 3839 20010055 appspawn-x
4798 (com.example.hel) S 3839 0 0 0 -1 4194624 46203 0 0 0 104 73 0 0 0 -20 34 0 5722987 4043182080 71619 18446744073709551615 366749931028 366749996752 549081222608 0 0 0 4612 0 1073779962 0 0 0 17 2 0 0 0 0 0 366750007688 366750007848 366875578368 549081225842 549081225889 549081225889 549081227233 0
T 57238.96
P 4798 3839 20010055 appspawn-x
4798 (com.example.hel) S 3839 0 0 0 -1 4194624 46203 0 0 0 104 73 0 0 0 -20 34 0 5722987 4043182080 71619 18446744073709551615 366749931028 366749996752 549081222608 0 0 0 4612 0 1073779962 0 0 0 17 2 0 0 0 0 0 366750007688 366750007848 366875578368 549081225842 549081225889 549081225889 549081227233 0
T 57239.15
P 4798 3839 20010055 appspawn-x
4798 (com.example.hel) S 3839 0 0 0 -1 4194624 46203 0 0 0 104 73 0 0 0 -20 34 0 5722987 4043182080 71619 18446744073709551615 366749931028 366749996752 549081222608 0 0 0 4612 0 1073779962 0 0 0 17 2 0 0 0 0 0 366750007688 366750007848 366875578368 549081225842 549081225889 549081225889 549081227233 0
T 57239.34
P 4798 3839 20010055 appspawn-x
4798 (com.example.hel) S 3839 0 0 0 -1 4194624 46260 0 0 0 104 74 0 0 0 -20 34 0 5722987 4043182080 71796 18446744073709551615 366749931028 366749996752 549081222608 0 0 0 4612 0 1073779962 0 0 0 17 2 0 0 0 0 0 366750007688 366750007848 366875578368 549081225842 549081225889 549081225889 549081227233 0
T 57239.52
P 4798 3839 20010055 appspawn-x
4798 (com.example.hel) S 3839 0 0 0 -1 4194624 46260 0 0 0 104 74 0 0 0 -20 34 0 5722987 4043182080 71796 18446744073709551615 366749931028 366749996752 549081222608 0 0 0 4612 0 1073779962 0 0 0 17 2 0 0 0 0 0 366750007688 366750007848 366875578368 549081225842 549081225889 549081225889 549081227233 0
T 57239.71
P 4798 3839 20010055 appspawn-x
4798 (com.example.hel) S 3839 0 0 0 -1 4194624 46260 0 0 0 104 74 0 0 0 -20 34 0 5722987 4043182080 71796 18446744073709551615 366749931028 366749996752 549081222608 0 0 0 4612 0 1073779962 0 0 0 17 2 0 0 0 0 0 366750007688 366750007848 366875578368 549081225842 549081225889 549081225889 549081227233 0
T 57239.90
P 4798 3839 20010055 appspawn-x
4798 (com.example.hel) S 3839 0 0 0 -1 4194624 46260 0 0 0 104 74 0 0 0 -20 34 0 5722987 4043182080 71796 18446744073709551615 366749931028 366749996752 549081222608 0 0 0 4612 0 1073779962 0 0 0 17 2 0 0 0 0 0 366750007688 366750007848 366875578368 549081225842 549081225889 549081225889 549081227233 0
T 57240.07
P 4798 3839 20010055 appspawn-x
4798 (com.example.hel) S 3839 0 0 0 -1 4194624 46260 0 0 0 104 74 0 0 0 -20 34 0 5722987 4043182080 71796 18446744073709551615 366749931028 366749996752 549081222608 0 0 0 4612 0 1073779962 0 0 0 17 2 0 0 0 0 0 366750007688 366750007848 366875578368 549081225842 549081225889 549081225889 549081227233 0
T 57240.26
P 4798 3839 20010055 appspawn-x
4798 (com.example.hel) S 3839 0 0 0 -1 4194624 46260 0 0 0 104 74 0 0 0 -20 34 0 5722987 4043182080 71796 18446744073709551615 366749931028 366749996752 549081222608 0 0 0 4612 0 1073779962 0 0 0 17 2 0 0 0 0 0 366750007688 366750007848 366875578368 549081225842 549081225889 549081225889 549081227233 0
T 57240.44
P 4798 3839 20010055 appspawn-x
4798 (com.example.hel) S 3839 0 0 0 -1 4194624 46260 0 0 0 104 74 0 0 0 -20 34 0 5722987 4043182080 71796 18446744073709551615 366749931028 366749996752 549081222608 0 0 0 4612 0 1073779962 0 0 0 17 2 0 0 0 0 0 366750007688 366750007848 366875578368 549081225842 549081225889 549081225889 549081227233 0
T 57240.64
P 4798 3839 20010055 appspawn-x
4798 (com.example.hel) S 3839 0 0 0 -1 4194624 46260 0 0 0 104 74 0 0 0 -20 34 0 5722987 4043182080 71796 18446744073709551615 366749931028 366749996752 549081222608 0 0 0 4612 0 1073779962 0 0 0 17 2 0 0 0 0 0 366750007688 366750007848 366875578368 549081225842 549081225889 549081225889 549081227233 0
T 57240.80
P 4798 3839 20010055 appspawn-x
4798 (com.example.hel) S 3839 0 0 0 -1 4194624 46260 0 0 0 104 74 0 0 0 -20 34 0 5722987 4043182080 71796 18446744073709551615 366749931028 366749996752 549081222608 0 0 0 4612 0 1073779962 0 0 0 17 2 0 0 0 0 0 366750007688 366750007848 366875578368 549081225842 549081225889 549081225889 549081227233 0
T 57240.99
P 4798 3839 20010055 appspawn-x
4798 (com.example.hel) S 3839 0 0 0 -1 4194624 46260 0 0 0 104 74 0 0 0 -20 34 0 5722987 4043182080 71796 18446744073709551615 366749931028 366749996752 549081222608 0 0 0 4612 0 1073779962 0 0 0 17 2 0 0 0 0 0 366750007688 366750007848 366875578368 549081225842 549081225889 549081225889 549081227233 0
T 57241.17
P 4798 3839 20010055 appspawn-x
4798 (com.example.hel) S 3839 0 0 0 -1 4194624 46260 0 0 0 104 74 0 0 0 -20 34 0 5722987 4043182080 71796 18446744073709551615 366749931028 366749996752 549081222608 0 0 0 4612 0 1073779962 0 0 0 17 2 0 0 0 0 0 366750007688 366750007848 366875578368 549081225842 549081225889 549081225889 549081227233 0
T 57241.36
P 4798 3839 20010055 appspawn-x
4798 (com.example.hel) S 3839 0 0 0 -1 4194624 46260 0 0 0 104 74 0 0 0 -20 34 0 5722987 4043182080 71796 18446744073709551615 366749931028 366749996752 549081222608 0 0 0 4612 0 1073779962 0 0 0 17 2 0 0 0 0 0 366750007688 366750007848 366875578368 549081225842 549081225889 549081225889 549081227233 0
T 57241.53
P 4798 3839 20010055 appspawn-x
4798 (com.example.hel) S 3839 0 0 0 -1 4194624 46260 0 0 0 104 74 0 0 0 -20 34 0 5722987 4043182080 71796 18446744073709551615 366749931028 366749996752 549081222608 0 0 0 4612 0 1073779962 0 0 0 17 2 0 0 0 0 0 366750007688 366750007848 366875578368 549081225842 549081225889 549081225889 549081227233 0
T 57241.72
P 4798 3839 20010055 appspawn-x
4798 (com.example.hel) S 3839 0 0 0 -1 4194624 46260 0 0 0 104 74 0 0 0 -20 34 0 5722987 4043182080 71796 18446744073709551615 366749931028 366749996752 549081222608 0 0 0 4612 0 1073779962 0 0 0 17 2 0 0 0 0 0 366750007688 366750007848 366875578368 549081225842 549081225889 549081225889 549081227233 0
T 57241.89
P 4798 3839 20010055 appspawn-x
4798 (com.example.hel) S 3839 0 0 0 -1 4194624 46260 0 0 0 104 74 0 0 0 -20 34 0 5722987 4043182080 71796 18446744073709551615 366749931028 366749996752 549081222608 0 0 0 4612 0 1073779962 0 0 0 17 2 0 0 0 0 0 366750007688 366750007848 366875578368 549081225842 549081225889 549081225889 549081227233 0
T 57242.07
P 4798 3839 20010055 appspawn-x
4798 (com.example.hel) S 3839 0 0 0 -1 4194624 46260 0 0 0 104 74 0 0 0 -20 34 0 5722987 4043182080 71796 18446744073709551615 366749931028 366749996752 549081222608 0 0 0 4612 0 1073779962 0 0 0 17 2 0 0 0 0 0 366750007688 366750007848 366875578368 549081225842 549081225889 549081225889 549081227233 0
T 57242.26
P 4798 3839 20010055 appspawn-x
4798 (com.example.hel) S 3839 0 0 0 -1 4194624 46260 0 0 0 104 74 0 0 0 -20 34 0 5722987 4043182080 71796 18446744073709551615 366749931028 366749996752 549081222608 0 0 0 4612 0 1073779962 0 0 0 17 2 0 0 0 0 0 366750007688 366750007848 366875578368 549081225842 549081225889 549081225889 549081227233 0
T 57242.45
P 4798 3839 20010055 appspawn-x
4798 (com.example.hel) S 3839 0 0 0 -1 4194624 46260 0 0 0 104 74 0 0 0 -20 34 0 5722987 4043182080 71796 18446744073709551615 366749931028 366749996752 549081222608 0 0 0 4612 0 1073779962 0 0 0 17 2 0 0 0 0 0 366750007688 366750007848 366875578368 549081225842 549081225889 549081225889 549081227233 0
T 57242.62
P 4798 3839 20010055 appspawn-x
4798 (com.example.hel) S 3839 0 0 0 -1 4194624 46260 0 0 0 104 74 0 0 0 -20 34 0 5722987 4043182080 71796 18446744073709551615 366749931028 366749996752 549081222608 0 0 0 4612 0 1073779962 0 0 0 17 2 0 0 0 0 0 366750007688 366750007848 366875578368 549081225842 549081225889 549081225889 549081227233 0
T 57242.79
P 4798 3839 20010055 appspawn-x
4798 (com.example.hel) S 3839 0 0 0 -1 4194624 46260 0 0 0 104 74 0 0 0 -20 34 0 5722987 4043182080 71796 18446744073709551615 366749931028 366749996752 549081222608 0 0 0 4612 0 1073779962 0 0 0 17 2 0 0 0 0 0 366750007688 366750007848 366875578368 549081225842 549081225889 549081225889 549081227233 0
T 57242.98
P 4798 3839 20010055 appspawn-x
4798 (com.example.hel) S 3839 0 0 0 -1 4194624 46260 0 0 0 104 74 0 0 0 -20 34 0 5722987 4043182080 71796 18446744073709551615 366749931028 366749996752 549081222608 0 0 0 4612 0 1073779962 0 0 0 17 2 0 0 0 0 0 366750007688 366750007848 366875578368 549081225842 549081225889 549081225889 549081227233 0
T 57243.15
P 4798 3839 20010055 appspawn-x
4798 (com.example.hel) S 3839 0 0 0 -1 4194624 46260 0 0 0 104 74 0 0 0 -20 34 0 5722987 4043182080 71796 18446744073709551615 366749931028 366749996752 549081222608 0 0 0 4612 0 1073779962 0 0 0 17 2 0 0 0 0 0 366750007688 366750007848 366875578368 549081225842 549081225889 549081225889 549081227233 0
T 57243.34
P 4798 3839 20010055 appspawn-x
4798 (com.example.hel) S 3839 0 0 0 -1 4194624 46260 0 0 0 104 74 0 0 0 -20 34 0 5722987 4043182080 71796 18446744073709551615 366749931028 366749996752 549081222608 0 0 0 4612 0 1073779962 0 0 0 17 2 0 0 0 0 0 366750007688 366750007848 366875578368 549081225842 549081225889 549081225889 549081227233 0
T 57243.52
P 4798 3839 20010055 appspawn-x
4798 (com.example.hel) S 3839 0 0 0 -1 4194624 46260 0 0 0 104 74 0 0 0 -20 34 0 5722987 4043182080 71796 18446744073709551615 366749931028 366749996752 549081222608 0 0 0 4612 0 1073779962 0 0 0 17 2 0 0 0 0 0 366750007688 366750007848 366875578368 549081225842 549081225889 549081225889 549081227233 0
T 57243.70
P 4798 3839 20010055 appspawn-x
4798 (com.example.hel) S 3839 0 0 0 -1 4194624 46260 0 0 0 104 74 0 0 0 -20 34 0 5722987 4043182080 71796 18446744073709551615 366749931028 366749996752 549081222608 0 0 0 4612 0 1073779962 0 0 0 17 2 0 0 0 0 0 366750007688 366750007848 366875578368 549081225842 549081225889 549081225889 549081227233 0
T 57243.86
P 4798 3839 20010055 appspawn-x
4798 (com.example.hel) S 3839 0 0 0 -1 4194624 46260 0 0 0 104 74 0 0 0 -20 34 0 5722987 4043182080 71796 18446744073709551615 366749931028 366749996752 549081222608 0 0 0 4612 0 1073779962 0 0 0 17 2 0 0 0 0 0 366750007688 366750007848 366875578368 549081225842 549081225889 549081225889 549081227233 0
T 57244.01
P 4798 3839 20010055 appspawn-x
4798 (com.example.hel) S 3839 0 0 0 -1 4194624 46260 0 0 0 104 74 0 0 0 -20 34 0 5722987 4043182080 71796 18446744073709551615 366749931028 366749996752 549081222608 0 0 0 4612 0 1073779962 0 0 0 17 2 0 0 0 0 0 366750007688 366750007848 366875578368 549081225842 549081225889 549081225889 549081227233 0
T 57244.17
P 4798 3839 20010055 appspawn-x
4798 (com.example.hel) S 3839 0 0 0 -1 4194624 46260 0 0 0 104 74 0 0 0 -20 34 0 5722987 4043182080 71796 18446744073709551615 366749931028 366749996752 549081222608 0 0 0 4612 0 1073779962 0 0 0 17 2 0 0 0 0 0 366750007688 366750007848 366875578368 549081225842 549081225889 549081225889 549081227233 0
T 57244.32
P 4798 3839 20010055 appspawn-x
4798 (com.example.hel) S 3839 0 0 0 -1 4194624 46260 0 0 0 104 74 0 0 0 -20 34 0 5722987 4043182080 71728 18446744073709551615 366749931028 366749996752 549081222608 0 0 0 4612 0 1073779962 0 0 0 17 2 0 0 0 0 0 366750007688 366750007848 366875578368 549081225842 549081225889 549081225889 549081227233 0
T 57244.52
P 4798 3839 20010055 appspawn-x
4798 (com.example.hel) S 3839 0 0 0 -1 4194624 46260 0 0 0 104 74 0 0 0 -20 34 0 5722987 4043182080 71728 18446744073709551615 366749931028 366749996752 549081222608 0 0 0 4612 0 1073779962 0 0 0 17 2 0 0 0 0 0 366750007688 366750007848 366875578368 549081225842 549081225889 549081225889 549081227233 0
T 57244.70
P 4798 3839 20010055 appspawn-x
4798 (com.example.hel) S 3839 0 0 0 -1 4194624 46260 0 0 0 104 74 0 0 0 -20 34 0 5722987 4043182080 71728 18446744073709551615 366749931028 366749996752 549081222608 0 0 0 4612 0 1073779962 0 0 0 17 2 0 0 0 0 0 366750007688 366750007848 366875578368 549081225842 549081225889 549081225889 549081227233 0
T 57244.89
P 4798 3839 20010055 appspawn-x
4798 (com.example.hel) S 3839 0 0 0 -1 4194624 46260 0 0 0 104 74 0 0 0 -20 34 0 5722987 4043182080 71728 18446744073709551615 366749931028 366749996752 549081222608 0 0 0 4612 0 1073779962 0 0 0 17 2 0 0 0 0 0 366750007688 366750007848 366875578368 549081225842 549081225889 549081225889 549081227233 0
T 57245.08
P 4798 3839 20010055 appspawn-x
4798 (com.example.hel) S 3839 0 0 0 -1 4194624 46260 0 0 0 104 74 0 0 0 -20 34 0 5722987 4043182080 71728 18446744073709551615 366749931028 366749996752 549081222608 0 0 0 4612 0 1073779962 0 0 0 17 2 0 0 0 0 0 366750007688 366750007848 366875578368 549081225842 549081225889 549081225889 549081227233 0
T 57245.27
P 4798 3839 20010055 appspawn-x
4798 (com.example.hel) S 3839 0 0 0 -1 4194624 46260 0 0 0 104 74 0 0 0 -20 34 0 5722987 4043182080 71728 18446744073709551615 366749931028 366749996752 549081222608 0 0 0 4612 0 1073779962 0 0 0 17 2 0 0 0 0 0 366750007688 366750007848 366875578368 549081225842 549081225889 549081225889 549081227233 0
