T 10254.42
T 10254.61
T 10254.79
P 19053 16848 20010056 appspawn-x
19053 (b.bridge.zigzag) R 16848 0 0 0 -1 4194624 2311 0 0 0 3 7 0 0 0 -20 1 0 1025476 2454016000 5715 18446744073709551615 366763173332 366763239648 549753948320 0 0 0 0 4096 1073775866 0 0 0 17 3 0 0 0 0 0 366763250584 366763250744 367247994880 549753952861 549753952908 549753952908 549753954273 0
T 10254.98
P 19053 16848 20010056 appspawn-x
19053 (main) D 16848 0 0 0 -1 4194624 13312 0 0 0 9 20 0 0 0 -20 10 0 1025476 3362123776 19204 18446744073709551615 366763173332 366763239648 549753948320 0 0 0 4612 0 1073779962 0 0 0 17 5 0 0 0 0 0 366763250584 366763250744 367247994880 549753952861 549753952908 549753952908 549753954273 0
T 10255.20
P 19053 16848 20010056 appspawn-x
19053 (main) R 16848 0 0 0 -1 4194624 15916 0 0 0 17 26 0 0 0 -20 10 0 1025476 3519033344 25106 18446744073709551615 366763173332 366763239648 549753948320 0 0 0 4612 0 1073779962 0 0 0 17 4 0 0 0 0 0 366763250584 366763250744 367247994880 549753952861 549753952908 549753952908 549753954273 0
T 10255.38
P 19053 16848 20010056 appspawn-x
19053 (main) R 16848 0 0 0 -1 4194624 16822 0 0 0 31 28 0 0 0 -20 10 0 1025476 3519041536 26289 18446744073709551615 366763173332 366763239648 549753948320 0 0 0 4612 0 1073779962 0 0 0 17 4 0 0 0 0 0 366763250584 366763250744 367247994880 549753952861 549753952908 549753952908 549753954273 0
T 10255.54
P 19053 16848 20010056 appspawn-x
19053 (main) R 16848 0 0 0 -1 4194624 20695 0 0 0 36 38 0 0 0 -20 10 0 1025476 3584016384 46777 18446744073709551615 366763173332 366763239648 549753948320 0 0 0 4612 0 1073779962 0 0 0 17 7 0 0 0 0 0 366763250584 366763250744 367247994880 549753952861 549753952908 549753952908 549753954273 0
T 10255.69
P 19053 16848 20010056 appspawn-x
19053 (com.a2hlab.brid) R 16848 0 0 0 -1 4194624 28879 0 0 0 46 45 0 0 0 -20 12 0 1025476 3713937408 58359 18446744073709551615 366763173332 366763239648 549753948320 0 0 0 4612 0 1073779962 0 0 0 17 7 0 0 0 0 0 366763250584 366763250744 367247994880 549753952861 549753952908 549753952908 549753954273 0
T 10255.87
P 19053 16848 20010056 appspawn-x
19053 (com.a2hlab.brid) R 16848 0 0 0 -1 4194624 37310 0 0 0 58 51 0 0 0 -20 12 0 1025476 3742187520 65225 18446744073709551615 366763173332 366763239648 549753948320 0 0 0 4612 0 1073779962 0 0 0 17 7 0 0 0 0 0 366763250584 366763250744 367247994880 549753952861 549753952908 549753952908 549753954273 0
T 10256.06
P 19053 16848 20010056 appspawn-x
19053 (<pre-initialize) R 16848 0 0 0 -1 4194624 39451 0 0 0 71 56 0 0 0 -20 13 0 1025476 3725291520 58497 18446744073709551615 366763173332 366763239648 549753948320 0 0 0 4612 0 1073779962 0 0 0 17 6 0 0 0 0 0 366763250584 366763250744 367247994880 549753952861 549753952908 549753952908 549753954273 0
T 10256.24
P 19053 16848 20010056 appspawn-x
19053 (com.a2hlab.brid) S 16848 0 0 0 -1 1077936448 42884 0 0 0 83 64 0 0 0 -20 16 0 1025476 4126019584 69760 18446744073709551615 366763173332 366763239648 549753948320 0 0 0 4612 0 1073779962 0 0 0 17 7 0 0 0 0 0 366763250584 366763250744 367247994880 549753952861 549753952908 549753952908 549753954273 0
T 10256.43
P 19053 16848 20010056 appspawn-x
19053 (com.a2hlab.brid) S 16848 0 0 0 -1 1077936448 45683 0 0 0 86 72 0 0 0 -20 32 0 1025476 4306100224 74484 18446744073709551615 366763173332 366763239648 549753948320 0 0 0 4612 0 1073779962 0 0 0 17 4 0 0 0 0 0 366763250584 366763250744 367247994880 549753952861 549753952908 549753952908 549753954273 0
T 10256.61
P 19053 16848 20010056 appspawn-x
19053 (com.a2hlab.brid) S 16848 0 0 0 -1 4194624 48133 0 0 0 101 76 0 0 0 -20 38 0 1025476 6506741760 77516 18446744073709551615 366763173332 366763239648 549753948320 0 0 0 4612 0 1073779962 0 0 0 17 5 0 0 0 0 0 366763250584 366763250744 367247994880 549753952861 549753952908 549753952908 549753954273 0
T 10256.80
P 19053 16848 20010056 appspawn-x
19053 (com.a2hlab.brid) R 16848 0 0 0 -1 4194624 48922 0 0 0 116 78 0 0 0 -20 39 0 1025476 6514593792 78802 18446744073709551615 366763173332 366763239648 549753948320 0 0 0 4612 0 1073779962 0 0 0 17 0 0 0 0 0 0 366763250584 366763250744 367247994880 549753952861 549753952908 549753952908 549753954273 0
T 10256.97
P 19053 16848 20010056 appspawn-x
19053 (com.a2hlab.brid) S 16848 0 0 0 -1 4194624 53565 0 0 0 125 86 0 0 0 -20 62 0 1025476 6732558336 84482 18446744073709551615 366763173332 366763239648 549753948320 0 0 0 4612 0 1619039482 0 0 0 17 2 0 0 0 0 0 366763250584 366763250744 367247994880 549753952861 549753952908 549753952908 549753954273 0
T 10257.14
P 19053 16848 20010056 appspawn-x
19053 (com.a2hlab.brid) S 16848 0 0 0 -1 4194624 55462 0 0 0 127 89 0 0 0 -20 62 0 1025476 7002320896 85431 18446744073709551615 366763173332 366763239648 549753948320 0 0 0 4612 0 1619039482 0 0 0 17 3 0 0 0 0 0 366763250584 366763250744 367247994880 549753952861 549753952908 549753952908 549753954273 0
T 10257.32
P 19053 16848 20010056 appspawn-x
19053 (com.a2hlab.brid) S 16848 0 0 0 -1 4194624 55462 0 0 0 127 89 0 0 0 -20 62 0 1025476 7002320896 85431 18446744073709551615 366763173332 366763239648 549753948320 0 0 0 4612 0 1619039482 0 0 0 17 3 0 0 0 0 0 366763250584 366763250744 367247994880 549753952861 549753952908 549753952908 549753954273 0
T 10257.49
P 19053 16848 20010056 appspawn-x
19053 (com.a2hlab.brid) S 16848 0 0 0 -1 4194624 55462 0 0 0 127 89 0 0 0 -20 62 0 1025476 7001640960 85412 18446744073709551615 366763173332 366763239648 549753948320 0 0 0 4612 0 1619039482 0 0 0 17 3 0 0 0 0 0 366763250584 366763250744 367247994880 549753952861 549753952908 549753952908 549753954273 0
T 10257.66
P 19053 16848 20010056 appspawn-x
19053 (com.a2hlab.brid) S 16848 0 0 0 -1 4194624 55462 0 0 0 127 89 0 0 0 -20 62 0 1025476 7001374720 85346 18446744073709551615 366763173332 366763239648 549753948320 0 0 0 4612 0 1619039482 0 0 0 17 3 0 0 0 0 0 366763250584 366763250744 367247994880 549753952861 549753952908 549753952908 549753954273 0
T 10257.83
P 19053 16848 20010056 appspawn-x
19053 (com.a2hlab.brid) S 16848 0 0 0 -1 4194624 55463 0 0 0 128 90 0 0 0 -20 62 0 1025476 7000846336 85214 18446744073709551615 366763173332 366763239648 549753948320 0 0 0 4612 0 1619039482 0 0 0 17 3 0 0 0 0 0 366763250584 366763250744 367247994880 549753952861 549753952908 549753952908 549753954273 0
T 10258.00
P 19053 16848 20010056 appspawn-x
19053 (com.a2hlab.brid) S 16848 0 0 0 -1 4194624 55463 0 0 0 128 90 0 0 0 -20 62 0 1025476 7000584192 85147 18446744073709551615 366763173332 366763239648 549753948320 0 0 0 4612 0 1619039482 0 0 0 17 3 0 0 0 0 0 366763250584 366763250744 367247994880 549753952861 549753952908 549753952908 549753954273 0
T 10258.16
P 19053 16848 20010056 appspawn-x
19053 (com.a2hlab.brid) S 16848 0 0 0 -1 4194624 55464 0 0 0 128 90 0 0 0 -20 62 0 1025476 7000584192 85147 18446744073709551615 366763173332 366763239648 549753948320 0 0 0 4612 0 1619039482 0 0 0 17 3 0 0 0 0 0 366763250584 366763250744 367247994880 549753952861 549753952908 549753952908 549753954273 0
T 10258.32
P 19053 16848 20010056 appspawn-x
19053 (com.a2hlab.brid) S 16848 0 0 0 -1 4194624 55464 0 0 0 128 90 0 0 0 -20 62 0 1025476 7000584192 85147 18446744073709551615 366763173332 366763239648 549753948320 0 0 0 4612 0 1619039482 0 0 0 17 3 0 0 0 0 0 366763250584 366763250744 367247994880 549753952861 549753952908 549753952908 549753954273 0
T 10258.47
P 19053 16848 20010056 appspawn-x
19053 (com.a2hlab.brid) S 16848 0 0 0 -1 4194624 55464 0 0 0 128 90 0 0 0 -20 62 0 1025476 7000584192 85147 18446744073709551615 366763173332 366763239648 549753948320 0 0 0 4612 0 1619039482 0 0 0 17 3 0 0 0 0 0 366763250584 366763250744 367247994880 549753952861 549753952908 549753952908 549753954273 0
T 10258.63
P 19053 16848 20010056 appspawn-x
19053 (com.a2hlab.brid) S 16848 0 0 0 -1 4194624 57165 0 0 0 129 92 0 0 0 -20 63 0 1025476 7019302912 87256 18446744073709551615 366763173332 366763239648 549753948320 0 0 0 4612 0 1619039482 0 0 0 17 3 0 0 0 0 0 366763250584 366763250744 367247994880 549753952861 549753952908 549753952908 549753954273 0
T 10258.79
P 19053 16848 20010056 appspawn-x
19053 (com.a2hlab.brid) S 16848 0 0 0 -1 4194624 60766 0 0 0 135 99 0 0 0 -20 66 0 1025476 7586942976 91542 18446744073709551615 366763173332 366763239648 549753948320 0 0 0 4612 0 1619039482 0 0 0 17 3 0 0 0 0 0 366763250584 366763250744 367247994880 549753952861 549753952908 549753952908 549753954273 0
T 10258.94
P 19053 16848 20010056 appspawn-x
19053 (com.a2hlab.brid) S 16848 0 0 0 -1 4194624 60895 0 0 0 135 100 0 0 0 -20 66 0 1025476 7586942976 91614 18446744073709551615 366763173332 366763239648 549753948320 0 0 0 4612 0 1619039482 0 0 0 17 3 0 0 0 0 0 366763250584 366763250744 367247994880 549753952861 549753952908 549753952908 549753954273 0
T 10259.10
P 19053 16848 20010056 appspawn-x
19053 (com.a2hlab.brid) S 16848 0 0 0 -1 4194624 60993 0 0 0 135 100 0 0 0 -20 66 0 1025476 7586942976 91680 18446744073709551615 366763173332 366763239648 549753948320 0 0 0 4612 0 1619039482 0 0 0 17 3 0 0 0 0 0 366763250584 366763250744 367247994880 549753952861 549753952908 549753952908 549753954273 0
T 10259.26
P 19053 16848 20010056 appspawn-x
19053 (com.a2hlab.brid) S 16848 0 0 0 -1 4194624 61113 0 0 0 135 100 0 0 0 -20 66 0 1025476 7586406400 91668 18446744073709551615 366763173332 366763239648 549753948320 0 0 0 4612 0 1619039482 0 0 0 17 3 0 0 0 0 0 366763250584 366763250744 367247994880 549753952861 549753952908 549753952908 549753954273 0
T 10259.41
P 19053 16848 20010056 appspawn-x
19053 (com.a2hlab.brid) S 16848 0 0 0 -1 4194624 61211 0 0 0 135 101 0 0 0 -20 66 0 1025476 7586144256 91669 18446744073709551615 366763173332 366763239648 549753948320 0 0 0 4612 0 1619039482 0 0 0 17 3 0 0 0 0 0 366763250584 366763250744 367247994880 549753952861 549753952908 549753952908 549753954273 0
T 10259.57
P 19053 16848 20010056 appspawn-x
19053 (com.a2hlab.brid) S 16848 0 0 0 -1 4194624 61309 0 0 0 135 101 0 0 0 -20 66 0 1025476 7585943552 91667 18446744073709551615 366763173332 366763239648 549753948320 0 0 0 4612 0 1619039482 0 0 0 17 3 0 0 0 0 0 366763250584 366763250744 367247994880 549753952861 549753952908 549753952908 549753954273 0
T 10259.73
P 19053 16848 20010056 appspawn-x
19053 (com.a2hlab.brid) S 16848 0 0 0 -1 4194624 61407 0 0 0 135 101 0 0 0 -20 66 0 1025476 7585943552 91733 18446744073709551615 366763173332 366763239648 549753948320 0 0 0 4612 0 1619039482 0 0 0 17 3 0 0 0 0 0 366763250584 366763250744 367247994880 549753952861 549753952908 549753952908 549753954273 0
T 10259.88
P 19053 16848 20010056 appspawn-x
19053 (com.a2hlab.brid) S 16848 0 0 0 -1 4194624 61507 0 0 0 136 101 0 0 0 -20 66 0 1025476 7585943552 91766 18446744073709551615 366763173332 366763239648 549753948320 0 0 0 4612 0 1619039482 0 0 0 17 3 0 0 0 0 0 366763250584 366763250744 367247994880 549753952861 549753952908 549753952908 549753954273 0
T 10260.04
P 19053 16848 20010056 appspawn-x
19053 (com.a2hlab.brid) S 16848 0 0 0 -1 4194624 61507 0 0 0 136 101 0 0 0 -20 66 0 1025476 7585943552 91766 18446744073709551615 366763173332 366763239648 549753948320 0 0 0 4612 0 1619039482 0 0 0 17 3 0 0 0 0 0 366763250584 366763250744 367247994880 549753952861 549753952908 549753952908 549753954273 0
T 10260.20
P 19053 16848 20010056 appspawn-x
19053 (com.a2hlab.brid) S 16848 0 0 0 -1 4194624 61507 0 0 0 136 101 0 0 0 -20 66 0 1025476 7585943552 91766 18446744073709551615 366763173332 366763239648 549753948320 0 0 0 4612 0 1619039482 0 0 0 17 3 0 0 0 0 0 366763250584 366763250744 367247994880 549753952861 549753952908 549753952908 549753954273 0
T 10260.38
P 19053 16848 20010056 appspawn-x
19053 (com.a2hlab.brid) S 16848 0 0 0 -1 4194624 61951 0 0 0 139 104 0 0 0 -20 67 0 1025476 7596912640 93012 18446744073709551615 366763173332 366763239648 549753948320 0 0 0 4612 0 1619039482 0 0 0 17 7 0 0 0 0 0 366763250584 366763250744 367247994880 549753952861 549753952908 549753952908 549753954273 0
T 10260.56
P 19053 16848 20010056 appspawn-x
19053 (com.a2hlab.brid) S 16848 0 0 0 -1 4194624 64367 0 0 0 146 108 0 0 0 -20 67 0 1025476 7882436608 95252 18446744073709551615 366763173332 366763239648 549753948320 0 0 0 4612 0 1619039482 0 0 0 17 5 0 0 0 0 0 366763250584 366763250744 367247994880 549753952861 549753952908 549753952908 549753954273 0
T 10260.73
P 19053 16848 20010056 appspawn-x
19053 (com.a2hlab.brid) S 16848 0 0 0 -1 4194624 64493 0 0 0 146 109 0 0 0 -20 67 0 1025476 7882436608 95318 18446744073709551615 366763173332 366763239648 549753948320 0 0 0 4612 0 1619039482 0 0 0 17 5 0 0 0 0 0 366763250584 366763250744 367247994880 549753952861 549753952908 549753952908 549753954273 0
T 10260.92
P 19053 16848 20010056 appspawn-x
19053 (com.a2hlab.brid) S 16848 0 0 0 -1 4194624 64537 0 0 0 146 109 0 0 0 -20 67 0 1025476 7881424896 95143 18446744073709551615 366763173332 366763239648 549753948320 0 0 0 4612 0 1619039482 0 0 0 17 5 0 0 0 0 0 366763250584 366763250744 367247994880 549753952861 549753952908 549753952908 549753954273 0
T 10261.07
P 19053 16848 20010056 appspawn-x
19053 (com.a2hlab.brid) S 16848 0 0 0 -1 4194624 64547 0 0 0 146 109 0 0 0 -20 67 0 1025476 7881093120 95108 18446744073709551615 366763173332 366763239648 549753948320 0 0 0 4612 0 1619039482 0 0 0 17 5 0 0 0 0 0 366763250584 366763250744 367247994880 549753952861 549753952908 549753952908 549753954273 0
T 10261.23
P 19053 16848 20010056 appspawn-x
19053 (com.a2hlab.brid) S 16848 0 0 0 -1 4194624 64651 0 0 0 146 109 0 0 0 -20 67 0 1025476 7880679424 95041 18446744073709551615 366763173332 366763239648 549753948320 0 0 0 4612 0 1619039482 0 0 0 17 5 0 0 0 0 0 366763250584 366763250744 367247994880 549753952861 549753952908 549753952908 549753954273 0
T 10261.39
P 19053 16848 20010056 appspawn-x
19053 (com.a2hlab.brid) S 16848 0 0 0 -1 4194624 64782 0 0 0 147 109 0 0 0 -20 67 0 1025476 7880282112 95049 18446744073709551615 366763173332 366763239648 549753948320 0 0 0 4612 0 1619039482 0 0 0 17 7 0 0 0 0 0 366763250584 366763250744 367247994880 549753952861 549753952908 549753952908 549753954273 0
T 10261.57
P 19053 16848 20010056 appspawn-x
19053 (com.a2hlab.brid) S 16848 0 0 0 -1 4194624 64880 0 0 0 147 109 0 0 0 -20 67 0 1025476 7880282112 95082 18446744073709551615 366763173332 366763239648 549753948320 0 0 0 4612 0 1619039482 0 0 0 17 7 0 0 0 0 0 366763250584 366763250744 367247994880 549753952861 549753952908 549753952908 549753954273 0
T 10261.73
P 19053 16848 20010056 appspawn-x
19053 (com.a2hlab.brid) S 16848 0 0 0 -1 4194624 64984 0 0 0 147 109 0 0 0 -20 67 0 1025476 7880282112 95148 18446744073709551615 366763173332 366763239648 549753948320 0 0 0 4612 0 1619039482 0 0 0 17 7 0 0 0 0 0 366763250584 366763250744 367247994880 549753952861 549753952908 549753952908 549753954273 0
T 10261.92
P 19053 16848 20010056 appspawn-x
19053 (com.a2hlab.brid) S 16848 0 0 0 -1 4194624 65198 0 0 0 148 109 0 0 0 -20 67 0 1025476 7883816960 95931 18446744073709551615 366763173332 366763239648 549753948320 0 0 0 4612 0 1619039482 0 0 0 17 7 0 0 0 0 0 366763250584 366763250744 367247994880 549753952861 549753952908 549753952908 549753954273 0
T 10262.09
P 19053 16848 20010056 appspawn-x
19053 (com.a2hlab.brid) S 16848 0 0 0 -1 4194624 65238 0 0 0 148 109 0 0 0 -20 67 0 1025476 7883816960 95931 18446744073709551615 366763173332 366763239648 549753948320 0 0 0 4612 0 1619039482 0 0 0 17 7 0 0 0 0 0 366763250584 366763250744 367247994880 549753952861 549753952908 549753952908 549753954273 0
T 10262.27
P 19053 16848 20010056 appspawn-x
19053 (com.a2hlab.brid) S 16848 0 0 0 -1 4194624 65336 0 0 0 148 109 0 0 0 -20 67 0 1025476 7883816960 95997 18446744073709551615 366763173332 366763239648 549753948320 0 0 0 4612 0 1619039482 0 0 0 17 7 0 0 0 0 0 366763250584 366763250744 367247994880 549753952861 549753952908 549753952908 549753954273 0
T 10262.46
P 19053 16848 20010056 appspawn-x
19053 (com.a2hlab.brid) S 16848 0 0 0 -1 4194624 65392 0 0 0 148 110 0 0 0 -20 67 0 1025476 7882412032 95785 18446744073709551615 366763173332 366763239648 549753948320 0 0 0 4612 0 1619039482 0 0 0 17 7 0 0 0 0 0 366763250584 366763250744 367247994880 549753952861 549753952908 549753952908 549753954273 0
T 10262.63
P 19053 16848 20010056 appspawn-x
19053 (com.a2hlab.brid) S 16848 0 0 0 -1 4194624 65392 0 0 0 148 110 0 0 0 -20 67 0 1025476 7881740288 95687 18446744073709551615 366763173332 366763239648 549753948320 0 0 0 4612 0 1619039482 0 0 0 17 7 0 0 0 0 0 366763250584 366763250744 367247994880 549753952861 549753952908 549753952908 549753954273 0
T 10262.82
P 19053 16848 20010056 appspawn-x
19053 (com.a2hlab.brid) S 16848 0 0 0 -1 4194624 65392 0 0 0 148 110 0 0 0 -20 67 0 1025476 7881469952 95621 18446744073709551615 366763173332 366763239648 549753948320 0 0 0 4612 0 1619039482 0 0 0 17 7 0 0 0 0 0 366763250584 366763250744 367247994880 549753952861 549753952908 549753952908 549753954273 0
T 10262.97
P 19053 16848 20010056 appspawn-x
19053 (com.a2hlab.brid) S 16848 0 0 0 -1 4194624 65392 0 0 0 148 110 0 0 0 -20 67 0 1025476 7881138176 95554 18446744073709551615 366763173332 366763239648 549753948320 0 0 0 4612 0 1619039482 0 0 0 17 7 0 0 0 0 0 366763250584 366763250744 367247994880 549753952861 549753952908 549753952908 549753954273 0
T 10263.16
P 19053 16848 20010056 appspawn-x
19053 (com.a2hlab.brid) S 16848 0 0 0 -1 4194624 65392 0 0 0 148 110 0 0 0 -20 67 0 1025476 7881007104 95521 18446744073709551615 366763173332 366763239648 549753948320 0 0 0 4612 0 1619039482 0 0 0 17 7 0 0 0 0 0 366763250584 366763250744 367247994880 549753952861 549753952908 549753952908 549753954273 0
T 10263.33
P 19053 16848 20010056 appspawn-x
19053 (com.a2hlab.brid) S 16848 0 0 0 -1 4194624 65392 0 0 0 148 110 0 0 0 -20 67 0 1025476 7881007104 95521 18446744073709551615 366763173332 366763239648 549753948320 0 0 0 4612 0 1619039482 0 0 0 17 7 0 0 0 0 0 366763250584 366763250744 367247994880 549753952861 549753952908 549753952908 549753954273 0
T 10263.49
P 19053 16848 20010056 appspawn-x
19053 (com.a2hlab.brid) S 16848 0 0 0 -1 4194624 65470 0 0 0 148 111 0 0 0 -20 67 0 1025476 7882276864 95769 18446744073709551615 366763173332 366763239648 549753948320 0 0 0 4612 0 1619039482 0 0 0 17 7 0 0 0 0 0 366763250584 366763250744 367247994880 549753952861 549753952908 549753952908 549753954273 0
T 10263.64
P 19053 16848 20010056 appspawn-x
19053 (com.a2hlab.brid) S 16848 0 0 0 -1 4194624 65470 0 0 0 148 111 0 0 0 -20 67 0 1025476 7882276864 95769 18446744073709551615 366763173332 366763239648 549753948320 0 0 0 4612 0 1619039482 0 0 0 17 7 0 0 0 0 0 366763250584 366763250744 367247994880 549753952861 549753952908 549753952908 549753954273 0
T 10263.80
P 19053 16848 20010056 appspawn-x
19053 (com.a2hlab.brid) S 16848 0 0 0 -1 4194624 65470 0 0 0 148 111 0 0 0 -20 67 0 1025476 7882276864 95769 18446744073709551615 366763173332 366763239648 549753948320 0 0 0 4612 0 1619039482 0 0 0 17 7 0 0 0 0 0 366763250584 366763250744 367247994880 549753952861 549753952908 549753952908 549753954273 0
T 10263.96
P 19053 16848 20010056 appspawn-x
19053 (com.a2hlab.brid) S 16848 0 0 0 -1 4194624 65470 0 0 0 148 111 0 0 0 -20 67 0 1025476 7881805824 95669 18446744073709551615 366763173332 366763239648 549753948320 0 0 0 4612 0 1619039482 0 0 0 17 7 0 0 0 0 0 366763250584 366763250744 367247994880 549753952861 549753952908 549753952908 549753954273 0
T 10264.11
P 19053 16848 20010056 appspawn-x
19053 (com.a2hlab.brid) S 16848 0 0 0 -1 4194624 65470 0 0 0 148 112 0 0 0 -20 67 0 1025476 7881539584 95662 18446744073709551615 366763173332 366763239648 549753948320 0 0 0 4612 0 1619039482 0 0 0 17 7 0 0 0 0 0 366763250584 366763250744 367247994880 549753952861 549753952908 549753952908 549753954273 0
T 10264.27
P 19053 16848 20010056 appspawn-x
19053 (com.a2hlab.brid) S 16848 0 0 0 -1 4194624 65532 0 0 0 149 112 0 0 0 -20 67 0 1025476 7881404416 95825 18446744073709551615 366763173332 366763239648 549753948320 0 0 0 4612 0 1619039482 0 0 0 17 1 0 0 0 0 0 366763250584 366763250744 367247994880 549753952861 549753952908 549753952908 549753954273 0
T 10264.42
P 19053 16848 20010056 appspawn-x
19053 (com.a2hlab.brid) S 16848 0 0 0 -1 4194624 65532 0 0 0 149 112 0 0 0 -20 67 0 1025476 7881404416 95825 18446744073709551615 366763173332 366763239648 549753948320 0 0 0 4612 0 1619039482 0 0 0 17 1 0 0 0 0 0 366763250584 366763250744 367247994880 549753952861 549753952908 549753952908 549753954273 0
T 10264.58
P 19053 16848 20010056 appspawn-x
19053 (com.a2hlab.brid) S 16848 0 0 0 -1 4194624 65532 0 0 0 149 112 0 0 0 -20 67 0 1025476 7881404416 95825 18446744073709551615 366763173332 366763239648 549753948320 0 0 0 4612 0 1619039482 0 0 0 17 1 0 0 0 0 0 366763250584 366763250744 367247994880 549753952861 549753952908 549753952908 549753954273 0
T 10264.74
P 19053 16848 20010056 appspawn-x
19053 (com.a2hlab.brid) S 16848 0 0 0 -1 4194624 65532 0 0 0 149 112 0 0 0 -20 67 0 1025476 7881404416 95825 18446744073709551615 366763173332 366763239648 549753948320 0 0 0 4612 0 1619039482 0 0 0 17 1 0 0 0 0 0 366763250584 366763250744 367247994880 549753952861 549753952908 549753952908 549753954273 0
T 10264.89
P 19053 16848 20010056 appspawn-x
19053 (com.a2hlab.brid) S 16848 0 0 0 -1 4194624 65532 0 0 0 149 112 0 0 0 -20 67 0 1025476 7881404416 95825 18446744073709551615 366763173332 366763239648 549753948320 0 0 0 4612 0 1619039482 0 0 0 17 1 0 0 0 0 0 366763250584 366763250744 367247994880 549753952861 549753952908 549753952908 549753954273 0
T 10265.05
P 19053 16848 20010056 appspawn-x
19053 (com.a2hlab.brid) S 16848 0 0 0 -1 4194624 67131 0 0 0 152 116 0 0 0 -20 68 0 1025476 7957491712 99251 18446744073709551615 366763173332 366763239648 549753948320 0 0 0 4612 0 1619039482 0 0 0 17 6 0 0 0 0 0 366763250584 366763250744 367247994880 549753952861 549753952908 549753952908 549753954273 0
T 10265.22
P 19053 16848 20010056 appspawn-x
19053 (com.a2hlab.brid) S 16848 0 0 0 -1 4194624 67189 0 0 0 152 116 0 0 0 -20 68 0 1025476 7957491712 99251 18446744073709551615 366763173332 366763239648 549753948320 0 0 0 4612 0 1619039482 0 0 0 17 6 0 0 0 0 0 366763250584 366763250744 367247994880 549753952861 549753952908 549753952908 549753954273 0
T 10265.40
P 19053 16848 20010056 appspawn-x
19053 (com.a2hlab.brid) S 16848 0 0 0 -1 4194624 67199 0 0 0 152 116 0 0 0 -20 68 0 1025476 7957491712 99251 18446744073709551615 366763173332 366763239648 549753948320 0 0 0 4612 0 1619039482 0 0 0 17 6 0 0 0 0 0 366763250584 366763250744 367247994880 549753952861 549753952908 549753952908 549753954273 0
T 10265.56
P 19053 16848 20010056 appspawn-x
19053 (com.a2hlab.brid) S 16848 0 0 0 -1 4194624 67199 0 0 0 153 116 0 0 0 -20 68 0 1025476 7957491712 99251 18446744073709551615 366763173332 366763239648 549753948320 0 0 0 4612 0 1619039482 0 0 0 17 6 0 0 0 0 0 366763250584 366763250744 367247994880 549753952861 549753952908 549753952908 549753954273 0
T 10265.76
P 19053 16848 20010056 appspawn-x
19053 (com.a2hlab.brid) S 16848 0 0 0 -1 4194624 67199 0 0 0 153 116 0 0 0 -20 68 0 1025476 7957491712 99251 18446744073709551615 366763173332 366763239648 549753948320 0 0 0 4612 0 1619039482 0 0 0 17 6 0 0 0 0 0 366763250584 366763250744 367247994880 549753952861 549753952908 549753952908 549753954273 0
T 10265.91
P 19053 16848 20010056 appspawn-x
19053 (com.a2hlab.brid) S 16848 0 0 0 -1 4194624 67199 0 0 0 153 117 0 0 0 -20 68 0 1025476 7957491712 99251 18446744073709551615 366763173332 366763239648 549753948320 0 0 0 4612 0 1619039482 0 0 0 17 6 0 0 0 0 0 366763250584 366763250744 367247994880 549753952861 549753952908 549753952908 549753954273 0
T 10266.07
P 19053 16848 20010056 appspawn-x
19053 (com.a2hlab.brid) S 16848 0 0 0 -1 4194624 67199 0 0 0 153 117 0 0 0 -20 68 0 1025476 7957491712 99251 18446744073709551615 366763173332 366763239648 549753948320 0 0 0 4612 0 1619039482 0 0 0 17 6 0 0 0 0 0 366763250584 366763250744 367247994880 549753952861 549753952908 549753952908 549753954273 0
T 10266.22
P 19053 16848 20010056 appspawn-x
19053 (com.a2hlab.brid) S 16848 0 0 0 -1 4194624 67199 0 0 0 153 117 0 0 0 -20 68 0 1025476 7957491712 99251 18446744073709551615 366763173332 366763239648 549753948320 0 0 0 4612 0 1619039482 0 0 0 17 6 0 0 0 0 0 366763250584 366763250744 367247994880 549753952861 549753952908 549753952908 549753954273 0
T 10266.38
P 19053 16848 20010056 appspawn-x
19053 (com.a2hlab.brid) S 16848 0 0 0 -1 4194624 67199 0 0 0 153 117 0 0 0 -20 68 0 1025476 7957491712 99251 18446744073709551615 366763173332 366763239648 549753948320 0 0 0 4612 0 1619039482 0 0 0 17 6 0 0 0 0 0 366763250584 366763250744 367247994880 549753952861 549753952908 549753952908 549753954273 0
T 10266.55
P 19053 16848 20010056 appspawn-x
19053 (com.a2hlab.brid) S 16848 0 0 0 -1 4194624 67218 0 0 0 153 118 0 0 0 -20 70 0 1025476 7967117312 99262 18446744073709551615 366763173332 366763239648 549753948320 0 0 0 4612 0 1619039482 0 0 0 17 6 0 0 0 0 0 366763250584 366763250744 367247994880 549753952861 549753952908 549753952908 549753954273 0
T 10266.74
P 19053 16848 20010056 appspawn-x
19053 (com.a2hlab.brid) S 16848 0 0 0 -1 4194624 67219 0 0 0 153 118 0 0 0 -20 70 0 1025476 7967117312 99262 18446744073709551615 366763173332 366763239648 549753948320 0 0 0 4612 0 1619039482 0 0 0 17 6 0 0 0 0 0 366763250584 366763250744 367247994880 549753952861 549753952908 549753952908 549753954273 0
T 10266.90
P 19053 16848 20010056 appspawn-x
19053 (com.a2hlab.brid) S 16848 0 0 0 -1 4194624 67219 0 0 0 153 118 0 0 0 -20 70 0 1025476 7967117312 99262 18446744073709551615 366763173332 366763239648 549753948320 0 0 0 4612 0 1619039482 0 0 0 17 6 0 0 0 0 0 366763250584 366763250744 367247994880 549753952861 549753952908 549753952908 549753954273 0
T 10267.07
P 19053 16848 20010056 appspawn-x
19053 (com.a2hlab.brid) S 16848 0 0 0 -1 4194624 67219 0 0 0 153 119 0 0 0 -20 70 0 1025476 7967117312 99262 18446744073709551615 366763173332 366763239648 549753948320 0 0 0 4612 0 1619039482 0 0 0 17 6 0 0 0 0 0 366763250584 366763250744 367247994880 549753952861 549753952908 549753952908 549753954273 0
T 10267.24
P 19053 16848 20010056 appspawn-x
19053 (com.a2hlab.brid) S 16848 0 0 0 -1 4194624 67219 0 0 0 153 119 0 0 0 -20 70 0 1025476 7967117312 99262 18446744073709551615 366763173332 366763239648 549753948320 0 0 0 4612 0 1619039482 0 0 0 17 6 0 0 0 0 0 366763250584 366763250744 367247994880 549753952861 549753952908 549753952908 549753954273 0
T 10267.39
P 19053 16848 20010056 appspawn-x
19053 (com.a2hlab.brid) S 16848 0 0 0 -1 4194624 67219 0 0 0 154 119 0 0 0 -20 70 0 1025476 7967117312 99262 18446744073709551615 366763173332 366763239648 549753948320 0 0 0 4612 0 1619039482 0 0 0 17 6 0 0 0 0 0 366763250584 366763250744 367247994880 549753952861 549753952908 549753952908 549753954273 0
T 10267.54
P 19053 16848 20010056 appspawn-x
19053 (com.a2hlab.brid) S 16848 0 0 0 -1 4194624 67220 0 0 0 154 120 0 0 0 -20 70 0 1025476 7967117312 99262 18446744073709551615 366763173332 366763239648 549753948320 0 0 0 4612 0 1619039482 0 0 0 17 6 0 0 0 0 0 366763250584 366763250744 367247994880 549753952861 549753952908 549753952908 549753954273 0
T 10267.70
P 19053 16848 20010056 appspawn-x
19053 (com.a2hlab.brid) S 16848 0 0 0 -1 4194624 67220 0 0 0 154 120 0 0 0 -20 70 0 1025476 7967117312 99262 18446744073709551615 366763173332 366763239648 549753948320 0 0 0 4612 0 1619039482 0 0 0 17 6 0 0 0 0 0 366763250584 366763250744 367247994880 549753952861 549753952908 549753952908 549753954273 0
T 10267.87
P 19053 16848 20010056 appspawn-x
19053 (com.a2hlab.brid) S 16848 0 0 0 -1 4194624 67220 0 0 0 154 120 0 0 0 -20 70 0 1025476 7967117312 99262 18446744073709551615 366763173332 366763239648 549753948320 0 0 0 4612 0 1619039482 0 0 0 17 6 0 0 0 0 0 366763250584 366763250744 367247994880 549753952861 549753952908 549753952908 549753954273 0
T 10268.05
P 19053 16848 20010056 appspawn-x
19053 (com.a2hlab.brid) S 16848 0 0 0 -1 4194624 67220 0 0 0 155 120 0 0 0 -20 70 0 1025476 7967117312 99262 18446744073709551615 366763173332 366763239648 549753948320 0 0 0 4612 0 1619039482 0 0 0 17 6 0 0 0 0 0 366763250584 366763250744 367247994880 549753952861 549753952908 549753952908 549753954273 0
T 10268.21
P 19053 16848 20010056 appspawn-x
19053 (com.a2hlab.brid) S 16848 0 0 0 -1 4194624 69523 0 0 0 164 124 0 0 0 -20 70 0 1025476 7971434496 101311 18446744073709551615 366763173332 366763239648 549753948320 0 0 0 4612 0 1619039482 0 0 0 17 6 0 0 0 0 0 366763250584 366763250744 367247994880 549753952861 549753952908 549753952908 549753954273 0
T 10268.37
P 19053 16848 20010056 appspawn-x
19053 (com.a2hlab.brid) S 16848 0 0 0 -1 4194624 69533 0 0 0 164 124 0 0 0 -20 70 0 1025476 7971434496 101344 18446744073709551615 366763173332 366763239648 549753948320 0 0 0 4612 0 1619039482 0 0 0 17 6 0 0 0 0 0 366763250584 366763250744 367247994880 549753952861 549753952908 549753952908 549753954273 0
T 10268.53
P 19053 16848 20010056 appspawn-x
19053 (com.a2hlab.brid) S 16848 0 0 0 -1 4194624 69533 0 0 0 164 125 0 0 0 -20 70 0 1025476 7970115584 101082 18446744073709551615 366763173332 366763239648 549753948320 0 0 0 4612 0 1619039482 0 0 0 17 6 0 0 0 0 0 366763250584 366763250744 367247994880 549753952861 549753952908 549753952908 549753954273 0
T 10268.72
P 19053 16848 20010056 appspawn-x
19053 (com.a2hlab.brid) S 16848 0 0 0 -1 4194624 69533 0 0 0 164 125 0 0 0 -20 70 0 1025476 7969853440 101017 18446744073709551615 366763173332 366763239648 549753948320 0 0 0 4612 0 1619039482 0 0 0 17 6 0 0 0 0 0 366763250584 366763250744 367247994880 549753952861 549753952908 549753952908 549753954273 0
T 10268.87
P 19053 16848 20010056 appspawn-x
19053 (com.a2hlab.brid) S 16848 0 0 0 -1 4194624 69534 0 0 0 164 125 0 0 0 -20 70 0 1025476 7969587200 100979 18446744073709551615 366763173332 366763239648 549753948320 0 0 0 4612 0 1619039482 0 0 0 17 6 0 0 0 0 0 366763250584 366763250744 367247994880 549753952861 549753952908 549753952908 549753954273 0
T 10269.03
P 19053 16848 20010056 appspawn-x
19053 (com.a2hlab.brid) S 16848 0 0 0 -1 4194624 69658 0 0 0 165 126 0 0 0 -20 70 0 1025476 7969587200 101012 18446744073709551615 366763173332 366763239648 549753948320 0 0 0 4612 0 1619039482 0 0 0 17 6 0 0 0 0 0 366763250584 366763250744 367247994880 549753952861 549753952908 549753952908 549753954273 0
T 10269.19
P 19053 16848 20010056 appspawn-x
19053 (com.a2hlab.brid) S 16848 0 0 0 -1 4194624 69788 0 0 0 165 126 0 0 0 -20 70 0 1025476 7969587200 101078 18446744073709551615 366763173332 366763239648 549753948320 0 0 0 4612 0 1619039482 0 0 0 17 6 0 0 0 0 0 366763250584 366763250744 367247994880 549753952861 549753952908 549753952908 549753954273 0
T 10269.36
P 19053 16848 20010056 appspawn-x
19053 (com.a2hlab.brid) S 16848 0 0 0 -1 4194624 69788 0 0 0 165 127 0 0 0 -20 70 0 1025476 7969587200 100963 18446744073709551615 366763173332 366763239648 549753948320 0 0 0 4612 0 1619039482 0 0 0 17 6 0 0 0 0 0 366763250584 366763250744 367247994880 549753952861 549753952908 549753952908 549753954273 0
T 10269.54
P 19053 16848 20010056 appspawn-x
19053 (com.a2hlab.brid) S 16848 0 0 0 -1 4194624 69788 0 0 0 165 127 0 0 0 -20 70 0 1025476 7969587200 100963 18446744073709551615 366763173332 366763239648 549753948320 0 0 0 4612 0 1619039482 0 0 0 17 6 0 0 0 0 0 366763250584 366763250744 367247994880 549753952861 549753952908 549753952908 549753954273 0
T 10269.72
P 19053 16848 20010056 appspawn-x
19053 (com.a2hlab.brid) S 16848 0 0 0 -1 4194624 69796 0 0 0 166 127 0 0 0 -20 71 0 1025476 7970803712 100965 18446744073709551615 366763173332 366763239648 549753948320 0 0 0 4612 0 1619039482 0 0 0 17 6 0 0 0 0 0 366763250584 366763250744 367247994880 549753952861 549753952908 549753952908 549753954273 0
T 10269.89
P 19053 16848 20010056 appspawn-x
19053 (com.a2hlab.brid) S 16848 0 0 0 -1 4194624 69796 0 0 0 166 127 0 0 0 -20 71 0 1025476 7970803712 100965 18446744073709551615 366763173332 366763239648 549753948320 0 0 0 4612 0 1619039482 0 0 0 17 6 0 0 0 0 0 366763250584 366763250744 367247994880 549753952861 549753952908 549753952908 549753954273 0
T 10270.05
P 19053 16848 20010056 appspawn-x
19053 (com.a2hlab.brid) S 16848 0 0 0 -1 4194624 69796 0 0 0 167 127 0 0 0 -20 71 0 1025476 7970803712 100965 18446744073709551615 366763173332 366763239648 549753948320 0 0 0 4612 0 1619039482 0 0 0 17 6 0 0 0 0 0 366763250584 366763250744 367247994880 549753952861 549753952908 549753952908 549753954273 0
T 10270.21
P 19053 16848 20010056 appspawn-x
19053 (com.a2hlab.brid) S 16848 0 0 0 -1 4194624 69796 0 0 0 167 127 0 0 0 -20 71 0 1025476 7970803712 100965 18446744073709551615 366763173332 366763239648 549753948320 0 0 0 4612 0 1619039482 0 0 0 17 6 0 0 0 0 0 366763250584 366763250744 367247994880 549753952861 549753952908 549753952908 549753954273 0
T 10270.38
P 19053 16848 20010056 appspawn-x
19053 (com.a2hlab.brid) S 16848 0 0 0 -1 4194624 69797 0 0 0 167 128 0 0 0 -20 71 0 1025476 7970803712 100965 18446744073709551615 366763173332 366763239648 549753948320 0 0 0 4612 0 1619039482 0 0 0 17 6 0 0 0 0 0 366763250584 366763250744 367247994880 549753952861 549753952908 549753952908 549753954273 0
T 10270.53
P 19053 16848 20010056 appspawn-x
19053 (com.a2hlab.brid) S 16848 0 0 0 -1 4194624 69797 0 0 0 168 128 0 0 0 -20 71 0 1025476 7970803712 100965 18446744073709551615 366763173332 366763239648 549753948320 0 0 0 4612 0 1619039482 0 0 0 17 6 0 0 0 0 0 366763250584 366763250744 367247994880 549753952861 549753952908 549753952908 549753954273 0
