T 7942.58
T 7942.76
T 7942.92
P 7902 13161 20010055 appspawn-x
7902 (mple.helloworld) R 13161 0 0 0 -1 4194624 248 0 0 0 7 3 0 0 0 -20 1 0 794295 2197676032 1617 18446744073709551615 366870431252 366870496976 549156205216 0 0 0 0 4096 1073775866 0 0 0 17 6 0 0 0 0 0 366870507912 366870508072 367424618496 549156207218 549156207265 549156207265 549156208609 0
T 7943.18
P 7902 13161 20010055 appspawn-x
7902 (mple.helloworld) R 13161 0 0 0 -1 4194624 10562 0 0 0 14 16 0 0 0 -20 1 0 794295 2453155840 14106 18446744073709551615 366870431252 366870496976 549156205216 0 0 0 0 4096 1073775866 0 0 0 17 6 0 0 0 0 0 366870507912 366870508072 367424618496 549156207218 549156207265 549156207265 549156208609 0
T 7943.39
P 7902 13161 20010055 appspawn-x
7902 (main) R 13161 0 0 0 -1 4194624 14316 0 0 0 20 21 0 0 0 -20 10 0 794295 3357241344 19642 18446744073709551615 366870431252 366870496976 549156205216 0 0 0 4612 0 1073779962 0 0 0 17 4 0 0 0 0 0 366870507912 366870508072 367424618496 549156207218 549156207265 549156207265 549156208609 0
T 7943.55
P 7902 13161 20010055 appspawn-x
7902 (main) R 13161 0 0 0 -1 4194624 16614 0 0 0 32 26 0 0 0 -20 10 0 794295 3517919232 25991 18446744073709551615 366870431252 366870496976 549156205216 0 0 0 4612 0 1073779962 0 0 0 17 7 0 0 0 0 0 366870507912 366870508072 367424618496 549156207218 549156207265 549156207265 549156208609 0
T 7943.71
P 7902 13161 20010055 appspawn-x
7902 (main) R 13161 0 0 0 -1 4194624 20039 0 0 0 43 30 0 0 0 -20 10 0 794295 3575328768 42667 18446744073709551615 366870431252 366870496976 549156205216 0 0 0 4612 0 1073779962 0 0 0 17 7 0 0 0 0 0 366870507912 366870508072 367424618496 549156207218 549156207265 549156207265 549156208609 0
T 7943.86
P 7902 13161 20010055 appspawn-x
7902 (main) R 13161 0 0 0 -1 4194624 21687 0 0 0 54 35 0 0 0 -20 12 0 794295 3685806080 49863 18446744073709551615 366870431252 366870496976 549156205216 0 0 0 4612 0 1073779962 0 0 0 17 7 0 0 0 0 0 366870507912 366870508072 367424618496 549156207218 549156207265 549156207265 549156208609 0
T 7944.02
P 7902 13161 20010055 appspawn-x
7902 (com.example.hel) R 13161 0 0 0 -1 4194624 31545 0 0 0 66 42 0 0 0 -20 12 0 794295 3721777152 59682 18446744073709551615 366870431252 366870496976 549156205216 0 0 0 4612 0 1073779962 0 0 0 17 7 0 0 0 0 0 366870507912 366870508072 367424618496 549156207218 549156207265 549156207265 549156208609 0
T 7944.22
P 7902 13161 20010055 appspawn-x
7902 (com.example.hel) R 13161 0 0 0 -1 4194624 37719 0 0 0 77 47 0 0 0 -20 12 0 794295 3740708864 64350 18446744073709551615 366870431252 366870496976 549156205216 0 0 0 4612 0 1073779962 0 0 0 17 7 0 0 0 0 0 366870507912 366870508072 367424618496 549156207218 549156207265 549156207265 549156208609 0
T 7944.38
P 7902 13161 20010055 appspawn-x
7902 (<pre-initialize) S 13161 0 0 0 -1 1077936448 39475 0 0 0 87 52 0 0 0 -20 13 0 794295 3722395648 56059 18446744073709551615 366870431252 366870496976 549156205216 0 0 0 4612 0 1073779962 0 0 0 17 7 0 0 0 0 0 366870507912 366870508072 367424618496 549156207218 549156207265 549156207265 549156208609 0
T 7944.54
P 7902 13161 20010055 appspawn-x
7902 (<pre-initialize) t 13161 0 0 0 -1 1077936448 39875 20 0 0 88 58 0 3 0 -20 14 0 794295 3730964480 57013 18446744073709551615 366870431252 366870496976 549156205216 0 0 0 2147221247 0 1073779962 0 0 0 17 5 0 0 0 0 0 366870507912 366870508072 367424618496 549156207218 549156207265 549156207265 549156208609 0
P 7948 1 20010055 processdump
7948 (processdump) R 1 7948 7948 0 -1 4194304 1403 0 0 0 1 9 0 0 0 -20 1 0 794448 2195476480 3788 18446744073709551615 367381937308 367382164448 548719625808 0 0 0 2147211927 65536 1073775866 0 0 0 17 7 0 0 0 0 0 367382180784 367382180832 368222904320 548719630282 548719630309 548719630309 548719632352 0
P 7953 7902 20010055 [<pre-initialize]
7953 (<pre-initialize) Z 7902 0 0 0 -1 4227140 10 0 0 0 0 2 0 0 0 -20 1 0 794457 0 0 18446744073709551615 0 0 0 0 0 0 2147221247 0 1073779962 1 0 0 17 4 0 0 0 0 0 0 0 0 0 0 0 0 0
P 7957 7953 20010055 appspawn-x
7957 (<pre-initialize) t 1 0 0 0 -1 1077936192 0 0 0 0 0 0 0 0 0 -20 1 0 794458 3729924096 17480 18446744073709551615 366870431252 366870496976 549156205216 0 0 0 2147221247 0 1073779962 1 0 0 17 2 0 0 0 0 0 366870507912 366870508072 367424618496 549156207218 549156207265 549156207265 549156208609 0
T 7944.73
P 7902 13161 20010055 appspawn-x
7902 (<pre-initialize) t 13161 0 0 0 -1 1077936448 39875 20 0 0 88 58 0 3 0 -20 14 0 794295 3730964480 57013 18446744073709551615 366870431252 366870496976 549156205216 0 0 0 2147221247 0 1073779962 0 0 0 17 5 0 0 0 0 0 366870507912 366870508072 367424618496 549156207218 549156207265 549156207265 549156208609 0
P 7948 1 20010055 processdump
7948 (processdump) R 1 7948 7948 0 -1 4194304 5375 0 0 0 8 23 0 0 0 -20 3 0 794448 2278395904 7940 18446744073709551615 367381937308 367382164448 548719625808 0 0 0 2147211927 65536 1073775866 0 0 0 17 7 0 0 0 0 0 367382180784 367382180832 368222904320 548719630282 548719630309 548719630309 548719632352 0
P 7953 7902 20010055 [<pre-initialize]
7953 (<pre-initialize) Z 7902 0 0 0 -1 4227140 10 0 0 0 0 2 0 0 0 -20 1 0 794457 0 0 18446744073709551615 0 0 0 0 0 0 2147221247 0 1073779962 1 0 0 17 4 0 0 0 0 0 0 0 0 0 0 0 0 0
P 7957 1 20010055 appspawn-x
7957 (<pre-initialize) t 1 0 0 0 -1 1077936192 0 0 0 0 0 0 0 0 0 -20 1 0 794458 3729924096 17691 18446744073709551615 366870431252 366870496976 549156205216 0 0 0 2147221247 0 1073779962 1 0 0 17 2 0 0 0 0 0 366870507912 366870508072 367424618496 549156207218 549156207265 549156207265 549156208609 0
T 7944.92
T 7945.11
T 7945.29
T 7945.46
T 7945.63
T 7945.80
T 7946.00
T 7946.20
T 7946.36
T 7946.54
T 7946.73
T 7946.92
T 7947.10
T 7947.29
T 7947.48
T 7947.66
T 7947.84
T 7948.01
T 7948.20
T 7948.38
T 7948.57
T 7948.76
T 7948.94
T 7949.10
T 7949.28
T 7949.45
T 7949.62
T 7949.81
T 7950.00
T 7950.17
T 7950.36
T 7950.54
T 7950.72
T 7950.89
T 7951.08
T 7951.27
T 7951.46
T 7951.63
T 7951.82
T 7952.00
T 7952.18
T 7952.35
T 7952.54
T 7952.72
T 7952.91
T 7953.10
T 7953.28
T 7953.46
T 7953.64
T 7953.81
T 7954.00
T 7954.18
T 7954.38
T 7954.57
T 7954.75
T 7954.92
T 7955.09
T 7955.27
T 7955.46
T 7955.64
T 7955.83
T 7956.00
T 7956.19
T 7956.38
T 7956.56
T 7956.74
T 7956.92
T 7957.08
T 7957.27
T 7957.46
T 7957.64
T 7957.81
T 7958.00
T 7958.18
T 7958.35
T 7958.54
