T 8759.43
T 8759.60
T 8759.79
P 25266 1402 20010080 appspawn-x
25266 (atory.ooniprobe) R 1402 0 0 0 -1 4194624 5781 0 0 0 2 9 0 0 0 -20 1 0 875980 2454016000 10366 18446744073709551615 367306638804 367306705120 549462225152 0 0 0 0 4096 1073775866 0 0 0 17 4 0 0 0 0 0 367306716056 367306716216 367548850176 549462227549 549462227596 549462227596 549462228961 0
T 8760.05
P 25266 1402 20010080 appspawn-x
25266 (main) R 1402 0 0 0 -1 4194624 13396 0 0 0 6 21 0 0 0 -20 10 0 875980 3363684352 19324 18446744073709551615 367306638804 367306705120 549462225152 0 0 0 4612 0 1073779962 0 0 0 17 5 0 0 0 0 0 367306716056 367306716216 367548850176 549462227549 549462227596 549462227596 549462228961 0
T 8760.24
P 25266 1402 20010080 appspawn-x
25266 (main) R 1402 0 0 0 -1 4194624 16072 0 0 0 15 28 0 0 0 -20 10 0 875980 3518963712 25275 18446744073709551615 367306638804 367306705120 549462225152 0 0 0 4612 0 1073779962 0 0 0 17 4 0 0 0 0 0 367306716056 367306716216 367548850176 549462227549 549462227596 549462227596 549462228961 0
T 8760.42
P 25266 1402 20010080 appspawn-x
25266 (main) R 1402 0 0 0 -1 4194624 18211 0 0 0 30 31 0 0 0 -20 10 0 875980 3552559104 32343 18446744073709551615 367306638804 367306705120 549462225152 0 0 0 4612 0 1073779962 0 0 0 17 6 0 0 0 0 0 367306716056 367306716216 367548850176 549462227549 549462227596 549462227596 549462228961 0
T 8760.61
P 25266 1402 20010080 appspawn-x
25266 (org.openobserva) R 1402 0 0 0 -1 4194624 22906 0 0 0 42 38 0 0 0 -20 12 0 875980 3689271296 52327 18446744073709551615 367306638804 367306705120 549462225152 0 0 0 4612 0 1073779962 0 0 0 17 7 0 0 0 0 0 367306716056 367306716216 367548850176 549462227549 549462227596 549462227596 549462228961 0
T 8760.80
P 25266 1402 20010080 appspawn-x
25266 (org.openobserva) R 1402 0 0 0 -1 4194624 33317 0 0 0 51 48 0 0 0 -20 12 0 875980 3731533824 62612 18446744073709551615 367306638804 367306705120 549462225152 0 0 0 4612 0 1073779962 0 0 0 17 7 0 0 0 0 0 367306716056 367306716216 367548850176 549462227549 549462227596 549462227596 549462228961 0
T 8761.00
P 25266 1402 20010080 appspawn-x
25266 (org.openobserva) R 1402 0 0 0 -1 4194624 38779 0 0 0 66 51 0 0 0 -20 12 0 875980 3747491840 66520 18446744073709551615 367306638804 367306705120 549462225152 0 0 0 4612 0 1073779962 0 0 0 17 7 0 0 0 0 0 367306716056 367306716216 367548850176 549462227549 549462227596 549462227596 549462228961 0
T 8761.18
P 25266 1402 20010080 appspawn-x
25266 (org.openobserva) R 1402 0 0 0 -1 4194624 41020 0 0 0 74 61 0 0 0 -20 13 0 875980 3785310208 61822 18446744073709551615 367306638804 367306705120 549462225152 0 0 0 4612 0 1073779962 0 0 0 17 7 0 0 0 0 0 367306716056 367306716216 367548850176 549462227549 549462227596 549462227596 549462228961 0
T 8761.36
P 25266 1402 20010080 appspawn-x
25266 (org.openobserva) R 1402 0 0 0 -1 4194624 42643 0 0 0 87 64 0 0 0 -20 13 0 875980 3786084352 63356 18446744073709551615 367306638804 367306705120 549462225152 0 0 0 4612 0 1073779962 0 0 0 17 7 0 0 0 0 0 367306716056 367306716216 367548850176 549462227549 549462227596 549462227596 549462228961 0
T 8761.54
P 25266 1402 20010080 appspawn-x
25266 (org.openobserva) R 1402 0 0 0 -1 4194624 42889 0 0 0 99 71 0 0 0 -20 14 0 875980 3795144704 63951 18446744073709551615 367306638804 367306705120 549462225152 0 0 0 4612 0 1073779962 0 0 0 17 7 0 0 0 0 0 367306716056 367306716216 367548850176 549462227549 549462227596 549462227596 549462228961 0
T 8761.72
P 25266 1402 20010080 appspawn-x
25266 (org.openobserva) R 1402 0 0 0 -1 4194624 43120 0 0 0 113 77 0 0 0 -20 14 0 875980 3795173376 64189 18446744073709551615 367306638804 367306705120 549462225152 0 0 0 4612 0 1073779962 0 0 0 17 7 0 0 0 0 0 367306716056 367306716216 367548850176 549462227549 549462227596 549462227596 549462228961 0
T 8761.92
P 25266 1402 20010080 appspawn-x
25266 (org.openobserva) R 1402 0 0 0 -1 4194624 43954 0 0 0 125 86 0 0 0 -20 15 0 875980 3804696576 66654 18446744073709551615 367306638804 367306705120 549462225152 0 0 0 4612 0 1073779962 0 0 0 17 7 0 0 0 0 0 367306716056 367306716216 367548850176 549462227549 549462227596 549462227596 549462228961 0
T 8762.12
P 25266 1402 20010080 appspawn-x
25266 (org.openobserva) R 1402 0 0 0 -1 4194624 44386 0 0 0 133 90 0 0 0 -20 19 0 875980 3840675840 68167 18446744073709551615 367306638804 367306705120 549462225152 0 0 0 4612 0 1073779962 0 0 0 17 7 0 0 0 0 0 367306716056 367306716216 367548850176 549462227549 549462227596 549462227596 549462228961 0
T 8762.31
P 25266 1402 20010080 appspawn-x
25266 (org.openobserva) R 1402 0 0 0 -1 4194624 44565 0 0 0 144 96 0 0 0 -20 19 0 875980 3840954368 68397 18446744073709551615 367306638804 367306705120 549462225152 0 0 0 4612 0 1073779962 0 0 0 17 7 0 0 0 0 0 367306716056 367306716216 367548850176 549462227549 549462227596 549462227596 549462228961 0
T 8762.48
P 25266 1402 20010080 [org.openobserva]
25266 (org.openobserva) Z 1402 0 0 0 -1 4227396 44936 0 0 0 156 103 0 0 0 -20 2 0 875980 0 0 18446744073709551615 0 0 0 0 0 0 4612 0 1073779962 0 0 0 17 5 0 0 0 0 0 0 0 0 0 0 0 0 256
T 8762.66
T 8762.82
T 8762.99
T 8763.14
T 8763.32
T 8763.52
T 8763.71
T 8763.88
T 8764.06
T 8764.25
T 8764.44
T 8764.64
T 8764.82
T 8765.00
T 8765.18
T 8765.36
T 8765.54
T 8765.72
T 8765.91
T 8766.10
T 8766.27
T 8766.43
T 8766.62
T 8766.81
T 8766.97
T 8767.16
T 8767.34
T 8767.53
T 8767.72
T 8767.89
T 8768.06
T 8768.24
T 8768.42
T 8768.58
T 8768.77
T 8768.96
T 8769.13
T 8769.32
T 8769.49
T 8769.66
T 8769.84
T 8770.01
T 8770.18
T 8770.37
T 8770.55
T 8770.73
T 8770.92
T 8771.10
T 8771.29
T 8771.48
T 8771.66
T 8771.82
T 8771.98
T 8772.14
T 8772.31
T 8772.48
T 8772.67
T 8772.83
T 8772.99
T 8773.16
T 8773.31
T 8773.47
T 8773.62
T 8773.81
T 8773.97
T 8774.13
T 8774.28
T 8774.44
T 8774.60
T 8774.75
T 8774.92
T 8775.08
T 8775.24
T 8775.40
