T 8515.82
T 8516.02
T 8516.22
P 16537 13161 20010055 appspawn-x
16537 (mple.helloworld) R 13161 0 0 0 -1 4194624 367 0 0 0 11 3 0 0 0 -20 1 0 851617 2200711168 1996 18446744073709551615 366870431252 366870496976 549156205216 0 0 0 0 4096 1073775866 0 0 0 17 4 0 0 0 0 0 366870507912 366870508072 367424618496 549156207218 549156207265 549156207265 549156208609 0
T 8516.44
P 16537 13161 20010055 appspawn-x
16537 (mple.helloworld) R 13161 0 0 0 -1 4194624 11554 0 0 0 16 16 0 0 0 -20 1 0 851617 2456219648 14414 18446744073709551615 366870431252 366870496976 549156205216 0 0 0 0 4096 1073775866 0 0 0 17 4 0 0 0 0 0 366870507912 366870508072 367424618496 549156207218 549156207265 549156207265 549156208609 0
T 8516.62
P 16537 13161 20010055 appspawn-x
16537 (main) R 13161 0 0 0 -1 4194624 15359 0 0 0 21 25 0 0 0 -20 10 0 851617 3520962560 23815 18446744073709551615 366870431252 366870496976 549156205216 0 0 0 4612 0 1073779962 0 0 0 17 7 0 0 0 0 0 366870507912 366870508072 367424618496 549156207218 549156207265 549156207265 549156208609 0
T 8516.80
P 16537 13161 20010055 appspawn-x
16537 (main) R 13161 0 0 0 -1 4194624 16836 0 0 0 32 28 0 0 0 -20 10 0 851617 3520983040 26096 18446744073709551615 366870431252 366870496976 549156205216 0 0 0 4612 0 1073779962 0 0 0 17 4 0 0 0 0 0 366870507912 366870508072 367424618496 549156207218 549156207265 549156207265 549156208609 0
T 8516.96
P 16537 13161 20010055 appspawn-x
16537 (main) R 13161 0 0 0 -1 4194624 20693 0 0 0 40 38 0 0 0 -20 10 0 851617 3583643648 46130 18446744073709551615 366870431252 366870496976 549156205216 0 0 0 4612 0 1073779962 0 0 0 17 7 0 0 0 0 0 366870507912 366870508072 367424618496 549156207218 549156207265 549156207265 549156208609 0
T 8517.14
P 16537 13161 20010055 appspawn-x
16537 (com.example.hel) R 13161 0 0 0 -1 4194624 27063 0 0 0 53 45 0 0 0 -20 12 0 851617 3705937920 55125 18446744073709551615 366870431252 366870496976 549156205216 0 0 0 4612 0 1073779962 0 0 0 17 7 0 0 0 0 0 366870507912 366870508072 367424618496 549156207218 549156207265 549156207265 549156208609 0
T 8517.34
P 16537 13161 20010055 appspawn-x
16537 (com.example.hel) R 13161 0 0 0 -1 4194624 36929 0 0 0 64 53 0 0 0 -20 12 0 851617 3746381824 65025 18446744073709551615 366870431252 366870496976 549156205216 0 0 0 4612 0 1073779962 0 0 0 17 7 0 0 0 0 0 366870507912 366870508072 367424618496 549156207218 549156207265 549156207265 549156208609 0
T 8517.54
P 16537 13161 20010055 appspawn-x
16537 (com.example.hel) R 13161 0 0 0 -1 4194624 38932 0 0 0 81 55 0 0 0 -20 12 0 851617 3698331648 53899 18446744073709551615 366870431252 366870496976 549156205216 0 0 0 4612 0 1073779962 0 0 0 17 7 0 0 0 0 0 366870507912 366870508072 367424618496 549156207218 549156207265 549156207265 549156208609 0
T 8517.72
P 16537 13161 20010055 appspawn-x
16537 (com.example.hel) R 13161 0 0 0 -1 4194624 41225 0 0 0 88 65 0 0 0 -20 17 0 851617 3813318656 62545 18446744073709551615 366870431252 366870496976 549156205216 0 0 0 4612 0 1073779962 0 0 0 17 1 0 0 0 0 0 366870507912 366870508072 367424618496 549156207218 549156207265 549156207265 549156208609 0
T 8517.93
P 16537 13161 20010055 appspawn-x
16537 (com.example.hel) S 13161 0 0 0 -1 1077936448 45772 0 0 0 99 74 0 0 0 -20 32 0 851617 3990253568 70976 18446744073709551615 366870431252 366870496976 549156205216 0 0 0 4612 0 1073779962 0 0 0 17 5 0 0 0 0 0 366870507912 366870508072 367424618496 549156207218 549156207265 549156207265 549156208609 0
T 8518.13
P 16537 13161 20010055 appspawn-x
16537 (com.example.hel) S 13161 0 0 0 -1 4194624 46024 0 0 0 102 78 0 0 0 -20 33 0 851617 4036034560 71303 18446744073709551615 366870431252 366870496976 549156205216 0 0 0 4612 0 1073779962 0 0 0 17 0 0 0 0 0 0 366870507912 366870508072 367424618496 549156207218 549156207265 549156207265 549156208609 0
T 8518.30
P 16537 13161 20010055 appspawn-x
16537 (com.example.hel) S 13161 0 0 0 -1 4194624 46035 0 0 0 102 78 0 0 0 -20 33 0 851617 4036034560 71303 18446744073709551615 366870431252 366870496976 549156205216 0 0 0 4612 0 1073779962 0 0 0 17 2 0 0 0 0 0 366870507912 366870508072 367424618496 549156207218 549156207265 549156207265 549156208609 0
T 8518.47
P 16537 13161 20010055 appspawn-x
16537 (com.example.hel) S 13161 0 0 0 -1 4194624 46035 0 0 0 102 78 0 0 0 -20 33 0 851617 4035506176 71236 18446744073709551615 366870431252 366870496976 549156205216 0 0 0 4612 0 1073779962 0 0 0 17 2 0 0 0 0 0 366870507912 366870508072 367424618496 549156207218 549156207265 549156207265 549156208609 0
T 8518.64
P 16537 13161 20010055 appspawn-x
16537 (com.example.hel) S 13161 0 0 0 -1 4194624 46035 0 0 0 102 78 0 0 0 -20 33 0 851617 4035067904 71137 18446744073709551615 366870431252 366870496976 549156205216 0 0 0 4612 0 1073779962 0 0 0 17 5 0 0 0 0 0 366870507912 366870508072 367424618496 549156207218 549156207265 549156207265 549156208609 0
T 8518.84
P 16537 13161 20010055 appspawn-x
16537 (com.example.hel) S 13161 0 0 0 -1 4194624 46035 0 0 0 102 78 0 0 0 -20 33 0 851617 4034789376 71129 18446744073709551615 366870431252 366870496976 549156205216 0 0 0 4612 0 1073779962 0 0 0 17 5 0 0 0 0 0 366870507912 366870508072 367424618496 549156207218 549156207265 549156207265 549156208609 0
T 8519.02
P 16537 13161 20010055 appspawn-x
16537 (com.example.hel) S 13161 0 0 0 -1 4194624 46035 0 0 0 102 79 0 0 0 -20 33 0 851617 4034781184 71129 18446744073709551615 366870431252 366870496976 549156205216 0 0 0 4612 0 1073779962 0 0 0 17 5 0 0 0 0 0 366870507912 366870508072 367424618496 549156207218 549156207265 549156207265 549156208609 0
T 8519.22
P 16537 13161 20010055 appspawn-x
16537 (com.example.hel) S 13161 0 0 0 -1 4194624 46045 0 0 0 103 79 0 0 0 -20 33 0 851617 4034781184 71129 18446744073709551615 366870431252 366870496976 549156205216 0 0 0 4612 0 1073779962 0 0 0 17 2 0 0 0 0 0 366870507912 366870508072 367424618496 549156207218 549156207265 549156207265 549156208609 0
T 8519.39
P 16537 13161 20010055 appspawn-x
16537 (com.example.hel) S 13161 0 0 0 -1 4194624 46045 0 0 0 103 79 0 0 0 -20 33 0 851617 4034781184 71129 18446744073709551615 366870431252 366870496976 549156205216 0 0 0 4612 0 1073779962 0 0 0 17 2 0 0 0 0 0 366870507912 366870508072 367424618496 549156207218 549156207265 549156207265 549156208609 0
T 8519.58
P 16537 13161 20010055 appspawn-x
16537 (com.example.hel) S 13161 0 0 0 -1 4194624 46045 0 0 0 103 79 0 0 0 -20 33 0 851617 4034781184 71129 18446744073709551615 366870431252 366870496976 549156205216 0 0 0 4612 0 1073779962 0 0 0 17 2 0 0 0 0 0 366870507912 366870508072 367424618496 549156207218 549156207265 549156207265 549156208609 0
T 8519.78
P 16537 13161 20010055 appspawn-x
16537 (com.example.hel) S 13161 0 0 0 -1 4194624 46046 0 0 0 103 79 0 0 0 -20 33 0 851617 4034781184 71129 18446744073709551615 366870431252 366870496976 549156205216 0 0 0 4612 0 1073779962 0 0 0 17 2 0 0 0 0 0 366870507912 366870508072 367424618496 549156207218 549156207265 549156207265 549156208609 0
T 8519.98
P 16537 13161 20010055 appspawn-x
16537 (com.example.hel) S 13161 0 0 0 -1 4194624 46046 0 0 0 103 79 0 0 0 -20 33 0 851617 4034781184 71129 18446744073709551615 366870431252 366870496976 549156205216 0 0 0 4612 0 1073779962 0 0 0 17 2 0 0 0 0 0 366870507912 366870508072 367424618496 549156207218 549156207265 549156207265 549156208609 0
T 8520.16
P 16537 13161 20010055 appspawn-x
16537 (com.example.hel) S 13161 0 0 0 -1 4194624 46046 0 0 0 103 79 0 0 0 -20 33 0 851617 4034781184 71129 18446744073709551615 366870431252 366870496976 549156205216 0 0 0 4612 0 1073779962 0 0 0 17 2 0 0 0 0 0 366870507912 366870508072 367424618496 549156207218 549156207265 549156207265 549156208609 0
T 8520.35
P 16537 13161 20010055 appspawn-x
16537 (com.example.hel) S 13161 0 0 0 -1 4194624 46046 0 0 0 103 79 0 0 0 -20 33 0 851617 4034781184 71129 18446744073709551615 366870431252 366870496976 549156205216 0 0 0 4612 0 1073779962 0 0 0 17 2 0 0 0 0 0 366870507912 366870508072 367424618496 549156207218 549156207265 549156207265 549156208609 0
T 8520.54
P 16537 13161 20010055 appspawn-x
16537 (com.example.hel) S 13161 0 0 0 -1 4194624 46046 0 0 0 103 79 0 0 0 -20 33 0 851617 4034781184 71129 18446744073709551615 366870431252 366870496976 549156205216 0 0 0 4612 0 1073779962 0 0 0 17 2 0 0 0 0 0 366870507912 366870508072 367424618496 549156207218 549156207265 549156207265 549156208609 0
T 8520.70
P 16537 13161 20010055 appspawn-x
16537 (com.example.hel) S 13161 0 0 0 -1 4194624 46057 0 0 0 103 79 0 0 0 -20 33 0 851617 4034781184 71308 18446744073709551615 366870431252 366870496976 549156205216 0 0 0 4612 0 1073779962 0 0 0 17 5 0 0 0 0 0 366870507912 366870508072 367424618496 549156207218 549156207265 549156207265 549156208609 0
T 8520.87
P 16537 13161 20010055 appspawn-x
16537 (com.example.hel) S 13161 0 0 0 -1 4194624 46057 0 0 0 103 79 0 0 0 -20 33 0 851617 4034781184 71308 18446744073709551615 366870431252 366870496976 549156205216 0 0 0 4612 0 1073779962 0 0 0 17 5 0 0 0 0 0 366870507912 366870508072 367424618496 549156207218 549156207265 549156207265 549156208609 0
T 8521.03
P 16537 13161 20010055 appspawn-x
16537 (com.example.hel) S 13161 0 0 0 -1 4194624 46057 0 0 0 103 79 0 0 0 -20 33 0 851617 4034781184 71308 18446744073709551615 366870431252 366870496976 549156205216 0 0 0 4612 0 1073779962 0 0 0 17 5 0 0 0 0 0 366870507912 366870508072 367424618496 549156207218 549156207265 549156207265 549156208609 0
T 8521.18
P 16537 13161 20010055 appspawn-x
16537 (com.example.hel) S 13161 0 0 0 -1 4194624 46057 0 0 0 103 79 0 0 0 -20 33 0 851617 4034781184 71308 18446744073709551615 366870431252 366870496976 549156205216 0 0 0 4612 0 1073779962 0 0 0 17 5 0 0 0 0 0 366870507912 366870508072 367424618496 549156207218 549156207265 549156207265 549156208609 0
T 8521.34
P 16537 13161 20010055 appspawn-x
16537 (com.example.hel) S 13161 0 0 0 -1 4194624 46057 0 0 0 103 79 0 0 0 -20 33 0 851617 4034781184 71308 18446744073709551615 366870431252 366870496976 549156205216 0 0 0 4612 0 1073779962 0 0 0 17 5 0 0 0 0 0 366870507912 366870508072 367424618496 549156207218 549156207265 549156207265 549156208609 0
T 8521.50
P 16537 13161 20010055 appspawn-x
16537 (com.example.hel) S 13161 0 0 0 -1 4194624 46057 0 0 0 103 79 0 0 0 -20 33 0 851617 4034781184 71308 18446744073709551615 366870431252 366870496976 549156205216 0 0 0 4612 0 1073779962 0 0 0 17 5 0 0 0 0 0 366870507912 366870508072 367424618496 549156207218 549156207265 549156207265 549156208609 0
T 8521.66
P 16537 13161 20010055 appspawn-x
16537 (com.example.hel) S 13161 0 0 0 -1 4194624 46057 0 0 0 103 79 0 0 0 -20 33 0 851617 4034781184 71308 18446744073709551615 366870431252 366870496976 549156205216 0 0 0 4612 0 1073779962 0 0 0 17 5 0 0 0 0 0 366870507912 366870508072 367424618496 549156207218 549156207265 549156207265 549156208609 0
T 8521.81
P 16537 13161 20010055 appspawn-x
16537 (com.example.hel) S 13161 0 0 0 -1 4194624 46057 0 0 0 103 79 0 0 0 -20 33 0 851617 4034781184 71308 18446744073709551615 366870431252 366870496976 549156205216 0 0 0 4612 0 1073779962 0 0 0 17 5 0 0 0 0 0 366870507912 366870508072 367424618496 549156207218 549156207265 549156207265 549156208609 0
T 8521.99
P 16537 13161 20010055 appspawn-x
16537 (com.example.hel) S 13161 0 0 0 -1 4194624 46057 0 0 0 103 79 0 0 0 -20 33 0 851617 4034781184 71308 18446744073709551615 366870431252 366870496976 549156205216 0 0 0 4612 0 1073779962 0 0 0 17 5 0 0 0 0 0 366870507912 366870508072 367424618496 549156207218 549156207265 549156207265 549156208609 0
T 8522.16
P 16537 13161 20010055 appspawn-x
16537 (com.example.hel) S 13161 0 0 0 -1 4194624 46057 0 0 0 103 79 0 0 0 -20 33 0 851617 4034781184 71308 18446744073709551615 366870431252 366870496976 549156205216 0 0 0 4612 0 1073779962 0 0 0 17 5 0 0 0 0 0 366870507912 366870508072 367424618496 549156207218 549156207265 549156207265 549156208609 0
T 8522.36
P 16537 13161 20010055 appspawn-x
16537 (com.example.hel) S 13161 0 0 0 -1 4194624 46057 0 0 0 103 79 0 0 0 -20 33 0 851617 4034781184 71308 18446744073709551615 366870431252 366870496976 549156205216 0 0 0 4612 0 1073779962 0 0 0 17 5 0 0 0 0 0 366870507912 366870508072 367424618496 549156207218 549156207265 549156207265 549156208609 0
T 8522.52
P 16537 13161 20010055 appspawn-x
16537 (com.example.hel) S 13161 0 0 0 -1 4194624 46057 0 0 0 103 79 0 0 0 -20 33 0 851617 4034781184 71308 18446744073709551615 366870431252 366870496976 549156205216 0 0 0 4612 0 1073779962 0 0 0 17 5 0 0 0 0 0 366870507912 366870508072 367424618496 549156207218 549156207265 549156207265 549156208609 0
T 8522.70
P 16537 13161 20010055 appspawn-x
16537 (com.example.hel) R 13161 0 0 0 -1 4194624 46060 0 0 0 103 79 0 0 0 -20 33 0 851617 4034781184 71303 18446744073709551615 366870431252 366870496976 549156205216 0 0 0 4612 0 1073779962 0 0 0 17 2 0 0 0 0 0 366870507912 366870508072 367424618496 549156207218 549156207265 549156207265 549156208609 0
T 8522.85
P 16537 13161 20010055 appspawn-x
16537 (com.example.hel) S 13161 0 0 0 -1 4194624 46128 0 0 0 104 79 0 0 0 -20 33 0 851617 4034781184 71266 18446744073709551615 366870431252 366870496976 549156205216 0 0 0 4612 0 1073779962 0 0 0 17 2 0 0 0 0 0 366870507912 366870508072 367424618496 549156207218 549156207265 549156207265 549156208609 0
T 8523.02
P 16537 13161 20010055 appspawn-x
16537 (com.example.hel) S 13161 0 0 0 -1 4194624 46128 0 0 0 104 79 0 0 0 -20 33 0 851617 4034781184 71266 18446744073709551615 366870431252 366870496976 549156205216 0 0 0 4612 0 1073779962 0 0 0 17 2 0 0 0 0 0 366870507912 366870508072 367424618496 549156207218 549156207265 549156207265 549156208609 0
T 8523.17
P 16537 13161 20010055 appspawn-x
16537 (com.example.hel) S 13161 0 0 0 -1 4194624 46128 0 0 0 104 79 0 0 0 -20 33 0 851617 4034781184 71266 18446744073709551615 366870431252 366870496976 549156205216 0 0 0 4612 0 1073779962 0 0 0 17 2 0 0 0 0 0 366870507912 366870508072 367424618496 549156207218 549156207265 549156207265 549156208609 0
T 8523.33
P 16537 13161 20010055 appspawn-x
16537 (com.example.hel) S 13161 0 0 0 -1 4194624 46128 0 0 0 104 79 0 0 0 -20 33 0 851617 4034781184 71266 18446744073709551615 366870431252 366870496976 549156205216 0 0 0 4612 0 1073779962 0 0 0 17 2 0 0 0 0 0 366870507912 366870508072 367424618496 549156207218 549156207265 549156207265 549156208609 0
T 8523.50
P 16537 13161 20010055 appspawn-x
16537 (com.example.hel) S 13161 0 0 0 -1 4194624 46128 0 0 0 104 79 0 0 0 -20 33 0 851617 4034781184 71266 18446744073709551615 366870431252 366870496976 549156205216 0 0 0 4612 0 1073779962 0 0 0 17 2 0 0 0 0 0 366870507912 366870508072 367424618496 549156207218 549156207265 549156207265 549156208609 0
T 8523.66
P 16537 13161 20010055 appspawn-x
16537 (com.example.hel) S 13161 0 0 0 -1 4194624 46128 0 0 0 104 79 0 0 0 -20 33 0 851617 4034781184 71266 18446744073709551615 366870431252 366870496976 549156205216 0 0 0 4612 0 1073779962 0 0 0 17 2 0 0 0 0 0 366870507912 366870508072 367424618496 549156207218 549156207265 549156207265 549156208609 0
T 8523.82
P 16537 13161 20010055 appspawn-x
16537 (com.example.hel) S 13161 0 0 0 -1 4194624 46128 0 0 0 104 79 0 0 0 -20 33 0 851617 4034781184 71266 18446744073709551615 366870431252 366870496976 549156205216 0 0 0 4612 0 1073779962 0 0 0 17 2 0 0 0 0 0 366870507912 366870508072 367424618496 549156207218 549156207265 549156207265 549156208609 0
T 8523.97
P 16537 13161 20010055 appspawn-x
16537 (com.example.hel) S 13161 0 0 0 -1 4194624 46128 0 0 0 104 79 0 0 0 -20 33 0 851617 4034781184 71266 18446744073709551615 366870431252 366870496976 549156205216 0 0 0 4612 0 1073779962 0 0 0 17 2 0 0 0 0 0 366870507912 366870508072 367424618496 549156207218 549156207265 549156207265 549156208609 0
T 8524.13
P 16537 13161 20010055 appspawn-x
16537 (com.example.hel) S 13161 0 0 0 -1 4194624 46128 0 0 0 104 79 0 0 0 -20 33 0 851617 4034781184 71266 18446744073709551615 366870431252 366870496976 549156205216 0 0 0 4612 0 1073779962 0 0 0 17 2 0 0 0 0 0 366870507912 366870508072 367424618496 549156207218 549156207265 549156207265 549156208609 0
T 8524.28
P 16537 13161 20010055 appspawn-x
16537 (com.example.hel) S 13161 0 0 0 -1 4194624 46128 0 0 0 104 79 0 0 0 -20 33 0 851617 4034781184 71266 18446744073709551615 366870431252 366870496976 549156205216 0 0 0 4612 0 1073779962 0 0 0 17 2 0 0 0 0 0 366870507912 366870508072 367424618496 549156207218 549156207265 549156207265 549156208609 0
T 8524.44
P 16537 13161 20010055 appspawn-x
16537 (com.example.hel) S 13161 0 0 0 -1 4194624 46128 0 0 0 105 79 0 0 0 -20 33 0 851617 4034781184 71266 18446744073709551615 366870431252 366870496976 549156205216 0 0 0 4612 0 1073779962 0 0 0 17 2 0 0 0 0 0 366870507912 366870508072 367424618496 549156207218 549156207265 549156207265 549156208609 0
T 8524.62
P 16537 13161 20010055 appspawn-x
16537 (com.example.hel) S 13161 0 0 0 -1 4194624 46128 0 0 0 105 79 0 0 0 -20 33 0 851617 4034781184 71266 18446744073709551615 366870431252 366870496976 549156205216 0 0 0 4612 0 1073779962 0 0 0 17 2 0 0 0 0 0 366870507912 366870508072 367424618496 549156207218 549156207265 549156207265 549156208609 0
T 8524.77
P 16537 13161 20010055 appspawn-x
16537 (com.example.hel) S 13161 0 0 0 -1 4194624 46128 0 0 0 105 79 0 0 0 -20 33 0 851617 4034781184 71266 18446744073709551615 366870431252 366870496976 549156205216 0 0 0 4612 0 1073779962 0 0 0 17 2 0 0 0 0 0 366870507912 366870508072 367424618496 549156207218 549156207265 549156207265 549156208609 0
T 8524.96
P 16537 13161 20010055 appspawn-x
16537 (com.example.hel) S 13161 0 0 0 -1 4194624 46128 0 0 0 105 79 0 0 0 -20 33 0 851617 4034781184 71266 18446744073709551615 366870431252 366870496976 549156205216 0 0 0 4612 0 1073779962 0 0 0 17 2 0 0 0 0 0 366870507912 366870508072 367424618496 549156207218 549156207265 549156207265 549156208609 0
T 8525.13
P 16537 13161 20010055 appspawn-x
16537 (com.example.hel) S 13161 0 0 0 -1 4194624 46128 0 0 0 105 79 0 0 0 -20 33 0 851617 4034781184 71266 18446744073709551615 366870431252 366870496976 549156205216 0 0 0 4612 0 1073779962 0 0 0 17 2 0 0 0 0 0 366870507912 366870508072 367424618496 549156207218 549156207265 549156207265 549156208609 0
T 8525.29
P 16537 13161 20010055 appspawn-x
16537 (com.example.hel) S 13161 0 0 0 -1 4194624 46128 0 0 0 105 79 0 0 0 -20 33 0 851617 4034781184 71266 18446744073709551615 366870431252 366870496976 549156205216 0 0 0 4612 0 1073779962 0 0 0 17 2 0 0 0 0 0 366870507912 366870508072 367424618496 549156207218 549156207265 549156207265 549156208609 0
T 8525.48
P 16537 13161 20010055 appspawn-x
16537 (com.example.hel) S 13161 0 0 0 -1 4194624 46128 0 0 0 105 79 0 0 0 -20 33 0 851617 4034781184 71266 18446744073709551615 366870431252 366870496976 549156205216 0 0 0 4612 0 1073779962 0 0 0 17 2 0 0 0 0 0 366870507912 366870508072 367424618496 549156207218 549156207265 549156207265 549156208609 0
T 8525.66
P 16537 13161 20010055 appspawn-x
16537 (com.example.hel) S 13161 0 0 0 -1 4194624 46128 0 0 0 105 79 0 0 0 -20 33 0 851617 4034781184 71266 18446744073709551615 366870431252 366870496976 549156205216 0 0 0 4612 0 1073779962 0 0 0 17 2 0 0 0 0 0 366870507912 366870508072 367424618496 549156207218 549156207265 549156207265 549156208609 0
T 8525.86
P 16537 13161 20010055 appspawn-x
16537 (com.example.hel) S 13161 0 0 0 -1 4194624 46128 0 0 0 105 79 0 0 0 -20 33 0 851617 4034781184 71266 18446744073709551615 366870431252 366870496976 549156205216 0 0 0 4612 0 1073779962 0 0 0 17 2 0 0 0 0 0 366870507912 366870508072 367424618496 549156207218 549156207265 549156207265 549156208609 0
T 8526.04
P 16537 13161 20010055 appspawn-x
16537 (com.example.hel) S 13161 0 0 0 -1 4194624 46128 0 0 0 105 79 0 0 0 -20 33 0 851617 4034781184 71266 18446744073709551615 366870431252 366870496976 549156205216 0 0 0 4612 0 1073779962 0 0 0 17 2 0 0 0 0 0 366870507912 366870508072 367424618496 549156207218 549156207265 549156207265 549156208609 0
T 8526.23
P 16537 13161 20010055 appspawn-x
16537 (com.example.hel) S 13161 0 0 0 -1 4194624 46128 0 0 0 105 79 0 0 0 -20 33 0 851617 4034781184 71266 18446744073709551615 366870431252 366870496976 549156205216 0 0 0 4612 0 1073779962 0 0 0 17 2 0 0 0 0 0 366870507912 366870508072 367424618496 549156207218 549156207265 549156207265 549156208609 0
T 8526.40
P 16537 13161 20010055 appspawn-x
16537 (com.example.hel) S 13161 0 0 0 -1 4194624 46128 0 0 0 105 79 0 0 0 -20 33 0 851617 4034781184 71266 18446744073709551615 366870431252 366870496976 549156205216 0 0 0 4612 0 1073779962 0 0 0 17 2 0 0 0 0 0 366870507912 366870508072 367424618496 549156207218 549156207265 549156207265 549156208609 0
T 8526.60
P 16537 13161 20010055 appspawn-x
16537 (com.example.hel) S 13161 0 0 0 -1 4194624 46128 0 0 0 105 79 0 0 0 -20 33 0 851617 4034781184 71266 18446744073709551615 366870431252 366870496976 549156205216 0 0 0 4612 0 1073779962 0 0 0 17 2 0 0 0 0 0 366870507912 366870508072 367424618496 549156207218 549156207265 549156207265 549156208609 0
T 8526.77
P 16537 13161 20010055 appspawn-x
16537 (com.example.hel) S 13161 0 0 0 -1 4194624 46128 0 0 0 105 79 0 0 0 -20 33 0 851617 4034781184 71266 18446744073709551615 366870431252 366870496976 549156205216 0 0 0 4612 0 1073779962 0 0 0 17 2 0 0 0 0 0 366870507912 366870508072 367424618496 549156207218 549156207265 549156207265 549156208609 0
T 8526.93
P 16537 13161 20010055 appspawn-x
16537 (com.example.hel) S 13161 0 0 0 -1 4194624 46128 0 0 0 105 79 0 0 0 -20 33 0 851617 4034781184 71266 18446744073709551615 366870431252 366870496976 549156205216 0 0 0 4612 0 1073779962 0 0 0 17 2 0 0 0 0 0 366870507912 366870508072 367424618496 549156207218 549156207265 549156207265 549156208609 0
T 8527.12
P 16537 13161 20010055 appspawn-x
16537 (com.example.hel) S 13161 0 0 0 -1 4194624 46128 0 0 0 105 79 0 0 0 -20 33 0 851617 4034781184 71266 18446744073709551615 366870431252 366870496976 549156205216 0 0 0 4612 0 1073779962 0 0 0 17 2 0 0 0 0 0 366870507912 366870508072 367424618496 549156207218 549156207265 549156207265 549156208609 0
T 8527.30
P 16537 13161 20010055 appspawn-x
16537 (com.example.hel) S 13161 0 0 0 -1 4194624 46128 0 0 0 105 79 0 0 0 -20 33 0 851617 4034781184 71266 18446744073709551615 366870431252 366870496976 549156205216 0 0 0 4612 0 1073779962 0 0 0 17 2 0 0 0 0 0 366870507912 366870508072 367424618496 549156207218 549156207265 549156207265 549156208609 0
T 8527.48
P 16537 13161 20010055 appspawn-x
16537 (com.example.hel) S 13161 0 0 0 -1 4194624 46128 0 0 0 105 79 0 0 0 -20 33 0 851617 4034781184 71266 18446744073709551615 366870431252 366870496976 549156205216 0 0 0 4612 0 1073779962 0 0 0 17 2 0 0 0 0 0 366870507912 366870508072 367424618496 549156207218 549156207265 549156207265 549156208609 0
T 8527.66
P 16537 13161 20010055 appspawn-x
16537 (com.example.hel) S 13161 0 0 0 -1 4194624 46128 0 0 0 105 79 0 0 0 -20 33 0 851617 4034781184 71266 18446744073709551615 366870431252 366870496976 549156205216 0 0 0 4612 0 1073779962 0 0 0 17 2 0 0 0 0 0 366870507912 366870508072 367424618496 549156207218 549156207265 549156207265 549156208609 0
T 8527.84
P 16537 13161 20010055 appspawn-x
16537 (com.example.hel) S 13161 0 0 0 -1 4194624 46128 0 0 0 105 79 0 0 0 -20 33 0 851617 4034781184 71160 18446744073709551615 366870431252 366870496976 549156205216 0 0 0 4612 0 1073779962 0 0 0 17 2 0 0 0 0 0 366870507912 366870508072 367424618496 549156207218 549156207265 549156207265 549156208609 0
T 8528.02
P 16537 13161 20010055 appspawn-x
16537 (com.example.hel) S 13161 0 0 0 -1 4194624 46128 0 0 0 105 79 0 0 0 -20 33 0 851617 4034781184 71160 18446744073709551615 366870431252 366870496976 549156205216 0 0 0 4612 0 1073779962 0 0 0 17 2 0 0 0 0 0 366870507912 366870508072 367424618496 549156207218 549156207265 549156207265 549156208609 0
T 8528.20
P 16537 13161 20010055 appspawn-x
16537 (com.example.hel) S 13161 0 0 0 -1 4194624 46128 0 0 0 105 79 0 0 0 -20 33 0 851617 4034781184 71160 18446744073709551615 366870431252 366870496976 549156205216 0 0 0 4612 0 1073779962 0 0 0 17 2 0 0 0 0 0 366870507912 366870508072 367424618496 549156207218 549156207265 549156207265 549156208609 0
T 8528.38
P 16537 13161 20010055 appspawn-x
16537 (com.example.hel) S 13161 0 0 0 -1 4194624 46128 0 0 0 105 79 0 0 0 -20 33 0 851617 4034781184 71160 18446744073709551615 366870431252 366870496976 549156205216 0 0 0 4612 0 1073779962 0 0 0 17 2 0 0 0 0 0 366870507912 366870508072 367424618496 549156207218 549156207265 549156207265 549156208609 0
T 8528.56
P 16537 13161 20010055 appspawn-x
16537 (com.example.hel) S 13161 0 0 0 -1 4194624 46128 0 0 0 105 79 0 0 0 -20 33 0 851617 4034781184 71160 18446744073709551615 366870431252 366870496976 549156205216 0 0 0 4612 0 1073779962 0 0 0 17 2 0 0 0 0 0 366870507912 366870508072 367424618496 549156207218 549156207265 549156207265 549156208609 0
T 8528.72
P 16537 13161 20010055 appspawn-x
16537 (com.example.hel) S 13161 0 0 0 -1 4194624 46128 0 0 0 105 79 0 0 0 -20 33 0 851617 4034781184 71160 18446744073709551615 366870431252 366870496976 549156205216 0 0 0 4612 0 1073779962 0 0 0 17 2 0 0 0 0 0 366870507912 366870508072 367424618496 549156207218 549156207265 549156207265 549156208609 0
T 8528.91
P 16537 13161 20010055 appspawn-x
16537 (com.example.hel) S 13161 0 0 0 -1 4194624 46128 0 0 0 105 79 0 0 0 -20 33 0 851617 4034781184 71160 18446744073709551615 366870431252 366870496976 549156205216 0 0 0 4612 0 1073779962 0 0 0 17 2 0 0 0 0 0 366870507912 366870508072 367424618496 549156207218 549156207265 549156207265 549156208609 0
T 8529.10
P 16537 13161 20010055 appspawn-x
16537 (com.example.hel) S 13161 0 0 0 -1 4194624 46128 0 0 0 105 79 0 0 0 -20 33 0 851617 4034781184 71160 18446744073709551615 366870431252 366870496976 549156205216 0 0 0 4612 0 1073779962 0 0 0 17 2 0 0 0 0 0 366870507912 366870508072 367424618496 549156207218 549156207265 549156207265 549156208609 0
T 8529.28
P 16537 13161 20010055 appspawn-x
16537 (com.example.hel) S 13161 0 0 0 -1 4194624 46128 0 0 0 105 80 0 0 0 -20 33 0 851617 4034781184 71160 18446744073709551615 366870431252 366870496976 549156205216 0 0 0 4612 0 1073779962 0 0 0 17 2 0 0 0 0 0 366870507912 366870508072 367424618496 549156207218 549156207265 549156207265 549156208609 0
T 8529.46
P 16537 13161 20010055 appspawn-x
16537 (com.example.hel) S 13161 0 0 0 -1 4194624 46128 0 0 0 105 80 0 0 0 -20 33 0 851617 4034781184 71160 18446744073709551615 366870431252 366870496976 549156205216 0 0 0 4612 0 1073779962 0 0 0 17 2 0 0 0 0 0 366870507912 366870508072 367424618496 549156207218 549156207265 549156207265 549156208609 0
T 8529.64
P 16537 13161 20010055 appspawn-x
16537 (com.example.hel) S 13161 0 0 0 -1 4194624 46128 0 0 0 105 80 0 0 0 -20 33 0 851617 4034781184 71160 18446744073709551615 366870431252 366870496976 549156205216 0 0 0 4612 0 1073779962 0 0 0 17 2 0 0 0 0 0 366870507912 366870508072 367424618496 549156207218 549156207265 549156207265 549156208609 0
T 8529.83
P 16537 13161 20010055 appspawn-x
16537 (com.example.hel) S 13161 0 0 0 -1 4194624 46128 0 0 0 105 80 0 0 0 -20 33 0 851617 4034781184 71160 18446744073709551615 366870431252 366870496976 549156205216 0 0 0 4612 0 1073779962 0 0 0 17 2 0 0 0 0 0 366870507912 366870508072 367424618496 549156207218 549156207265 549156207265 549156208609 0
T 8530.03
P 16537 13161 20010055 appspawn-x
16537 (com.example.hel) S 13161 0 0 0 -1 4194624 46128 0 0 0 105 80 0 0 0 -20 33 0 851617 4034781184 71160 18446744073709551615 366870431252 366870496976 549156205216 0 0 0 4612 0 1073779962 0 0 0 17 2 0 0 0 0 0 366870507912 366870508072 367424618496 549156207218 549156207265 549156207265 549156208609 0
T 8530.22
P 16537 13161 20010055 appspawn-x
16537 (com.example.hel) S 13161 0 0 0 -1 4194624 46128 0 0 0 105 80 0 0 0 -20 33 0 851617 4034781184 71160 18446744073709551615 366870431252 366870496976 549156205216 0 0 0 4612 0 1073779962 0 0 0 17 2 0 0 0 0 0 366870507912 366870508072 367424618496 549156207218 549156207265 549156207265 549156208609 0
T 8530.39
P 16537 13161 20010055 appspawn-x
16537 (com.example.hel) S 13161 0 0 0 -1 4194624 46128 0 0 0 105 80 0 0 0 -20 33 0 851617 4034781184 71160 18446744073709551615 366870431252 366870496976 549156205216 0 0 0 4612 0 1073779962 0 0 0 17 2 0 0 0 0 0 366870507912 366870508072 367424618496 549156207218 549156207265 549156207265 549156208609 0
T 8530.58
P 16537 13161 20010055 appspawn-x
16537 (com.example.hel) S 13161 0 0 0 -1 4194624 46128 0 0 0 105 80 0 0 0 -20 33 0 851617 4034781184 71160 18446744073709551615 366870431252 366870496976 549156205216 0 0 0 4612 0 1073779962 0 0 0 17 2 0 0 0 0 0 366870507912 366870508072 367424618496 549156207218 549156207265 549156207265 549156208609 0
T 8530.76
P 16537 13161 20010055 appspawn-x
16537 (com.example.hel) S 13161 0 0 0 -1 4194624 46128 0 0 0 105 80 0 0 0 -20 33 0 851617 4034781184 71160 18446744073709551615 366870431252 366870496976 549156205216 0 0 0 4612 0 1073779962 0 0 0 17 2 0 0 0 0 0 366870507912 366870508072 367424618496 549156207218 549156207265 549156207265 549156208609 0
T 8530.94
P 16537 13161 20010055 appspawn-x
16537 (com.example.hel) S 13161 0 0 0 -1 4194624 46128 0 0 0 105 80 0 0 0 -20 33 0 851617 4034781184 71160 18446744073709551615 366870431252 366870496976 549156205216 0 0 0 4612 0 1073779962 0 0 0 17 2 0 0 0 0 0 366870507912 366870508072 367424618496 549156207218 549156207265 549156207265 549156208609 0
T 8531.10
P 16537 13161 20010055 appspawn-x
16537 (com.example.hel) S 13161 0 0 0 -1 4194624 46128 0 0 0 105 80 0 0 0 -20 33 0 851617 4034781184 71160 18446744073709551615 366870431252 366870496976 549156205216 0 0 0 4612 0 1073779962 0 0 0 17 2 0 0 0 0 0 366870507912 366870508072 367424618496 549156207218 549156207265 549156207265 549156208609 0
T 8531.29
P 16537 13161 20010055 appspawn-x
16537 (com.example.hel) S 13161 0 0 0 -1 4194624 46128 0 0 0 105 80 0 0 0 -20 33 0 851617 4034781184 71160 18446744073709551615 366870431252 366870496976 549156205216 0 0 0 4612 0 1073779962 0 0 0 17 2 0 0 0 0 0 366870507912 366870508072 367424618496 549156207218 549156207265 549156207265 549156208609 0
T 8531.47
P 16537 13161 20010055 appspawn-x
16537 (com.example.hel) S 13161 0 0 0 -1 4194624 46128 0 0 0 105 80 0 0 0 -20 33 0 851617 4034781184 71160 18446744073709551615 366870431252 366870496976 549156205216 0 0 0 4612 0 1073779962 0 0 0 17 2 0 0 0 0 0 366870507912 366870508072 367424618496 549156207218 549156207265 549156207265 549156208609 0
T 8531.66
P 16537 13161 20010055 appspawn-x
16537 (com.example.hel) S 13161 0 0 0 -1 4194624 46128 0 0 0 105 80 0 0 0 -20 33 0 851617 4034781184 71160 18446744073709551615 366870431252 366870496976 549156205216 0 0 0 4612 0 1073779962 0 0 0 17 2 0 0 0 0 0 366870507912 366870508072 367424618496 549156207218 549156207265 549156207265 549156208609 0
