T 8931.97
T 8932.16
T 8932.34
T 8932.54
P 29063 26863 20010056 appspawn-x
29063 (b.bridge.zigzag) R 26863 0 0 0 -1 4194624 10939 0 0 0 3 18 0 0 0 -20 1 0 893237 2454016000 13941 18446744073709551615 367239931348 367239997664 549285548160 0 0 0 0 4096 1073775866 0 0 0 17 6 0 0 0 0 0 367240008600 367240008760 367315652608 549285550685 549285550732 549285550732 549285552097 0
T 8932.74
P 29063 26863 20010056 appspawn-x
29063 (main) R 26863 0 0 0 -1 4194624 14408 0 0 0 8 24 0 0 0 -20 10 0 893237 3382951936 20090 18446744073709551615 367239931348 367239997664 549285548160 0 0 0 4612 0 1073779962 0 0 0 17 7 0 0 0 0 0 367240008600 367240008760 367315652608 549285550685 549285550732 549285550732 549285552097 0
T 8932.91
P 29063 26863 20010056 appspawn-x
29063 (main) R 26863 0 0 0 -1 4194624 16588 0 0 0 19 31 0 0 0 -20 10 0 893237 3518771200 25936 18446744073709551615 367239931348 367239997664 549285548160 0 0 0 4612 0 1073779962 0 0 0 17 4 0 0 0 0 0 367240008600 367240008760 367315652608 549285550685 549285550732 549285550732 549285552097 0
T 8933.10
P 29063 26863 20010056 appspawn-x
29063 (main) R 26863 0 0 0 -1 4194624 20514 0 0 0 32 38 0 0 0 -20 10 0 893237 3582750720 46073 18446744073709551615 367239931348 367239997664 549285548160 0 0 0 4612 0 1073779962 0 0 0 17 7 0 0 0 0 0 367240008600 367240008760 367315652608 549285550685 549285550732 549285550732 549285552097 0
T 8933.30
P 29063 26863 20010056 appspawn-x
29063 (com.a2hlab.brid) R 26863 0 0 0 -1 4194624 29110 0 0 0 43 46 0 0 0 -20 12 0 893237 3714224128 58455 18446744073709551615 367239931348 367239997664 549285548160 0 0 0 4612 0 1073779962 0 0 0 17 7 0 0 0 0 0 367240008600 367240008760 367315652608 549285550685 549285550732 549285550732 549285552097 0
T 8933.49
P 29063 26863 20010056 appspawn-x
29063 (com.a2hlab.brid) R 26863 0 0 0 -1 4194624 37296 0 0 0 56 51 0 0 0 -20 12 0 893237 3741523968 65079 18446744073709551615 367239931348 367239997664 549285548160 0 0 0 4612 0 1073779962 0 0 0 17 7 0 0 0 0 0 367240008600 367240008760 367315652608 549285550685 549285550732 549285550732 549285552097 0
T 8933.68
P 29063 26863 20010056 appspawn-x
29063 (<pre-initialize) S 26863 0 0 0 -1 1077936448 39414 0 0 0 70 55 0 0 0 -20 12 0 893237 3716227072 58066 18446744073709551615 367239931348 367239997664 549285548160 0 0 0 4612 0 1073779962 0 0 0 17 4 0 0 0 0 0 367240008600 367240008760 367315652608 549285550685 549285550732 549285550732 549285552097 0
T 8933.86
P 29063 26863 20010056 appspawn-x
29063 (com.a2hlab.brid) S 26863 0 0 0 -1 4194624 42803 0 0 0 83 59 0 0 0 -20 15 0 893237 4117020672 69286 18446744073709551615 367239931348 367239997664 549285548160 0 0 0 4612 0 1073779962 0 0 0 17 5 0 0 0 0 0 367240008600 367240008760 367315652608 549285550685 549285550732 549285550732 549285552097 0
T 8934.03
P 29063 26863 20010056 appspawn-x
29063 (com.a2hlab.brid) S 26863 0 0 0 -1 1077936448 46310 0 0 0 88 70 0 0 0 -20 33 0 893237 4315705344 75868 18446744073709551615 367239931348 367239997664 549285548160 0 0 0 4612 0 1073779962 0 0 0 17 0 0 0 0 0 0 367240008600 367240008760 367315652608 549285550685 549285550732 549285550732 549285552097 0
T 8934.25
P 29063 26863 20010056 appspawn-x
29063 (com.a2hlab.brid) S 26863 0 0 0 -1 4194624 48030 0 0 0 103 73 0 0 0 -20 38 0 893237 6506278912 77492 18446744073709551615 367239931348 367239997664 549285548160 0 0 0 4612 0 1073779962 0 0 0 17 4 0 0 0 0 0 367240008600 367240008760 367315652608 549285550685 549285550732 549285550732 549285552097 0
T 8934.44
P 29063 26863 20010056 appspawn-x
29063 (com.a2hlab.brid) S 26863 0 0 0 -1 4194624 50396 0 0 0 121 76 0 0 0 -20 40 0 893237 6525853696 81140 18446744073709551615 367239931348 367239997664 549285548160 0 0 0 4612 0 1619039482 0 0 0 17 6 0 0 0 0 0 367240008600 367240008760 367315652608 549285550685 549285550732 549285550732 549285552097 0
T 8934.64
P 29063 26863 20010056 appspawn-x
29063 (com.a2hlab.brid) S 26863 0 0 0 -1 4194624 53659 0 0 0 129 82 0 0 0 -20 62 0 893237 6713171968 84985 18446744073709551615 367239931348 367239997664 549285548160 0 0 0 4612 0 1619039482 0 0 0 17 2 0 0 0 0 0 367240008600 367240008760 367315652608 549285550685 549285550732 549285550732 549285552097 0
T 8934.81
P 29063 26863 20010056 appspawn-x
29063 (com.a2hlab.brid) S 26863 0 0 0 -1 4194624 58057 0 0 0 132 91 0 0 0 -20 66 0 893237 7048028160 93305 18446744073709551615 367239931348 367239997664 549285548160 0 0 0 4612 0 1619039482 0 0 0 17 6 0 0 0 0 0 367240008600 367240008760 367315652608 549285550685 549285550732 549285550732 549285552097 0
T 8934.96
P 29063 26863 20010056 appspawn-x
29063 (com.a2hlab.brid) S 26863 0 0 0 -1 1077936448 62849 0 0 0 140 103 0 0 0 -20 67 0 893237 7619543040 99292 18446744073709551615 367239931348 367239997664 549285548160 0 0 0 4612 0 1619039482 0 0 0 17 2 0 0 0 0 0 367240008600 367240008760 367315652608 549285550685 549285550732 549285550732 549285552097 0
T 8935.14
P 29063 26863 20010056 appspawn-x
29063 (com.a2hlab.brid) S 26863 0 0 0 -1 4194624 64193 0 0 0 150 108 0 0 0 -20 67 0 893237 7961862144 101246 18446744073709551615 367239931348 367239997664 549285548160 0 0 0 4612 0 1619039482 0 0 0 17 3 0 0 0 0 0 367240008600 367240008760 367315652608 549285550685 549285550732 549285550732 549285552097 0
T 8935.32
P 29063 26863 20010056 appspawn-x
29063 (com.a2hlab.brid) S 26863 0 0 0 -1 4194624 64357 0 0 0 152 110 0 0 0 -20 67 0 893237 7961862144 101834 18446744073709551615 367239931348 367239997664 549285548160 0 0 0 4612 0 1619039482 0 0 0 17 3 0 0 0 0 0 367240008600 367240008760 367315652608 549285550685 549285550732 549285550732 549285552097 0
T 8935.52
P 29063 26863 20010056 appspawn-x
29063 (com.a2hlab.brid) S 26863 0 0 0 -1 4194624 64392 0 0 0 154 111 0 0 0 -20 67 0 893237 7961862144 101359 18446744073709551615 367239931348 367239997664 549285548160 0 0 0 4612 0 1619039482 0 0 0 17 0 0 0 0 0 0 367240008600 367240008760 367315652608 549285550685 549285550732 549285550732 549285552097 0
T 8935.70
P 29063 26863 20010056 appspawn-x
29063 (com.a2hlab.brid) S 26863 0 0 0 -1 4194624 64466 0 0 0 155 113 0 0 0 -20 67 0 893237 7961862144 102417 18446744073709551615 367239931348 367239997664 549285548160 0 0 0 4612 0 1619039482 0 0 0 17 0 0 0 0 0 0 367240008600 367240008760 367315652608 549285550685 549285550732 549285550732 549285552097 0
T 8935.87
P 29063 26863 20010056 appspawn-x
29063 (com.a2hlab.brid) S 26863 0 0 0 -1 4194624 64570 0 0 0 156 115 0 0 0 -20 67 0 893237 7961862144 101431 18446744073709551615 367239931348 367239997664 549285548160 0 0 0 4612 0 1619039482 0 0 0 17 0 0 0 0 0 0 367240008600 367240008760 367315652608 549285550685 549285550732 549285550732 549285552097 0
T 8936.04
P 29063 26863 20010056 appspawn-x
29063 (com.a2hlab.brid) S 26863 0 0 0 -1 4194624 64703 0 0 0 157 119 0 0 0 -20 67 0 893237 7961862144 102015 18446744073709551615 367239931348 367239997664 549285548160 0 0 0 4612 0 1619039482 0 0 0 17 0 0 0 0 0 0 367240008600 367240008760 367315652608 549285550685 549285550732 549285550732 549285552097 0
T 8936.22
P 29063 26863 20010056 appspawn-x
29063 (com.a2hlab.brid) S 26863 0 0 0 -1 4194624 64810 0 0 0 158 120 0 0 0 -20 67 0 893237 7961862144 101596 18446744073709551615 367239931348 367239997664 549285548160 0 0 0 4612 0 1619039482 0 0 0 17 0 0 0 0 0 0 367240008600 367240008760 367315652608 549285550685 549285550732 549285550732 549285552097 0
T 8936.38
P 29063 26863 20010056 appspawn-x
29063 (com.a2hlab.brid) S 26863 0 0 0 -1 4194624 64940 0 0 0 160 123 0 0 0 -20 67 0 893237 7961862144 101666 18446744073709551615 367239931348 367239997664 549285548160 0 0 0 4612 0 1619039482 0 0 0 17 0 0 0 0 0 0 367240008600 367240008760 367315652608 549285550685 549285550732 549285550732 549285552097 0
T 8936.54
P 29063 26863 20010056 appspawn-x
29063 (com.a2hlab.brid) S 26863 0 0 0 -1 4194624 65070 0 0 0 160 126 0 0 0 -20 67 0 893237 7961862144 101705 18446744073709551615 367239931348 367239997664 549285548160 0 0 0 4612 0 1619039482 0 0 0 17 0 0 0 0 0 0 367240008600 367240008760 367315652608 549285550685 549285550732 549285550732 549285552097 0
T 8936.72
P 29063 26863 20010056 appspawn-x
29063 (com.a2hlab.brid) S 26863 0 0 0 -1 4194624 65103 0 0 0 163 128 0 0 0 -20 67 0 893237 7961862144 101743 18446744073709551615 367239931348 367239997664 549285548160 0 0 0 4612 0 1619039482 0 0 0 17 0 0 0 0 0 0 367240008600 367240008760 367315652608 549285550685 549285550732 549285550732 549285552097 0
T 8936.90
P 29063 26863 20010056 appspawn-x
29063 (com.a2hlab.brid) S 26863 0 0 0 -1 4194624 65231 0 0 0 163 132 0 0 0 -20 67 0 893237 7961862144 101777 18446744073709551615 367239931348 367239997664 549285548160 0 0 0 4612 0 1619039482 0 0 0 17 3 0 0 0 0 0 367240008600 367240008760 367315652608 549285550685 549285550732 549285550732 549285552097 0
T 8937.08
P 29063 26863 20010056 appspawn-x
29063 (com.a2hlab.brid) S 26863 0 0 0 -1 4194624 67638 0 0 0 173 137 0 0 0 -20 70 0 893237 8048181248 105593 18446744073709551615 367239931348 367239997664 549285548160 0 0 0 4612 0 1619039482 0 0 0 17 6 0 0 0 0 0 367240008600 367240008760 367315652608 549285550685 549285550732 549285550732 549285552097 0
T 8937.28
P 29063 26863 20010056 appspawn-x
29063 (com.a2hlab.brid) S 26863 0 0 0 -1 4194624 69727 0 0 0 187 141 0 0 0 -20 71 0 893237 8054075392 108312 18446744073709551615 367239931348 367239997664 549285548160 0 0 0 4612 0 1619039482 0 0 0 17 6 0 0 0 0 0 367240008600 367240008760 367315652608 549285550685 549285550732 549285550732 549285552097 0
T 8937.46
P 29063 26863 20010056 appspawn-x
29063 (com.a2hlab.brid) S 26863 0 0 0 -1 4194624 70016 0 0 0 188 143 0 0 0 -20 71 0 893237 8054075392 108487 18446744073709551615 367239931348 367239997664 549285548160 0 0 0 4612 0 1619039482 0 0 0 17 1 0 0 0 0 0 367240008600 367240008760 367315652608 549285550685 549285550732 549285550732 549285552097 0
T 8937.62
P 29063 26863 20010056 appspawn-x
29063 (com.a2hlab.brid) S 26863 0 0 0 -1 4194624 70276 0 0 0 191 145 0 0 0 -20 71 0 893237 8054075392 109706 18446744073709551615 367239931348 367239997664 549285548160 0 0 0 4612 0 1619039482 0 0 0 17 1 0 0 0 0 0 367240008600 367240008760 367315652608 549285550685 549285550732 549285550732 549285552097 0
T 8937.80
P 29063 26863 20010056 appspawn-x
29063 (com.a2hlab.brid) S 26863 0 0 0 -1 4194624 70523 0 0 0 194 146 0 0 0 -20 71 0 893237 8054075392 108825 18446744073709551615 367239931348 367239997664 549285548160 0 0 0 4612 0 1619039482 0 0 0 17 1 0 0 0 0 0 367240008600 367240008760 367315652608 549285550685 549285550732 549285550732 549285552097 0
T 8938.00
P 29063 26863 20010056 appspawn-x
29063 (com.a2hlab.brid) S 26863 0 0 0 -1 4194624 70673 0 0 0 196 148 0 0 0 -20 71 0 893237 8054075392 108935 18446744073709551615 367239931348 367239997664 549285548160 0 0 0 4612 0 1619039482 0 0 0 17 1 0 0 0 0 0 367240008600 367240008760 367315652608 549285550685 549285550732 549285550732 549285552097 0
T 8938.15
P 29063 26863 20010056 appspawn-x
29063 (com.a2hlab.brid) S 26863 0 0 0 -1 4194624 70839 0 0 0 198 150 0 0 0 -20 71 0 893237 8054075392 109045 18446744073709551615 367239931348 367239997664 549285548160 0 0 0 4612 0 1619039482 0 0 0 17 1 0 0 0 0 0 367240008600 367240008760 367315652608 549285550685 549285550732 549285550732 549285552097 0
T 8938.33
P 29063 26863 20010056 appspawn-x
29063 (com.a2hlab.brid) S 26863 0 0 0 -1 4194624 71028 0 0 0 200 151 0 0 0 -20 71 0 893237 8054075392 109752 18446744073709551615 367239931348 367239997664 549285548160 0 0 0 4612 0 1619039482 0 0 0 17 1 0 0 0 0 0 367240008600 367240008760 367315652608 549285550685 549285550732 549285550732 549285552097 0
T 8938.50
P 29063 26863 20010056 appspawn-x
29063 (com.a2hlab.brid) S 26863 0 0 0 -1 4194624 71143 0 0 0 202 154 0 0 0 -20 71 0 893237 8054075392 109300 18446744073709551615 367239931348 367239997664 549285548160 0 0 0 4612 0 1619039482 0 0 0 17 1 0 0 0 0 0 367240008600 367240008760 367315652608 549285550685 549285550732 549285550732 549285552097 0
T 8938.68
P 29063 26863 20010056 appspawn-x
29063 (com.a2hlab.brid) S 26863 0 0 0 -1 4194624 71243 0 0 0 204 155 0 0 0 -20 71 0 893237 8054075392 109392 18446744073709551615 367239931348 367239997664 549285548160 0 0 0 4612 0 1619039482 0 0 0 17 1 0 0 0 0 0 367240008600 367240008760 367315652608 549285550685 549285550732 549285550732 549285552097 0
T 8938.85
P 29063 26863 20010056 appspawn-x
29063 (com.a2hlab.brid) S 26863 0 0 0 -1 4194624 71350 0 0 0 206 158 0 0 0 -20 71 0 893237 8054075392 109385 18446744073709551615 367239931348 367239997664 549285548160 0 0 0 4612 0 1619039482 0 0 0 17 1 0 0 0 0 0 367240008600 367240008760 367315652608 549285550685 549285550732 549285550732 549285552097 0
T 8939.02
P 29063 26863 20010056 appspawn-x
29063 (com.a2hlab.brid) S 26863 0 0 0 -1 4194624 71454 0 0 0 208 160 0 0 0 -20 71 0 893237 8071307264 109965 18446744073709551615 367239931348 367239997664 549285548160 0 0 0 4612 0 1619039482 0 0 0 17 2 0 0 0 0 0 367240008600 367240008760 367315652608 549285550685 549285550732 549285550732 549285552097 0
T 8939.20
P 29063 26863 20010056 appspawn-x
29063 (com.a2hlab.brid) S 26863 0 0 0 -1 4194624 71489 0 0 0 210 161 0 0 0 -20 71 0 893237 8054075392 109451 18446744073709551615 367239931348 367239997664 549285548160 0 0 0 4612 0 1619039482 0 0 0 17 2 0 0 0 0 0 367240008600 367240008760 367315652608 549285550685 549285550732 549285550732 549285552097 0
T 8939.36
P 29063 26863 20010056 appspawn-x
29063 (com.a2hlab.brid) S 26863 0 0 0 -1 4194624 71546 0 0 0 213 163 0 0 0 -20 71 0 893237 8054075392 109518 18446744073709551615 367239931348 367239997664 549285548160 0 0 0 4612 0 1619039482 0 0 0 17 2 0 0 0 0 0 367240008600 367240008760 367315652608 549285550685 549285550732 549285550732 549285552097 0
T 8939.56
P 29063 26863 20010056 appspawn-x
29063 (com.a2hlab.brid) S 26863 0 0 0 -1 4194624 71598 0 0 0 214 166 0 0 0 -20 71 0 893237 8054075392 109583 18446744073709551615 367239931348 367239997664 549285548160 0 0 0 4612 0 1619039482 0 0 0 17 2 0 0 0 0 0 367240008600 367240008760 367315652608 549285550685 549285550732 549285550732 549285552097 0
T 8939.76
P 29063 26863 20010056 appspawn-x
29063 (com.a2hlab.brid) S 26863 0 0 0 -1 4194624 71638 0 0 0 217 167 0 0 0 -20 71 0 893237 8054075392 109582 18446744073709551615 367239931348 367239997664 549285548160 0 0 0 4612 0 1619039482 0 0 0 17 2 0 0 0 0 0 367240008600 367240008760 367315652608 549285550685 549285550732 549285550732 549285552097 0
T 8939.94
P 29063 26863 20010056 appspawn-x
29063 (com.a2hlab.brid) S 26863 0 0 0 -1 4194624 71683 0 0 0 218 170 0 0 0 -20 71 0 893237 8054075392 109650 18446744073709551615 367239931348 367239997664 549285548160 0 0 0 4612 0 1619039482 0 0 0 17 2 0 0 0 0 0 367240008600 367240008760 367315652608 549285550685 549285550732 549285550732 549285552097 0
T 8940.14
P 29063 26863 20010056 appspawn-x
29063 (com.a2hlab.brid) S 26863 0 0 0 -1 4194624 71716 0 0 0 219 172 0 0 0 -20 71 0 893237 8054075392 110673 18446744073709551615 367239931348 367239997664 549285548160 0 0 0 4612 0 1619039482 0 0 0 17 2 0 0 0 0 0 367240008600 367240008760 367315652608 549285550685 549285550732 549285550732 549285552097 0
T 8940.30
P 29063 26863 20010056 appspawn-x
29063 (com.a2hlab.brid) S 26863 0 0 0 -1 4194624 71754 0 0 0 222 174 0 0 0 -20 71 0 893237 8054075392 109715 18446744073709551615 367239931348 367239997664 549285548160 0 0 0 4612 0 1619039482 0 0 0 17 2 0 0 0 0 0 367240008600 367240008760 367315652608 549285550685 549285550732 549285550732 549285552097 0
T 8940.48
P 29063 26863 20010056 appspawn-x
29063 (com.a2hlab.brid) S 26863 0 0 0 -1 4194624 71798 0 0 0 223 176 0 0 0 -20 71 0 893237 8054075392 109715 18446744073709551615 367239931348 367239997664 549285548160 0 0 0 4612 0 1619039482 0 0 0 17 2 0 0 0 0 0 367240008600 367240008760 367315652608 549285550685 549285550732 549285550732 549285552097 0
T 8940.64
P 29063 26863 20010056 appspawn-x
29063 (com.a2hlab.brid) S 26863 0 0 0 -1 4194624 71837 0 0 0 225 178 0 0 0 -20 71 0 893237 8054075392 110805 18446744073709551615 367239931348 367239997664 549285548160 0 0 0 4612 0 1619039482 0 0 0 17 2 0 0 0 0 0 367240008600 367240008760 367315652608 549285550685 549285550732 549285550732 549285552097 0
T 8940.80
P 29063 26863 20010056 appspawn-x
29063 (com.a2hlab.brid) S 26863 0 0 0 -1 4194624 71879 0 0 0 226 180 0 0 0 -20 71 0 893237 8054075392 109780 18446744073709551615 367239931348 367239997664 549285548160 0 0 0 4612 0 1619039482 0 0 0 17 2 0 0 0 0 0 367240008600 367240008760 367315652608 549285550685 549285550732 549285550732 549285552097 0
T 8940.98
P 29063 26863 20010056 appspawn-x
29063 (com.a2hlab.brid) S 26863 0 0 0 -1 4194624 71914 0 0 0 228 182 0 0 0 -20 71 0 893237 8054075392 109780 18446744073709551615 367239931348 367239997664 549285548160 0 0 0 4612 0 1619039482 0 0 0 17 2 0 0 0 0 0 367240008600 367240008760 367315652608 549285550685 549285550732 549285550732 549285552097 0
T 8941.15
P 29063 26863 20010056 appspawn-x
29063 (com.a2hlab.brid) S 26863 0 0 0 -1 4194624 71954 0 0 0 230 184 0 0 0 -20 71 0 893237 8054075392 110870 18446744073709551615 367239931348 367239997664 549285548160 0 0 0 4612 0 1619039482 0 0 0 17 2 0 0 0 0 0 367240008600 367240008760 367315652608 549285550685 549285550732 549285550732 549285552097 0
T 8941.34
P 29063 26863 20010056 appspawn-x
29063 (com.a2hlab.brid) S 26863 0 0 0 -1 4194624 71994 0 0 0 232 185 0 0 0 -20 71 0 893237 8054075392 109845 18446744073709551615 367239931348 367239997664 549285548160 0 0 0 4612 0 1619039482 0 0 0 17 2 0 0 0 0 0 367240008600 367240008760 367315652608 549285550685 549285550732 549285550732 549285552097 0
T 8941.51
P 29063 26863 20010056 appspawn-x
29063 (com.a2hlab.brid) S 26863 0 0 0 -1 4194624 72027 0 0 0 234 187 0 0 0 -20 71 0 893237 8054075392 109911 18446744073709551615 367239931348 367239997664 549285548160 0 0 0 4612 0 1619039482 0 0 0 17 2 0 0 0 0 0 367240008600 367240008760 367315652608 549285550685 549285550732 549285550732 549285552097 0
T 8941.67
P 29063 26863 20010056 appspawn-x
29063 (com.a2hlab.brid) S 26863 0 0 0 -1 4194624 72064 0 0 0 237 188 0 0 0 -20 71 0 893237 8054075392 109911 18446744073709551615 367239931348 367239997664 549285548160 0 0 0 4612 0 1619039482 0 0 0 17 2 0 0 0 0 0 367240008600 367240008760 367315652608 549285550685 549285550732 549285550732 549285552097 0
T 8941.85
P 29063 26863 20010056 appspawn-x
29063 (com.a2hlab.brid) S 26863 0 0 0 -1 4194624 72119 0 0 0 238 192 0 0 0 -20 71 0 893237 8054075392 111000 18446744073709551615 367239931348 367239997664 549285548160 0 0 0 4612 0 1619039482 0 0 0 17 2 0 0 0 0 0 367240008600 367240008760 367315652608 549285550685 549285550732 549285550732 549285552097 0
T 8942.04
P 29063 26863 20010056 appspawn-x
29063 (com.a2hlab.brid) S 26863 0 0 0 -1 4194624 72144 0 0 0 240 193 0 0 0 -20 71 0 893237 8054075392 109976 18446744073709551615 367239931348 367239997664 549285548160 0 0 0 4612 0 1619039482 0 0 0 17 2 0 0 0 0 0 367240008600 367240008760 367315652608 549285550685 549285550732 549285550732 549285552097 0
T 8942.20
P 29063 26863 20010056 appspawn-x
29063 (com.a2hlab.brid) S 26863 0 0 0 -1 4194624 72176 0 0 0 240 196 0 0 0 -20 71 0 893237 8054075392 109976 18446744073709551615 367239931348 367239997664 549285548160 0 0 0 4612 0 1619039482 0 0 0 17 2 0 0 0 0 0 367240008600 367240008760 367315652608 549285550685 549285550732 549285550732 549285552097 0
T 8942.37
P 29063 26863 20010056 appspawn-x
29063 (com.a2hlab.brid) S 26863 0 0 0 -1 4194624 72209 0 0 0 242 198 0 0 0 -20 71 0 893237 8054075392 110042 18446744073709551615 367239931348 367239997664 549285548160 0 0 0 4612 0 1619039482 0 0 0 17 2 0 0 0 0 0 367240008600 367240008760 367315652608 549285550685 549285550732 549285550732 549285552097 0
T 8942.52
P 29063 26863 20010056 appspawn-x
29063 (com.a2hlab.brid) S 26863 0 0 0 -1 4194624 72248 0 0 0 243 201 0 0 0 -20 71 0 893237 8054075392 110042 18446744073709551615 367239931348 367239997664 549285548160 0 0 0 4612 0 1619039482 0 0 0 17 2 0 0 0 0 0 367240008600 367240008760 367315652608 549285550685 549285550732 549285550732 549285552097 0
T 8942.72
P 29063 26863 20010056 appspawn-x
29063 (com.a2hlab.brid) S 26863 0 0 0 -1 4194624 72280 0 0 0 246 201 0 0 0 -20 71 0 893237 8054075392 110108 18446744073709551615 367239931348 367239997664 549285548160 0 0 0 4612 0 1619039482 0 0 0 17 2 0 0 0 0 0 367240008600 367240008760 367315652608 549285550685 549285550732 549285550732 549285552097 0
T 8942.88
P 29063 26863 20010056 appspawn-x
29063 (com.a2hlab.brid) S 26863 0 0 0 -1 4194624 72313 0 0 0 249 202 0 0 0 -20 71 0 893237 8054075392 110108 18446744073709551615 367239931348 367239997664 549285548160 0 0 0 4612 0 1619039482 0 0 0 17 2 0 0 0 0 0 367240008600 367240008760 367315652608 549285550685 549285550732 549285550732 549285552097 0
T 8943.04
P 29063 26863 20010056 appspawn-x
29063 (com.a2hlab.brid) S 26863 0 0 0 -1 4194624 72346 0 0 0 250 204 0 0 0 -20 71 0 893237 8071307264 110625 18446744073709551615 367239931348 367239997664 549285548160 0 0 0 4612 0 1619039482 0 0 0 17 2 0 0 0 0 0 367240008600 367240008760 367315652608 549285550685 549285550732 549285550732 549285552097 0
T 8943.20
P 29063 26863 20010056 appspawn-x
29063 (com.a2hlab.brid) S 26863 0 0 0 -1 4194624 72372 0 0 0 252 206 0 0 0 -20 71 0 893237 8054075392 110175 18446744073709551615 367239931348 367239997664 549285548160 0 0 0 4612 0 1619039482 0 0 0 17 2 0 0 0 0 0 367240008600 367240008760 367315652608 549285550685 549285550732 549285550732 549285552097 0
T 8943.36
P 29063 26863 20010056 appspawn-x
29063 (com.a2hlab.brid) S 26863 0 0 0 -1 4194624 72411 0 0 0 254 208 0 0 0 -20 71 0 893237 8054075392 111198 18446744073709551615 367239931348 367239997664 549285548160 0 0 0 4612 0 1619039482 0 0 0 17 2 0 0 0 0 0 367240008600 367240008760 367315652608 549285550685 549285550732 549285550732 549285552097 0
T 8943.54
P 29063 26863 20010056 appspawn-x
29063 (com.a2hlab.brid) S 26863 0 0 0 -1 4194624 72442 0 0 0 256 209 0 0 0 -20 71 0 893237 8054075392 110240 18446744073709551615 367239931348 367239997664 549285548160 0 0 0 4612 0 1619039482 0 0 0 17 2 0 0 0 0 0 367240008600 367240008760 367315652608 549285550685 549285550732 549285550732 549285552097 0
T 8943.72
P 29063 26863 20010056 appspawn-x
29063 (com.a2hlab.brid) S 26863 0 0 0 -1 4194624 72475 0 0 0 258 211 0 0 0 -20 71 0 893237 8054075392 110241 18446744073709551615 367239931348 367239997664 549285548160 0 0 0 4612 0 1619039482 0 0 0 17 2 0 0 0 0 0 367240008600 367240008760 367315652608 549285550685 549285550732 549285550732 549285552097 0
T 8943.88
P 29063 26863 20010056 appspawn-x
29063 (com.a2hlab.brid) S 26863 0 0 0 -1 4194624 72508 0 0 0 259 213 0 0 0 -20 71 0 893237 8054075392 110306 18446744073709551615 367239931348 367239997664 549285548160 0 0 0 4612 0 1619039482 0 0 0 17 2 0 0 0 0 0 367240008600 367240008760 367315652608 549285550685 549285550732 549285550732 549285552097 0
T 8944.06
P 29063 26863 20010056 appspawn-x
29063 (com.a2hlab.brid) S 26863 0 0 0 -1 4194624 72541 0 0 0 261 215 0 0 0 -20 71 0 893237 8054075392 110306 18446744073709551615 367239931348 367239997664 549285548160 0 0 0 4612 0 1619039482 0 0 0 17 2 0 0 0 0 0 367240008600 367240008760 367315652608 549285550685 549285550732 549285550732 549285552097 0
T 8944.23
P 29063 26863 20010056 appspawn-x
29063 (com.a2hlab.brid) S 26863 0 0 0 -1 4194624 72572 0 0 0 263 216 0 0 0 -20 71 0 893237 8054075392 110306 18446744073709551615 367239931348 367239997664 549285548160 0 0 0 4612 0 1619039482 0 0 0 17 2 0 0 0 0 0 367240008600 367240008760 367315652608 549285550685 549285550732 549285550732 549285552097 0
T 8944.39
P 29063 26863 20010056 appspawn-x
29063 (com.a2hlab.brid) S 26863 0 0 0 -1 4194624 72611 0 0 0 266 217 0 0 0 -20 71 0 893237 8054075392 110372 18446744073709551615 367239931348 367239997664 549285548160 0 0 0 4612 0 1619039482 0 0 0 17 2 0 0 0 0 0 367240008600 367240008760 367315652608 549285550685 549285550732 549285550732 549285552097 0
T 8944.58
P 29063 26863 20010056 appspawn-x
29063 (com.a2hlab.brid) S 26863 0 0 0 -1 4194624 72651 0 0 0 268 219 0 0 0 -20 71 0 893237 8054075392 110884 18446744073709551615 367239931348 367239997664 549285548160 0 0 0 4612 0 1619039482 0 0 0 17 2 0 0 0 0 0 367240008600 367240008760 367315652608 549285550685 549285550732 549285550732 549285552097 0
T 8944.78
P 29063 26863 20010056 appspawn-x
29063 (com.a2hlab.brid) S 26863 0 0 0 -1 4194624 72688 0 0 0 270 221 0 0 0 -20 71 0 893237 8054075392 110439 18446744073709551615 367239931348 367239997664 549285548160 0 0 0 4612 0 1619039482 0 0 0 17 2 0 0 0 0 0 367240008600 367240008760 367315652608 549285550685 549285550732 549285550732 549285552097 0
T 8944.96
P 29063 26863 20010056 appspawn-x
29063 (com.a2hlab.brid) S 26863 0 0 0 -1 4194624 72727 0 0 0 272 224 0 0 0 -20 71 0 893237 8054075392 110438 18446744073709551615 367239931348 367239997664 549285548160 0 0 0 4612 0 1619039482 0 0 0 17 2 0 0 0 0 0 367240008600 367240008760 367315652608 549285550685 549285550732 549285550732 549285552097 0
T 8945.16
P 29063 26863 20010056 appspawn-x
29063 (com.a2hlab.brid) S 26863 0 0 0 -1 4194624 72767 0 0 0 274 225 0 0 0 -20 71 0 893237 8054075392 110505 18446744073709551615 367239931348 367239997664 549285548160 0 0 0 4612 0 1619039482 0 0 0 17 2 0 0 0 0 0 367240008600 367240008760 367315652608 549285550685 549285550732 549285550732 549285552097 0
T 8945.36
P 29063 26863 20010056 appspawn-x
29063 (com.a2hlab.brid) S 26863 0 0 0 -1 4194624 72801 0 0 0 277 226 0 0 0 -20 71 0 893237 8054075392 110504 18446744073709551615 367239931348 367239997664 549285548160 0 0 0 4612 0 1619039482 0 0 0 17 2 0 0 0 0 0 367240008600 367240008760 367315652608 549285550685 549285550732 549285550732 549285552097 0
T 8945.52
P 29063 26863 20010056 appspawn-x
29063 (com.a2hlab.brid) S 26863 0 0 0 -1 4194624 72832 0 0 0 279 228 0 0 0 -20 71 0 893237 8054075392 110570 18446744073709551615 367239931348 367239997664 549285548160 0 0 0 4612 0 1619039482 0 0 0 17 2 0 0 0 0 0 367240008600 367240008760 367315652608 549285550685 549285550732 549285550732 549285552097 0
T 8945.70
P 29063 26863 20010056 appspawn-x
29063 (com.a2hlab.brid) S 26863 0 0 0 -1 4194624 72875 0 0 0 280 231 0 0 0 -20 71 0 893237 8054075392 110603 18446744073709551615 367239931348 367239997664 549285548160 0 0 0 4612 0 1619039482 0 0 0 17 2 0 0 0 0 0 367240008600 367240008760 367315652608 549285550685 549285550732 549285550732 549285552097 0
T 8945.87
P 29063 26863 20010056 appspawn-x
29063 (com.a2hlab.brid) S 26863 0 0 0 -1 4194624 72905 0 0 0 283 231 0 0 0 -20 71 0 893237 8054075392 110604 18446744073709551615 367239931348 367239997664 549285548160 0 0 0 4612 0 1619039482 0 0 0 17 2 0 0 0 0 0 367240008600 367240008760 367315652608 549285550685 549285550732 549285550732 549285552097 0
T 8946.03
P 29063 26863 20010056 appspawn-x
29063 (com.a2hlab.brid) S 26863 0 0 0 -1 4194624 72944 0 0 0 286 232 0 0 0 -20 71 0 893237 8054075392 110667 18446744073709551615 367239931348 367239997664 549285548160 0 0 0 4612 0 1619039482 0 0 0 17 2 0 0 0 0 0 367240008600 367240008760 367315652608 549285550685 549285550732 549285550732 549285552097 0
T 8946.22
P 29063 26863 20010056 appspawn-x
29063 (com.a2hlab.brid) S 26863 0 0 0 -1 4194624 72982 0 0 0 288 234 0 0 0 -20 71 0 893237 8054075392 110667 18446744073709551615 367239931348 367239997664 549285548160 0 0 0 4612 0 1619039482 0 0 0 17 2 0 0 0 0 0 367240008600 367240008760 367315652608 549285550685 549285550732 549285550732 549285552097 0
T 8946.40
P 29063 26863 20010056 appspawn-x
29063 (com.a2hlab.brid) S 26863 0 0 0 -1 4194624 73022 0 0 0 290 236 0 0 0 -20 71 0 893237 8054075392 110730 18446744073709551615 367239931348 367239997664 549285548160 0 0 0 4612 0 1619039482 0 0 0 17 2 0 0 0 0 0 367240008600 367240008760 367315652608 549285550685 549285550732 549285550732 549285552097 0
T 8946.59
P 29063 26863 20010056 appspawn-x
29063 (com.a2hlab.brid) S 26863 0 0 0 -1 4194624 73062 0 0 0 293 238 0 0 0 -20 71 0 893237 8054075392 111754 18446744073709551615 367239931348 367239997664 549285548160 0 0 0 4612 0 1619039482 0 0 0 17 2 0 0 0 0 0 367240008600 367240008760 367315652608 549285550685 549285550732 549285550732 549285552097 0
T 8946.78
P 29063 26863 20010056 appspawn-x
29063 (com.a2hlab.brid) S 26863 0 0 0 -1 4194624 73095 0 0 0 294 240 0 0 0 -20 71 0 893237 8054075392 111821 18446744073709551615 367239931348 367239997664 549285548160 0 0 0 4612 0 1619039482 0 0 0 17 2 0 0 0 0 0 367240008600 367240008760 367315652608 549285550685 549285550732 549285550732 549285552097 0
T 8946.94
P 29063 26863 20010056 appspawn-x
29063 (com.a2hlab.brid) S 26863 0 0 0 -1 4194624 73120 0 0 0 295 242 0 0 0 -20 71 0 893237 8054075392 110797 18446744073709551615 367239931348 367239997664 549285548160 0 0 0 4612 0 1619039482 0 0 0 17 2 0 0 0 0 0 367240008600 367240008760 367315652608 549285550685 549285550732 549285550732 549285552097 0
T 8947.10
P 29063 26863 20010056 appspawn-x
29063 (com.a2hlab.brid) S 26863 0 0 0 -1 4194624 73152 0 0 0 297 243 0 0 0 -20 71 0 893237 8054075392 110796 18446744073709551615 367239931348 367239997664 549285548160 0 0 0 4612 0 1619039482 0 0 0 17 2 0 0 0 0 0 367240008600 367240008760 367315652608 549285550685 549285550732 549285550732 549285552097 0
T 8947.26
P 29063 26863 20010056 appspawn-x
29063 (com.a2hlab.brid) S 26863 0 0 0 -1 4194624 73192 0 0 0 298 247 0 0 0 -20 71 0 893237 8054075392 111886 18446744073709551615 367239931348 367239997664 549285548160 0 0 0 4612 0 1619039482 0 0 0 17 2 0 0 0 0 0 367240008600 367240008760 367315652608 549285550685 549285550732 549285550732 549285552097 0
T 8947.44
P 29063 26863 20010056 appspawn-x
29063 (com.a2hlab.brid) S 26863 0 0 0 -1 4194624 73225 0 0 0 301 248 0 0 0 -20 71 0 893237 8054075392 110863 18446744073709551615 367239931348 367239997664 549285548160 0 0 0 4612 0 1619039482 0 0 0 17 2 0 0 0 0 0 367240008600 367240008760 367315652608 549285550685 549285550732 549285550732 549285552097 0
T 8947.62
P 29063 26863 20010056 appspawn-x
29063 (com.a2hlab.brid) S 26863 0 0 0 -1 4194624 73256 0 0 0 303 249 0 0 0 -20 71 0 893237 8054075392 110928 18446744073709551615 367239931348 367239997664 549285548160 0 0 0 4612 0 1619039482 0 0 0 17 2 0 0 0 0 0 367240008600 367240008760 367315652608 549285550685 549285550732 549285550732 549285552097 0
T 8947.79
P 29063 26863 20010056 appspawn-x
29063 (com.a2hlab.brid) S 26863 0 0 0 -1 4194624 73288 0 0 0 306 250 0 0 0 -20 71 0 893237 8054075392 110928 18446744073709551615 367239931348 367239997664 549285548160 0 0 0 4612 0 1619039482 0 0 0 17 2 0 0 0 0 0 367240008600 367240008760 367315652608 549285550685 549285550732 549285550732 549285552097 0
T 8947.95
P 29063 26863 20010056 appspawn-x
29063 (com.a2hlab.brid) S 26863 0 0 0 -1 4194624 73322 0 0 0 309 251 0 0 0 -20 71 0 893237 8054075392 110994 18446744073709551615 367239931348 367239997664 549285548160 0 0 0 4612 0 1619039482 0 0 0 17 2 0 0 0 0 0 367240008600 367240008760 367315652608 549285550685 549285550732 549285550732 549285552097 0
T 8948.11
P 29063 26863 20010056 appspawn-x
29063 (com.a2hlab.brid) S 26863 0 0 0 -1 4194624 73356 0 0 0 311 252 0 0 0 -20 71 0 893237 8054075392 111506 18446744073709551615 367239931348 367239997664 549285548160 0 0 0 4612 0 1619039482 0 0 0 17 2 0 0 0 0 0 367240008600 367240008760 367315652608 549285550685 549285550732 549285550732 549285552097 0
