T 61510.48
T 61510.65
T 61510.84
T 61511.03
P 9392 6624 20010055 appspawn-x
9392 (mple.helloworld) R 6624 0 0 0 -1 4194624 253 0 0 0 6 3 0 0 0 -20 1 0 6151103 2197676032 1613 18446744073709551615 367053612564 367053678288 549094111520 0 0 0 0 4096 1073775866 0 0 0 17 4 0 0 0 0 0 367053689224 367053689384 367741341696 549094115954 549094116001 549094116001 549094117345 0
T 61511.25
P 9392 6624 20010055 appspawn-x
9392 (mple.helloworld) R 6624 0 0 0 -1 4194624 9604 0 0 0 14 13 0 0 0 -20 1 0 6151103 2456219648 14104 18446744073709551615 367053612564 367053678288 549094111520 0 0 0 0 4096 1073775866 0 0 0 17 7 0 0 0 0 0 367053689224 367053689384 367741341696 549094115954 549094116001 549094116001 549094117345 0
T 61511.44
P 9392 6624 20010055 appspawn-x
9392 (main) R 6624 0 0 0 -1 4194624 14151 0 0 0 19 20 0 0 0 -20 10 0 6151103 3371720704 20768 18446744073709551615 367053612564 367053678288 549094111520 0 0 0 4612 0 1073779962 0 0 0 17 7 0 0 0 0 0 367053689224 367053689384 367741341696 549094115954 549094116001 549094116001 549094117345 0
T 61511.61
P 9392 6624 20010055 appspawn-x
9392 (main) R 6624 0 0 0 -1 4194624 16420 0 29 0 29 26 0 0 0 -20 10 0 6151103 3520974848 25847 18446744073709551615 367053612564 367053678288 549094111520 0 0 0 4612 0 1073779962 0 0 0 17 7 0 0 0 0 0 367053689224 367053689384 367741341696 549094115954 549094116001 549094116001 549094117345 0
T 61511.78
P 9392 6624 20010055 appspawn-x
9392 (main) R 6624 0 0 0 -1 4194624 19914 0 31 0 40 30 0 0 0 -20 10 0 6151103 3574661120 42397 18446744073709551615 367053612564 367053678288 549094111520 0 0 0 4612 0 1073779962 0 0 0 17 7 0 0 0 0 0 367053689224 367053689384 367741341696 549094115954 549094116001 549094116001 549094117345 0
T 61511.94
P 9392 6624 20010055 appspawn-x
9392 (main) R 6624 0 0 0 -1 4194624 21786 0 31 0 52 36 0 0 0 -20 12 0 6151103 3688878080 50626 18446744073709551615 367053612564 367053678288 549094111520 0 0 0 4612 0 1073779962 0 0 0 17 7 0 0 0 0 0 367053689224 367053689384 367741341696 549094115954 549094116001 549094116001 549094117345 0
T 61512.12
P 9392 6624 20010055 appspawn-x
9392 (com.example.hel) R 6624 0 0 0 -1 4194624 31986 0 31 0 64 44 0 0 0 -20 12 0 6151103 3726327808 60691 18446744073709551615 367053612564 367053678288 549094111520 0 0 0 4612 0 1073779962 0 0 0 17 7 0 0 0 0 0 367053689224 367053689384 367741341696 549094115954 549094116001 549094116001 549094117345 0
T 61512.32
P 9392 6624 20010055 appspawn-x
9392 (com.example.hel) R 6624 0 0 0 -1 4194624 38253 0 31 0 77 48 0 0 0 -20 12 0 6151103 3745624064 65353 18446744073709551615 367053612564 367053678288 549094111520 0 0 0 4612 0 1073779962 0 0 0 17 7 0 0 0 0 0 367053689224 367053689384 367741341696 549094115954 549094116001 549094116001 549094117345 0
T 61512.50
P 9392 6624 20010055 appspawn-x
9392 (com.example.hel) R 6624 0 0 0 -1 4194624 40178 0 31 0 88 55 0 0 0 -20 13 0 6151103 3778056192 58855 18446744073709551615 367053612564 367053678288 549094111520 0 0 0 4612 0 1073779962 0 0 0 17 7 0 0 0 0 0 367053689224 367053689384 367741341696 549094115954 549094116001 549094116001 549094117345 0
T 61512.67
P 9392 6624 20010055 appspawn-x
9392 (com.example.hel) R 6624 0 0 0 -1 4194624 41606 0 31 0 98 60 0 0 0 -20 20 0 6151103 3839508480 64643 18446744073709551615 367053612564 367053678288 549094111520 0 0 0 4612 0 1073779962 0 0 0 17 5 0 0 0 0 0 367053689224 367053689384 367741341696 549094115954 549094116001 549094116001 549094117345 0
T 61512.87
P 9392 6624 20010055 appspawn-x
9392 (com.example.hel) S 6624 0 0 0 -1 1077936448 45891 0 31 0 105 69 0 0 0 -20 33 0 6151103 3998650368 71578 18446744073709551615 367053612564 367053678288 549094111520 0 0 0 4612 0 1073779962 0 0 0 17 3 0 0 0 0 0 367053689224 367053689384 367741341696 549094115954 549094116001 549094116001 549094117345 0
T 61513.04
P 9392 6624 20010055 appspawn-x
9392 (com.example.hel) S 6624 0 0 0 -1 4194624 46220 0 31 0 109 71 0 0 0 -20 34 0 6151103 4044374016 71902 18446744073709551615 367053612564 367053678288 549094111520 0 0 0 4612 0 1073779962 0 0 0 17 2 0 0 0 0 0 367053689224 367053689384 367741341696 549094115954 549094116001 549094116001 549094117345 0
T 61513.21
P 9392 6624 20010055 appspawn-x
9392 (com.example.hel) S 6624 0 0 0 -1 4194624 46233 0 31 0 109 71 0 0 0 -20 34 0 6151103 4044374016 71902 18446744073709551615 367053612564 367053678288 549094111520 0 0 0 4612 0 1073779962 0 0 0 17 2 0 0 0 0 0 367053689224 367053689384 367741341696 549094115954 549094116001 549094116001 549094117345 0
T 61513.36
P 9392 6624 20010055 appspawn-x
9392 (com.example.hel) S 6624 0 0 0 -1 4194624 46233 0 31 0 109 71 0 0 0 -20 34 0 6151103 4043845632 71835 18446744073709551615 367053612564 367053678288 549094111520 0 0 0 4612 0 1073779962 0 0 0 17 2 0 0 0 0 0 367053689224 367053689384 367741341696 549094115954 549094116001 549094116001 549094117345 0
T 61513.52
P 9392 6624 20010055 appspawn-x
9392 (com.example.hel) S 6624 0 0 0 -1 4194624 46233 0 31 0 109 71 0 0 0 -20 34 0 6151103 4043636736 71782 18446744073709551615 367053612564 367053678288 549094111520 0 0 0 4612 0 1073779962 0 0 0 17 2 0 0 0 0 0 367053689224 367053689384 367741341696 549094115954 549094116001 549094116001 549094117345 0
T 61513.70
P 9392 6624 20010055 appspawn-x
9392 (com.example.hel) S 6624 0 0 0 -1 4194624 46233 0 31 0 109 71 0 0 0 -20 34 0 6151103 4043132928 71728 18446744073709551615 367053612564 367053678288 549094111520 0 0 0 4612 0 1073779962 0 0 0 17 2 0 0 0 0 0 367053689224 367053689384 367741341696 549094115954 549094116001 549094116001 549094117345 0
T 61513.87
P 9392 6624 20010055 appspawn-x
9392 (com.example.hel) S 6624 0 0 0 -1 4194624 46233 0 31 0 109 71 0 0 0 -20 34 0 6151103 4043120640 71728 18446744073709551615 367053612564 367053678288 549094111520 0 0 0 4612 0 1073779962 0 0 0 17 2 0 0 0 0 0 367053689224 367053689384 367741341696 549094115954 549094116001 549094116001 549094117345 0
T 61514.06
P 9392 6624 20010055 appspawn-x
9392 (com.example.hel) S 6624 0 0 0 -1 4194624 46233 0 31 0 109 71 0 0 0 -20 34 0 6151103 4043120640 71728 18446744073709551615 367053612564 367053678288 549094111520 0 0 0 4612 0 1073779962 0 0 0 17 2 0 0 0 0 0 367053689224 367053689384 367741341696 549094115954 549094116001 549094116001 549094117345 0
T 61514.22
P 9392 6624 20010055 appspawn-x
9392 (com.example.hel) S 6624 0 0 0 -1 4194624 46244 0 31 0 110 71 0 0 0 -20 34 0 6151103 4043120640 71728 18446744073709551615 367053612564 367053678288 549094111520 0 0 0 4612 0 1073779962 0 0 0 17 2 0 0 0 0 0 367053689224 367053689384 367741341696 549094115954 549094116001 549094116001 549094117345 0
T 61514.38
P 9392 6624 20010055 appspawn-x
9392 (com.example.hel) S 6624 0 0 0 -1 4194624 46244 0 31 0 110 71 0 0 0 -20 34 0 6151103 4043120640 71728 18446744073709551615 367053612564 367053678288 549094111520 0 0 0 4612 0 1073779962 0 0 0 17 2 0 0 0 0 0 367053689224 367053689384 367741341696 549094115954 549094116001 549094116001 549094117345 0
T 61514.55
P 9392 6624 20010055 appspawn-x
9392 (com.example.hel) S 6624 0 0 0 -1 4194624 46245 0 31 0 110 71 0 0 0 -20 34 0 6151103 4043120640 71728 18446744073709551615 367053612564 367053678288 549094111520 0 0 0 4612 0 1073779962 0 0 0 17 2 0 0 0 0 0 367053689224 367053689384 367741341696 549094115954 549094116001 549094116001 549094117345 0
T 61514.72
P 9392 6624 20010055 appspawn-x
9392 (com.example.hel) S 6624 0 0 0 -1 4194624 46245 0 31 0 110 71 0 0 0 -20 34 0 6151103 4043120640 71728 18446744073709551615 367053612564 367053678288 549094111520 0 0 0 4612 0 1073779962 0 0 0 17 2 0 0 0 0 0 367053689224 367053689384 367741341696 549094115954 549094116001 549094116001 549094117345 0
T 61514.88
P 9392 6624 20010055 appspawn-x
9392 (com.example.hel) S 6624 0 0 0 -1 4194624 46245 0 31 0 110 71 0 0 0 -20 34 0 6151103 4043120640 71728 18446744073709551615 367053612564 367053678288 549094111520 0 0 0 4612 0 1073779962 0 0 0 17 2 0 0 0 0 0 367053689224 367053689384 367741341696 549094115954 549094116001 549094116001 549094117345 0
T 61515.04
P 9392 6624 20010055 appspawn-x
9392 (com.example.hel) S 6624 0 0 0 -1 4194624 46245 0 31 0 110 71 0 0 0 -20 34 0 6151103 4043120640 71728 18446744073709551615 367053612564 367053678288 549094111520 0 0 0 4612 0 1073779962 0 0 0 17 2 0 0 0 0 0 367053689224 367053689384 367741341696 549094115954 549094116001 549094116001 549094117345 0
T 61515.19
P 9392 6624 20010055 appspawn-x
9392 (com.example.hel) S 6624 0 0 0 -1 4194624 46245 0 31 0 110 71 0 0 0 -20 34 0 6151103 4043120640 71728 18446744073709551615 367053612564 367053678288 549094111520 0 0 0 4612 0 1073779962 0 0 0 17 2 0 0 0 0 0 367053689224 367053689384 367741341696 549094115954 549094116001 549094116001 549094117345 0
T 61515.35
P 9392 6624 20010055 appspawn-x
9392 (com.example.hel) S 6624 0 0 0 -1 4194624 46245 0 31 0 110 71 0 0 0 -20 34 0 6151103 4043120640 71728 18446744073709551615 367053612564 367053678288 549094111520 0 0 0 4612 0 1073779962 0 0 0 17 2 0 0 0 0 0 367053689224 367053689384 367741341696 549094115954 549094116001 549094116001 549094117345 0
T 61515.51
P 9392 6624 20010055 appspawn-x
9392 (com.example.hel) S 6624 0 0 0 -1 4194624 46245 0 31 0 110 71 0 0 0 -20 34 0 6151103 4043120640 71728 18446744073709551615 367053612564 367053678288 549094111520 0 0 0 4612 0 1073779962 0 0 0 17 2 0 0 0 0 0 367053689224 367053689384 367741341696 549094115954 549094116001 549094116001 549094117345 0
T 61515.66
P 9392 6624 20010055 appspawn-x
9392 (com.example.hel) S 6624 0 0 0 -1 4194624 46255 0 31 0 110 72 0 0 0 -20 34 0 6151103 4043120640 71728 18446744073709551615 367053612564 367053678288 549094111520 0 0 0 4612 0 1073779962 0 0 0 17 2 0 0 0 0 0 367053689224 367053689384 367741341696 549094115954 549094116001 549094116001 549094117345 0
T 61515.82
P 9392 6624 20010055 appspawn-x
9392 (com.example.hel) S 6624 0 0 0 -1 4194624 46255 0 31 0 110 72 0 0 0 -20 34 0 6151103 4043120640 71728 18446744073709551615 367053612564 367053678288 549094111520 0 0 0 4612 0 1073779962 0 0 0 17 2 0 0 0 0 0 367053689224 367053689384 367741341696 549094115954 549094116001 549094116001 549094117345 0
T 61515.98
P 9392 6624 20010055 appspawn-x
9392 (com.example.hel) S 6624 0 0 0 -1 4194624 46255 0 31 0 110 72 0 0 0 -20 34 0 6151103 4043120640 71728 18446744073709551615 367053612564 367053678288 549094111520 0 0 0 4612 0 1073779962 0 0 0 17 2 0 0 0 0 0 367053689224 367053689384 367741341696 549094115954 549094116001 549094116001 549094117345 0
T 61516.14
P 9392 6624 20010055 appspawn-x
9392 (com.example.hel) S 6624 0 0 0 -1 4194624 46255 0 31 0 110 72 0 0 0 -20 34 0 6151103 4043120640 71728 18446744073709551615 367053612564 367053678288 549094111520 0 0 0 4612 0 1073779962 0 0 0 17 2 0 0 0 0 0 367053689224 367053689384 367741341696 549094115954 549094116001 549094116001 549094117345 0
T 61516.31
P 9392 6624 20010055 appspawn-x
9392 (com.example.hel) S 6624 0 0 0 -1 4194624 46255 0 31 0 110 72 0 0 0 -20 34 0 6151103 4043120640 71728 18446744073709551615 367053612564 367053678288 549094111520 0 0 0 4612 0 1073779962 0 0 0 17 2 0 0 0 0 0 367053689224 367053689384 367741341696 549094115954 549094116001 549094116001 549094117345 0
T 61516.48
P 9392 6624 20010055 appspawn-x
9392 (com.example.hel) S 6624 0 0 0 -1 4194624 46255 0 31 0 110 72 0 0 0 -20 34 0 6151103 4043120640 71728 18446744073709551615 367053612564 367053678288 549094111520 0 0 0 4612 0 1073779962 0 0 0 17 2 0 0 0 0 0 367053689224 367053689384 367741341696 549094115954 549094116001 549094116001 549094117345 0
T 61516.64
P 9392 6624 20010055 appspawn-x
9392 (com.example.hel) S 6624 0 0 0 -1 4194624 46255 0 31 0 110 72 0 0 0 -20 34 0 6151103 4043120640 71728 18446744073709551615 367053612564 367053678288 549094111520 0 0 0 4612 0 1073779962 0 0 0 17 2 0 0 0 0 0 367053689224 367053689384 367741341696 549094115954 549094116001 549094116001 549094117345 0
T 61516.81
P 9392 6624 20010055 appspawn-x
9392 (com.example.hel) S 6624 0 0 0 -1 4194624 46255 0 31 0 110 72 0 0 0 -20 34 0 6151103 4043120640 71728 18446744073709551615 367053612564 367053678288 549094111520 0 0 0 4612 0 1073779962 0 0 0 17 2 0 0 0 0 0 367053689224 367053689384 367741341696 549094115954 549094116001 549094116001 549094117345 0
T 61516.99
P 9392 6624 20010055 appspawn-x
9392 (com.example.hel) S 6624 0 0 0 -1 4194624 46255 0 31 0 110 72 0 0 0 -20 34 0 6151103 4043120640 71728 18446744073709551615 367053612564 367053678288 549094111520 0 0 0 4612 0 1073779962 0 0 0 17 2 0 0 0 0 0 367053689224 367053689384 367741341696 549094115954 549094116001 549094116001 549094117345 0
T 61517.21
P 9392 6624 20010055 appspawn-x
9392 (com.example.hel) S 6624 0 0 0 -1 4194624 46255 0 31 0 110 72 0 0 0 -20 34 0 6151103 4043120640 71728 18446744073709551615 367053612564 367053678288 549094111520 0 0 0 4612 0 1073779962 0 0 0 17 2 0 0 0 0 0 367053689224 367053689384 367741341696 549094115954 549094116001 549094116001 549094117345 0
T 61517.42
P 9392 6624 20010055 appspawn-x
9392 (com.example.hel) S 6624 0 0 0 -1 4194624 46255 0 31 0 110 72 0 0 0 -20 34 0 6151103 4043120640 71728 18446744073709551615 367053612564 367053678288 549094111520 0 0 0 4612 0 1073779962 0 0 0 17 2 0 0 0 0 0 367053689224 367053689384 367741341696 549094115954 549094116001 549094116001 549094117345 0
T 61517.58
P 9392 6624 20010055 appspawn-x
9392 (com.example.hel) S 6624 0 0 0 -1 4194624 46255 0 31 0 110 72 0 0 0 -20 34 0 6151103 4043120640 71724 18446744073709551615 367053612564 367053678288 549094111520 0 0 0 4612 0 1073779962 0 0 0 17 2 0 0 0 0 0 367053689224 367053689384 367741341696 549094115954 549094116001 549094116001 549094117345 0
T 61517.73
P 9392 6624 20010055 appspawn-x
9392 (com.example.hel) S 6624 0 0 0 -1 4194624 46280 0 31 0 111 72 0 0 0 -20 34 0 6151103 4043120640 71893 18446744073709551615 367053612564 367053678288 549094111520 0 0 0 4612 0 1073779962 0 0 0 17 2 0 0 0 0 0 367053689224 367053689384 367741341696 549094115954 549094116001 549094116001 549094117345 0
T 61517.92
P 9392 6624 20010055 appspawn-x
9392 (com.example.hel) S 6624 0 0 0 -1 4194624 46280 0 31 0 111 72 0 0 0 -20 34 0 6151103 4043120640 71893 18446744073709551615 367053612564 367053678288 549094111520 0 0 0 4612 0 1073779962 0 0 0 17 2 0 0 0 0 0 367053689224 367053689384 367741341696 549094115954 549094116001 549094116001 549094117345 0
T 61518.10
P 9392 6624 20010055 appspawn-x
9392 (com.example.hel) S 6624 0 0 0 -1 4194624 46280 0 31 0 111 72 0 0 0 -20 34 0 6151103 4043120640 71893 18446744073709551615 367053612564 367053678288 549094111520 0 0 0 4612 0 1073779962 0 0 0 17 2 0 0 0 0 0 367053689224 367053689384 367741341696 549094115954 549094116001 549094116001 549094117345 0
T 61518.30
P 9392 6624 20010055 appspawn-x
9392 (com.example.hel) S 6624 0 0 0 -1 4194624 46280 0 31 0 111 72 0 0 0 -20 34 0 6151103 4043120640 71893 18446744073709551615 367053612564 367053678288 549094111520 0 0 0 4612 0 1073779962 0 0 0 17 2 0 0 0 0 0 367053689224 367053689384 367741341696 549094115954 549094116001 549094116001 549094117345 0
T 61518.49
P 9392 6624 20010055 appspawn-x
9392 (com.example.hel) S 6624 0 0 0 -1 4194624 46280 0 31 0 111 72 0 0 0 -20 34 0 6151103 4043120640 71893 18446744073709551615 367053612564 367053678288 549094111520 0 0 0 4612 0 1073779962 0 0 0 17 2 0 0 0 0 0 367053689224 367053689384 367741341696 549094115954 549094116001 549094116001 549094117345 0
T 61518.68
P 9392 6624 20010055 appspawn-x
9392 (com.example.hel) S 6624 0 0 0 -1 4194624 46280 0 31 0 111 72 0 0 0 -20 34 0 6151103 4043120640 71893 18446744073709551615 367053612564 367053678288 549094111520 0 0 0 4612 0 1073779962 0 0 0 17 2 0 0 0 0 0 367053689224 367053689384 367741341696 549094115954 549094116001 549094116001 549094117345 0
T 61518.88
P 9392 6624 20010055 appspawn-x
9392 (com.example.hel) S 6624 0 0 0 -1 4194624 46280 0 31 0 111 72 0 0 0 -20 34 0 6151103 4043120640 71893 18446744073709551615 367053612564 367053678288 549094111520 0 0 0 4612 0 1073779962 0 0 0 17 2 0 0 0 0 0 367053689224 367053689384 367741341696 549094115954 549094116001 549094116001 549094117345 0
T 61519.05
P 9392 6624 20010055 appspawn-x
9392 (com.example.hel) S 6624 0 0 0 -1 4194624 46280 0 31 0 111 72 0 0 0 -20 34 0 6151103 4043120640 71893 18446744073709551615 367053612564 367053678288 549094111520 0 0 0 4612 0 1073779962 0 0 0 17 2 0 0 0 0 0 367053689224 367053689384 367741341696 549094115954 549094116001 549094116001 549094117345 0
T 61519.23
P 9392 6624 20010055 appspawn-x
9392 (com.example.hel) S 6624 0 0 0 -1 4194624 46280 0 31 0 111 72 0 0 0 -20 34 0 6151103 4043120640 71893 18446744073709551615 367053612564 367053678288 549094111520 0 0 0 4612 0 1073779962 0 0 0 17 2 0 0 0 0 0 367053689224 367053689384 367741341696 549094115954 549094116001 549094116001 549094117345 0
T 61519.42
P 9392 6624 20010055 appspawn-x
9392 (com.example.hel) S 6624 0 0 0 -1 4194624 46280 0 31 0 111 72 0 0 0 -20 34 0 6151103 4043120640 71893 18446744073709551615 367053612564 367053678288 549094111520 0 0 0 4612 0 1073779962 0 0 0 17 2 0 0 0 0 0 367053689224 367053689384 367741341696 549094115954 549094116001 549094116001 549094117345 0
T 61519.62
P 9392 6624 20010055 appspawn-x
9392 (com.example.hel) S 6624 0 0 0 -1 4194624 46280 0 31 0 111 72 0 0 0 -20 34 0 6151103 4043120640 71893 18446744073709551615 367053612564 367053678288 549094111520 0 0 0 4612 0 1073779962 0 0 0 17 2 0 0 0 0 0 367053689224 367053689384 367741341696 549094115954 549094116001 549094116001 549094117345 0
T 61519.80
P 9392 6624 20010055 appspawn-x
9392 (com.example.hel) S 6624 0 0 0 -1 4194624 46280 0 31 0 111 72 0 0 0 -20 34 0 6151103 4043120640 71893 18446744073709551615 367053612564 367053678288 549094111520 0 0 0 4612 0 1073779962 0 0 0 17 2 0 0 0 0 0 367053689224 367053689384 367741341696 549094115954 549094116001 549094116001 549094117345 0
T 61519.98
P 9392 6624 20010055 appspawn-x
9392 (com.example.hel) S 6624 0 0 0 -1 4194624 46280 0 31 0 111 72 0 0 0 -20 34 0 6151103 4043120640 71893 18446744073709551615 367053612564 367053678288 549094111520 0 0 0 4612 0 1073779962 0 0 0 17 2 0 0 0 0 0 367053689224 367053689384 367741341696 549094115954 549094116001 549094116001 549094117345 0
T 61520.16
P 9392 6624 20010055 appspawn-x
9392 (com.example.hel) S 6624 0 0 0 -1 4194624 46280 0 31 0 111 72 0 0 0 -20 34 0 6151103 4043120640 71893 18446744073709551615 367053612564 367053678288 549094111520 0 0 0 4612 0 1073779962 0 0 0 17 2 0 0 0 0 0 367053689224 367053689384 367741341696 549094115954 549094116001 549094116001 549094117345 0
T 61520.36
P 9392 6624 20010055 appspawn-x
9392 (com.example.hel) S 6624 0 0 0 -1 4194624 46280 0 31 0 111 72 0 0 0 -20 34 0 6151103 4043120640 71893 18446744073709551615 367053612564 367053678288 549094111520 0 0 0 4612 0 1073779962 0 0 0 17 2 0 0 0 0 0 367053689224 367053689384 367741341696 549094115954 549094116001 549094116001 549094117345 0
T 61520.54
P 9392 6624 20010055 appspawn-x
9392 (com.example.hel) R 6624 0 0 0 -1 4194624 46280 0 31 0 111 72 0 0 0 -20 34 0 6151103 4043120640 71893 18446744073709551615 367053612564 367053678288 549094111520 0 0 0 4612 0 1073779962 0 0 0 17 4 0 0 0 0 0 367053689224 367053689384 367741341696 549094115954 549094116001 549094116001 549094117345 0
T 61520.73
P 9392 6624 20010055 appspawn-x
9392 (com.example.hel) S 6624 0 0 0 -1 4194624 46342 0 31 0 112 72 0 0 0 -20 34 0 6151103 4043120640 71850 18446744073709551615 367053612564 367053678288 549094111520 0 0 0 4612 0 1073779962 0 0 0 17 4 0 0 0 0 0 367053689224 367053689384 367741341696 549094115954 549094116001 549094116001 549094117345 0
T 61520.91
P 9392 6624 20010055 appspawn-x
9392 (com.example.hel) S 6624 0 0 0 -1 4194624 46342 0 31 0 112 72 0 0 0 -20 34 0 6151103 4043120640 71850 18446744073709551615 367053612564 367053678288 549094111520 0 0 0 4612 0 1073779962 0 0 0 17 4 0 0 0 0 0 367053689224 367053689384 367741341696 549094115954 549094116001 549094116001 549094117345 0
T 61521.08
P 9392 6624 20010055 appspawn-x
9392 (com.example.hel) S 6624 0 0 0 -1 4194624 46342 0 31 0 112 72 0 0 0 -20 34 0 6151103 4043120640 71850 18446744073709551615 367053612564 367053678288 549094111520 0 0 0 4612 0 1073779962 0 0 0 17 4 0 0 0 0 0 367053689224 367053689384 367741341696 549094115954 549094116001 549094116001 549094117345 0
T 61521.25
P 9392 6624 20010055 appspawn-x
9392 (com.example.hel) S 6624 0 0 0 -1 4194624 46342 0 31 0 112 72 0 0 0 -20 34 0 6151103 4043120640 71850 18446744073709551615 367053612564 367053678288 549094111520 0 0 0 4612 0 1073779962 0 0 0 17 4 0 0 0 0 0 367053689224 367053689384 367741341696 549094115954 549094116001 549094116001 549094117345 0
T 61521.44
P 9392 6624 20010055 appspawn-x
9392 (com.example.hel) S 6624 0 0 0 -1 4194624 46342 0 31 0 112 72 0 0 0 -20 34 0 6151103 4043120640 71850 18446744073709551615 367053612564 367053678288 549094111520 0 0 0 4612 0 1073779962 0 0 0 17 4 0 0 0 0 0 367053689224 367053689384 367741341696 549094115954 549094116001 549094116001 549094117345 0
T 61521.61
P 9392 6624 20010055 appspawn-x
9392 (com.example.hel) S 6624 0 0 0 -1 4194624 46342 0 31 0 112 72 0 0 0 -20 34 0 6151103 4043120640 71850 18446744073709551615 367053612564 367053678288 549094111520 0 0 0 4612 0 1073779962 0 0 0 17 4 0 0 0 0 0 367053689224 367053689384 367741341696 549094115954 549094116001 549094116001 549094117345 0
T 61521.80
P 9392 6624 20010055 appspawn-x
9392 (com.example.hel) S 6624 0 0 0 -1 4194624 46342 0 31 0 112 72 0 0 0 -20 34 0 6151103 4043120640 71850 18446744073709551615 367053612564 367053678288 549094111520 0 0 0 4612 0 1073779962 0 0 0 17 4 0 0 0 0 0 367053689224 367053689384 367741341696 549094115954 549094116001 549094116001 549094117345 0
T 61522.00
P 9392 6624 20010055 appspawn-x
9392 (com.example.hel) S 6624 0 0 0 -1 4194624 46342 0 31 0 112 72 0 0 0 -20 34 0 6151103 4043120640 71850 18446744073709551615 367053612564 367053678288 549094111520 0 0 0 4612 0 1073779962 0 0 0 17 4 0 0 0 0 0 367053689224 367053689384 367741341696 549094115954 549094116001 549094116001 549094117345 0
T 61522.18
P 9392 6624 20010055 appspawn-x
9392 (com.example.hel) S 6624 0 0 0 -1 4194624 46342 0 31 0 112 72 0 0 0 -20 34 0 6151103 4043120640 71850 18446744073709551615 367053612564 367053678288 549094111520 0 0 0 4612 0 1073779962 0 0 0 17 4 0 0 0 0 0 367053689224 367053689384 367741341696 549094115954 549094116001 549094116001 549094117345 0
T 61522.37
P 9392 6624 20010055 appspawn-x
9392 (com.example.hel) S 6624 0 0 0 -1 4194624 46342 0 31 0 112 72 0 0 0 -20 34 0 6151103 4043120640 71850 18446744073709551615 367053612564 367053678288 549094111520 0 0 0 4612 0 1073779962 0 0 0 17 4 0 0 0 0 0 367053689224 367053689384 367741341696 549094115954 549094116001 549094116001 549094117345 0
T 61522.56
P 9392 6624 20010055 appspawn-x
9392 (com.example.hel) S 6624 0 0 0 -1 4194624 46342 0 31 0 112 72 0 0 0 -20 34 0 6151103 4043120640 71850 18446744073709551615 367053612564 367053678288 549094111520 0 0 0 4612 0 1073779962 0 0 0 17 4 0 0 0 0 0 367053689224 367053689384 367741341696 549094115954 549094116001 549094116001 549094117345 0
T 61522.76
P 9392 6624 20010055 appspawn-x
9392 (com.example.hel) S 6624 0 0 0 -1 4194624 46342 0 31 0 112 72 0 0 0 -20 34 0 6151103 4043120640 71850 18446744073709551615 367053612564 367053678288 549094111520 0 0 0 4612 0 1073779962 0 0 0 17 4 0 0 0 0 0 367053689224 367053689384 367741341696 549094115954 549094116001 549094116001 549094117345 0
T 61522.96
P 9392 6624 20010055 appspawn-x
9392 (com.example.hel) S 6624 0 0 0 -1 4194624 46342 0 31 0 112 72 0 0 0 -20 34 0 6151103 4043120640 71850 18446744073709551615 367053612564 367053678288 549094111520 0 0 0 4612 0 1073779962 0 0 0 17 4 0 0 0 0 0 367053689224 367053689384 367741341696 549094115954 549094116001 549094116001 549094117345 0
T 61523.11
P 9392 6624 20010055 appspawn-x
9392 (com.example.hel) S 6624 0 0 0 -1 4194624 46342 0 31 0 112 72 0 0 0 -20 34 0 6151103 4043120640 71850 18446744073709551615 367053612564 367053678288 549094111520 0 0 0 4612 0 1073779962 0 0 0 17 4 0 0 0 0 0 367053689224 367053689384 367741341696 549094115954 549094116001 549094116001 549094117345 0
T 61523.29
P 9392 6624 20010055 appspawn-x
9392 (com.example.hel) S 6624 0 0 0 -1 4194624 46342 0 31 0 112 72 0 0 0 -20 34 0 6151103 4043120640 71850 18446744073709551615 367053612564 367053678288 549094111520 0 0 0 4612 0 1073779962 0 0 0 17 4 0 0 0 0 0 367053689224 367053689384 367741341696 549094115954 549094116001 549094116001 549094117345 0
T 61523.48
P 9392 6624 20010055 appspawn-x
9392 (com.example.hel) S 6624 0 0 0 -1 4194624 46342 0 31 0 112 72 0 0 0 -20 34 0 6151103 4043120640 71850 18446744073709551615 367053612564 367053678288 549094111520 0 0 0 4612 0 1073779962 0 0 0 17 4 0 0 0 0 0 367053689224 367053689384 367741341696 549094115954 549094116001 549094116001 549094117345 0
T 61523.66
P 9392 6624 20010055 appspawn-x
9392 (com.example.hel) S 6624 0 0 0 -1 4194624 46342 0 31 0 112 72 0 0 0 -20 34 0 6151103 4043120640 71850 18446744073709551615 367053612564 367053678288 549094111520 0 0 0 4612 0 1073779962 0 0 0 17 4 0 0 0 0 0 367053689224 367053689384 367741341696 549094115954 549094116001 549094116001 549094117345 0
T 61523.85
P 9392 6624 20010055 appspawn-x
9392 (com.example.hel) S 6624 0 0 0 -1 4194624 46342 0 31 0 112 72 0 0 0 -20 34 0 6151103 4043120640 71850 18446744073709551615 367053612564 367053678288 549094111520 0 0 0 4612 0 1073779962 0 0 0 17 4 0 0 0 0 0 367053689224 367053689384 367741341696 549094115954 549094116001 549094116001 549094117345 0
T 61524.04
P 9392 6624 20010055 appspawn-x
9392 (com.example.hel) S 6624 0 0 0 -1 4194624 46342 0 31 0 112 72 0 0 0 -20 34 0 6151103 4043120640 71850 18446744073709551615 367053612564 367053678288 549094111520 0 0 0 4612 0 1073779962 0 0 0 17 4 0 0 0 0 0 367053689224 367053689384 367741341696 549094115954 549094116001 549094116001 549094117345 0
T 61524.24
P 9392 6624 20010055 appspawn-x
9392 (com.example.hel) S 6624 0 0 0 -1 4194624 46342 0 31 0 112 72 0 0 0 -20 34 0 6151103 4043120640 71850 18446744073709551615 367053612564 367053678288 549094111520 0 0 0 4612 0 1073779962 0 0 0 17 4 0 0 0 0 0 367053689224 367053689384 367741341696 549094115954 549094116001 549094116001 549094117345 0
T 61524.41
P 9392 6624 20010055 appspawn-x
9392 (com.example.hel) S 6624 0 0 0 -1 4194624 46342 0 31 0 112 72 0 0 0 -20 34 0 6151103 4043120640 71850 18446744073709551615 367053612564 367053678288 549094111520 0 0 0 4612 0 1073779962 0 0 0 17 4 0 0 0 0 0 367053689224 367053689384 367741341696 549094115954 549094116001 549094116001 549094117345 0
T 61524.58
P 9392 6624 20010055 appspawn-x
9392 (com.example.hel) S 6624 0 0 0 -1 4194624 46342 0 31 0 112 72 0 0 0 -20 34 0 6151103 4043120640 71850 18446744073709551615 367053612564 367053678288 549094111520 0 0 0 4612 0 1073779962 0 0 0 17 4 0 0 0 0 0 367053689224 367053689384 367741341696 549094115954 549094116001 549094116001 549094117345 0
T 61524.78
P 9392 6624 20010055 appspawn-x
9392 (com.example.hel) S 6624 0 0 0 -1 4194624 46342 0 31 0 112 72 0 0 0 -20 34 0 6151103 4043120640 71850 18446744073709551615 367053612564 367053678288 549094111520 0 0 0 4612 0 1073779962 0 0 0 17 4 0 0 0 0 0 367053689224 367053689384 367741341696 549094115954 549094116001 549094116001 549094117345 0
T 61524.96
P 9392 6624 20010055 appspawn-x
9392 (com.example.hel) S 6624 0 0 0 -1 4194624 46342 0 31 0 112 72 0 0 0 -20 34 0 6151103 4043120640 71850 18446744073709551615 367053612564 367053678288 549094111520 0 0 0 4612 0 1073779962 0 0 0 17 4 0 0 0 0 0 367053689224 367053689384 367741341696 549094115954 549094116001 549094116001 549094117345 0
T 61525.13
P 9392 6624 20010055 appspawn-x
9392 (com.example.hel) S 6624 0 0 0 -1 4194624 46342 0 31 0 112 72 0 0 0 -20 34 0 6151103 4043120640 71850 18446744073709551615 367053612564 367053678288 549094111520 0 0 0 4612 0 1073779962 0 0 0 17 4 0 0 0 0 0 367053689224 367053689384 367741341696 549094115954 549094116001 549094116001 549094117345 0
T 61525.30
P 9392 6624 20010055 appspawn-x
9392 (com.example.hel) S 6624 0 0 0 -1 4194624 46342 0 31 0 112 72 0 0 0 -20 34 0 6151103 4043120640 71850 18446744073709551615 367053612564 367053678288 549094111520 0 0 0 4612 0 1073779962 0 0 0 17 4 0 0 0 0 0 367053689224 367053689384 367741341696 549094115954 549094116001 549094116001 549094117345 0
T 61525.47
P 9392 6624 20010055 appspawn-x
9392 (com.example.hel) S 6624 0 0 0 -1 4194624 46342 0 31 0 112 72 0 0 0 -20 34 0 6151103 4043120640 71850 18446744073709551615 367053612564 367053678288 549094111520 0 0 0 4612 0 1073779962 0 0 0 17 4 0 0 0 0 0 367053689224 367053689384 367741341696 549094115954 549094116001 549094116001 549094117345 0
T 61525.64
P 9392 6624 20010055 appspawn-x
9392 (com.example.hel) S 6624 0 0 0 -1 4194624 46342 0 31 0 112 73 0 0 0 -20 34 0 6151103 4043120640 71723 18446744073709551615 367053612564 367053678288 549094111520 0 0 0 4612 0 1073779962 0 0 0 17 4 0 0 0 0 0 367053689224 367053689384 367741341696 549094115954 549094116001 549094116001 549094117345 0
T 61525.81
P 9392 6624 20010055 appspawn-x
9392 (com.example.hel) S 6624 0 0 0 -1 4194624 46342 0 31 0 112 73 0 0 0 -20 34 0 6151103 4043120640 71723 18446744073709551615 367053612564 367053678288 549094111520 0 0 0 4612 0 1073779962 0 0 0 17 4 0 0 0 0 0 367053689224 367053689384 367741341696 549094115954 549094116001 549094116001 549094117345 0
T 61525.98
P 9392 6624 20010055 appspawn-x
9392 (com.example.hel) S 6624 0 0 0 -1 4194624 46342 0 31 0 112 73 0 0 0 -20 34 0 6151103 4043120640 71723 18446744073709551615 367053612564 367053678288 549094111520 0 0 0 4612 0 1073779962 0 0 0 17 4 0 0 0 0 0 367053689224 367053689384 367741341696 549094115954 549094116001 549094116001 549094117345 0
T 61526.14
P 9392 6624 20010055 appspawn-x
9392 (com.example.hel) S 6624 0 0 0 -1 4194624 46342 0 31 0 112 73 0 0 0 -20 34 0 6151103 4043120640 71723 18446744073709551615 367053612564 367053678288 549094111520 0 0 0 4612 0 1073779962 0 0 0 17 4 0 0 0 0 0 367053689224 367053689384 367741341696 549094115954 549094116001 549094116001 549094117345 0
T 61526.34
P 9392 6624 20010055 appspawn-x
9392 (com.example.hel) S 6624 0 0 0 -1 4194624 46342 0 31 0 112 73 0 0 0 -20 34 0 6151103 4043120640 71723 18446744073709551615 367053612564 367053678288 549094111520 0 0 0 4612 0 1073779962 0 0 0 17 4 0 0 0 0 0 367053689224 367053689384 367741341696 549094115954 549094116001 549094116001 549094117345 0
T 61526.54
P 9392 6624 20010055 appspawn-x
9392 (com.example.hel) S 6624 0 0 0 -1 4194624 46342 0 31 0 112 73 0 0 0 -20 34 0 6151103 4043120640 71723 18446744073709551615 367053612564 367053678288 549094111520 0 0 0 4612 0 1073779962 0 0 0 17 4 0 0 0 0 0 367053689224 367053689384 367741341696 549094115954 549094116001 549094116001 549094117345 0
