T 60220.38
T 60220.57
T 60220.77
T 60220.97
P 20224 19220 20010055 appspawn-x
20224 (mple.helloworld) R 19220 0 0 0 -1 4194624 252 0 0 0 11 2 0 0 0 -20 1 0 6022091 2197676032 1628 18446744073709551615 367183967764 367184033488 548759537920 0 0 0 0 4096 1073775866 0 0 0 17 6 0 0 0 0 0 367184044424 367184044584 367986057216 548759542386 548759542433 548759542433 548759543777 0
T 60221.17
P 20224 19220 20010055 appspawn-x
20224 (mple.helloworld) R 19220 0 0 0 -1 4194624 12030 0 0 0 16 16 0 0 0 -20 1 0 6022091 2456219648 14632 18446744073709551615 367183967764 367184033488 548759537920 0 0 0 0 4096 1073775866 0 0 0 17 7 0 0 0 0 0 367184044424 367184044584 367986057216 548759542386 548759542433 548759542433 548759543777 0
T 60221.36
P 20224 19220 20010055 appspawn-x
20224 (main) R 19220 0 0 0 -1 4194624 15025 0 0 0 18 27 0 0 0 -20 10 0 6022091 3515457536 22800 18446744073709551615 367183967764 367184033488 548759537920 0 0 0 4612 0 1073779962 0 0 0 17 7 0 0 0 0 0 367184044424 367184044584 367986057216 548759542386 548759542433 548759542433 548759543777 0
T 60221.56
P 20224 19220 20010055 appspawn-x
20224 (main) R 19220 0 0 0 -1 4194624 17408 0 0 0 35 30 0 0 0 -20 10 0 6022091 3521142784 27842 18446744073709551615 367183967764 367184033488 548759537920 0 0 0 4612 0 1073779962 0 0 0 17 7 0 0 0 0 0 367184044424 367184044584 367986057216 548759542386 548759542433 548759542433 548759543777 0
T 60221.76
P 20224 19220 20010055 appspawn-x
20224 (main) R 19220 0 0 0 -1 4194624 21759 0 0 0 48 37 0 0 0 -20 10 0 6022091 3670913024 50378 18446744073709551615 367183967764 367184033488 548759537920 0 0 0 4612 0 1073779962 0 0 0 17 7 0 0 0 0 0 367184044424 367184044584 367986057216 548759542386 548759542433 548759542433 548759543777 0
T 60221.96
P 20224 19220 20010055 appspawn-x
20224 (com.example.hel) R 19220 0 0 0 -1 4194624 29694 0 0 0 61 43 0 0 0 -20 12 0 6022091 3716837376 58395 18446744073709551615 367183967764 367184033488 548759537920 0 0 0 4612 0 1073779962 0 0 0 17 7 0 0 0 0 0 367184044424 367184044584 367986057216 548759542386 548759542433 548759542433 548759543777 0
T 60222.16
P 20224 19220 20010055 appspawn-x
20224 (com.example.hel) R 19220 0 0 0 -1 4194624 37679 0 0 0 74 50 0 0 0 -20 12 0 6022091 3743252480 64772 18446744073709551615 367183967764 367184033488 548759537920 0 0 0 4612 0 1073779962 0 0 0 17 7 0 0 0 0 0 367184044424 367184044584 367986057216 548759542386 548759542433 548759542433 548759543777 0
T 60222.36
P 20224 19220 20010055 appspawn-x
20224 (com.example.hel) R 19220 0 0 0 -1 4194624 40000 0 0 0 89 55 0 0 0 -20 13 0 6022091 3725459456 57885 18446744073709551615 367183967764 367184033488 548759537920 0 0 0 4612 0 1073779962 0 0 0 17 7 0 0 0 0 0 367184044424 367184044584 367986057216 548759542386 548759542433 548759542433 548759543777 0
T 60222.56
P 20224 19220 20010055 appspawn-x
20224 (com.example.hel) S 19220 0 0 0 -1 1077936448 41798 0 0 0 97 65 0 0 0 -20 19 0 6022091 3831119872 64673 18446744073709551615 367183967764 367184033488 548759537920 0 0 0 4612 0 1073779962 0 0 0 17 6 0 0 0 0 0 367184044424 367184044584 367986057216 548759542386 548759542433 548759542433 548759543777 0
T 60222.77
P 20224 19220 20010055 appspawn-x
20224 (com.example.hel) S 19220 0 0 0 -1 1077936448 45256 0 0 0 103 73 0 0 0 -20 33 0 6022091 3997937664 71116 18446744073709551615 367183967764 367184033488 548759537920 0 0 0 4612 0 1073779962 0 0 0 17 4 0 0 0 0 0 367184044424 367184044584 367986057216 548759542386 548759542433 548759542433 548759543777 0
T 60222.94
P 20224 19220 20010055 appspawn-x
20224 (com.example.hel) S 19220 0 0 0 -1 4194624 46205 0 0 0 109 79 0 0 0 -20 34 0 6022091 4044464128 72285 18446744073709551615 367183967764 367184033488 548759537920 0 0 0 4612 0 1073779962 0 0 0 17 7 0 0 0 0 0 367184044424 367184044584 367986057216 548759542386 548759542433 548759542433 548759543777 0
T 60223.12
P 20224 19220 20010055 appspawn-x
20224 (com.example.hel) S 19220 0 0 0 -1 4194624 46216 0 0 0 109 79 0 0 0 -20 34 0 6022091 4044464128 71774 18446744073709551615 367183967764 367184033488 548759537920 0 0 0 4612 0 1073779962 0 0 0 17 4 0 0 0 0 0 367184044424 367184044584 367986057216 548759542386 548759542433 548759542433 548759543777 0
T 60223.30
P 20224 19220 20010055 appspawn-x
20224 (com.example.hel) S 19220 0 0 0 -1 4194624 46216 0 0 0 109 79 0 0 0 -20 34 0 6022091 4044464128 71774 18446744073709551615 367183967764 367184033488 548759537920 0 0 0 4612 0 1073779962 0 0 0 17 4 0 0 0 0 0 367184044424 367184044584 367986057216 548759542386 548759542433 548759542433 548759543777 0
T 60223.48
P 20224 19220 20010055 appspawn-x
20224 (com.example.hel) S 19220 0 0 0 -1 4194624 46216 0 0 0 109 79 0 0 0 -20 34 0 6022091 4043726848 71654 18446744073709551615 367183967764 367184033488 548759537920 0 0 0 4612 0 1073779962 0 0 0 17 7 0 0 0 0 0 367184044424 367184044584 367986057216 548759542386 548759542433 548759542433 548759543777 0
T 60223.68
P 20224 19220 20010055 appspawn-x
20224 (com.example.hel) S 19220 0 0 0 -1 4194624 46216 0 0 0 109 79 0 0 0 -20 34 0 6022091 4043489280 71607 18446744073709551615 367183967764 367184033488 548759537920 0 0 0 4612 0 1073779962 0 0 0 17 7 0 0 0 0 0 367184044424 367184044584 367986057216 548759542386 548759542433 548759542433 548759543777 0
T 60223.86
P 20224 19220 20010055 appspawn-x
20224 (com.example.hel) S 19220 0 0 0 -1 4194624 46216 0 0 0 109 79 0 0 0 -20 34 0 6022091 4043210752 71599 18446744073709551615 367183967764 367184033488 548759537920 0 0 0 4612 0 1073779962 0 0 0 17 7 0 0 0 0 0 367184044424 367184044584 367986057216 548759542386 548759542433 548759542433 548759543777 0
T 60224.06
P 20224 19220 20010055 appspawn-x
20224 (com.example.hel) S 19220 0 0 0 -1 4194624 46220 0 0 0 109 79 0 0 0 -20 34 0 6022091 4043210752 71596 18446744073709551615 367183967764 367184033488 548759537920 0 0 0 4612 0 1073779962 0 0 0 17 7 0 0 0 0 0 367184044424 367184044584 367986057216 548759542386 548759542433 548759542433 548759543777 0
T 60224.24
P 20224 19220 20010055 appspawn-x
20224 (com.example.hel) S 19220 0 0 0 -1 4194624 46220 0 0 0 109 79 0 0 0 -20 34 0 6022091 4043210752 71596 18446744073709551615 367183967764 367184033488 548759537920 0 0 0 4612 0 1073779962 0 0 0 17 7 0 0 0 0 0 367184044424 367184044584 367986057216 548759542386 548759542433 548759542433 548759543777 0
T 60224.44
P 20224 19220 20010055 appspawn-x
20224 (com.example.hel) S 19220 0 0 0 -1 4194624 46221 0 0 0 109 79 0 0 0 -20 34 0 6022091 4043210752 71596 18446744073709551615 367183967764 367184033488 548759537920 0 0 0 4612 0 1073779962 0 0 0 17 7 0 0 0 0 0 367184044424 367184044584 367986057216 548759542386 548759542433 548759542433 548759543777 0
T 60224.62
P 20224 19220 20010055 appspawn-x
20224 (com.example.hel) S 19220 0 0 0 -1 4194624 46221 0 0 0 109 79 0 0 0 -20 34 0 6022091 4043210752 71596 18446744073709551615 367183967764 367184033488 548759537920 0 0 0 4612 0 1073779962 0 0 0 17 7 0 0 0 0 0 367184044424 367184044584 367986057216 548759542386 548759542433 548759542433 548759543777 0
T 60224.81
P 20224 19220 20010055 appspawn-x
20224 (com.example.hel) S 19220 0 0 0 -1 4194624 46221 0 0 0 109 79 0 0 0 -20 34 0 6022091 4043210752 71596 18446744073709551615 367183967764 367184033488 548759537920 0 0 0 4612 0 1073779962 0 0 0 17 7 0 0 0 0 0 367184044424 367184044584 367986057216 548759542386 548759542433 548759542433 548759543777 0
T 60225.00
P 20224 19220 20010055 appspawn-x
20224 (com.example.hel) S 19220 0 0 0 -1 4194624 46221 0 0 0 109 79 0 0 0 -20 34 0 6022091 4043210752 71596 18446744073709551615 367183967764 367184033488 548759537920 0 0 0 4612 0 1073779962 0 0 0 17 7 0 0 0 0 0 367184044424 367184044584 367986057216 548759542386 548759542433 548759542433 548759543777 0
T 60225.19
P 20224 19220 20010055 appspawn-x
20224 (com.example.hel) S 19220 0 0 0 -1 4194624 46221 0 0 0 109 79 0 0 0 -20 34 0 6022091 4043210752 71596 18446744073709551615 367183967764 367184033488 548759537920 0 0 0 4612 0 1073779962 0 0 0 17 7 0 0 0 0 0 367184044424 367184044584 367986057216 548759542386 548759542433 548759542433 548759543777 0
T 60225.38
P 20224 19220 20010055 appspawn-x
20224 (com.example.hel) S 19220 0 0 0 -1 4194624 46221 0 0 0 109 79 0 0 0 -20 34 0 6022091 4043210752 71596 18446744073709551615 367183967764 367184033488 548759537920 0 0 0 4612 0 1073779962 0 0 0 17 7 0 0 0 0 0 367184044424 367184044584 367986057216 548759542386 548759542433 548759542433 548759543777 0
T 60225.56
P 20224 19220 20010055 appspawn-x
20224 (com.example.hel) S 19220 0 0 0 -1 4194624 46226 0 0 0 109 79 0 0 0 -20 34 0 6022091 4043210752 71596 18446744073709551615 367183967764 367184033488 548759537920 0 0 0 4612 0 1073779962 0 0 0 17 7 0 0 0 0 0 367184044424 367184044584 367986057216 548759542386 548759542433 548759542433 548759543777 0
T 60225.75
P 20224 19220 20010055 appspawn-x
20224 (com.example.hel) S 19220 0 0 0 -1 4194624 46226 0 0 0 109 79 0 0 0 -20 34 0 6022091 4043210752 71596 18446744073709551615 367183967764 367184033488 548759537920 0 0 0 4612 0 1073779962 0 0 0 17 7 0 0 0 0 0 367184044424 367184044584 367986057216 548759542386 548759542433 548759542433 548759543777 0
T 60225.94
P 20224 19220 20010055 appspawn-x
20224 (com.example.hel) S 19220 0 0 0 -1 4194624 46226 0 0 0 109 79 0 0 0 -20 34 0 6022091 4043210752 71596 18446744073709551615 367183967764 367184033488 548759537920 0 0 0 4612 0 1073779962 0 0 0 17 7 0 0 0 0 0 367184044424 367184044584 367986057216 548759542386 548759542433 548759542433 548759543777 0
T 60226.13
P 20224 19220 20010055 appspawn-x
20224 (com.example.hel) S 19220 0 0 0 -1 4194624 46226 0 0 0 109 79 0 0 0 -20 34 0 6022091 4043210752 71596 18446744073709551615 367183967764 367184033488 548759537920 0 0 0 4612 0 1073779962 0 0 0 17 7 0 0 0 0 0 367184044424 367184044584 367986057216 548759542386 548759542433 548759542433 548759543777 0
T 60226.29
P 20224 19220 20010055 appspawn-x
20224 (com.example.hel) S 19220 0 0 0 -1 4194624 46226 0 0 0 109 79 0 0 0 -20 34 0 6022091 4043210752 71596 18446744073709551615 367183967764 367184033488 548759537920 0 0 0 4612 0 1073779962 0 0 0 17 7 0 0 0 0 0 367184044424 367184044584 367986057216 548759542386 548759542433 548759542433 548759543777 0
T 60226.48
P 20224 19220 20010055 appspawn-x
20224 (com.example.hel) S 19220 0 0 0 -1 4194624 46226 0 0 0 109 79 0 0 0 -20 34 0 6022091 4043210752 71596 18446744073709551615 367183967764 367184033488 548759537920 0 0 0 4612 0 1073779962 0 0 0 17 7 0 0 0 0 0 367184044424 367184044584 367986057216 548759542386 548759542433 548759542433 548759543777 0
T 60226.66
P 20224 19220 20010055 appspawn-x
20224 (com.example.hel) S 19220 0 0 0 -1 4194624 46226 0 0 0 109 79 0 0 0 -20 34 0 6022091 4043210752 71596 18446744073709551615 367183967764 367184033488 548759537920 0 0 0 4612 0 1073779962 0 0 0 17 7 0 0 0 0 0 367184044424 367184044584 367986057216 548759542386 548759542433 548759542433 548759543777 0
T 60226.82
P 20224 19220 20010055 appspawn-x
20224 (com.example.hel) S 19220 0 0 0 -1 4194624 46226 0 0 0 109 79 0 0 0 -20 34 0 6022091 4043210752 71596 18446744073709551615 367183967764 367184033488 548759537920 0 0 0 4612 0 1073779962 0 0 0 17 7 0 0 0 0 0 367184044424 367184044584 367986057216 548759542386 548759542433 548759542433 548759543777 0
T 60227.00
P 20224 19220 20010055 appspawn-x
20224 (com.example.hel) S 19220 0 0 0 -1 4194624 46226 0 0 0 109 79 0 0 0 -20 34 0 6022091 4043210752 71596 18446744073709551615 367183967764 367184033488 548759537920 0 0 0 4612 0 1073779962 0 0 0 17 7 0 0 0 0 0 367184044424 367184044584 367986057216 548759542386 548759542433 548759542433 548759543777 0
T 60227.16
P 20224 19220 20010055 appspawn-x
20224 (com.example.hel) S 19220 0 0 0 -1 4194624 46226 0 0 0 109 79 0 0 0 -20 34 0 6022091 4043210752 71596 18446744073709551615 367183967764 367184033488 548759537920 0 0 0 4612 0 1073779962 0 0 0 17 7 0 0 0 0 0 367184044424 367184044584 367986057216 548759542386 548759542433 548759542433 548759543777 0
T 60227.34
P 20224 19220 20010055 appspawn-x
20224 (com.example.hel) S 19220 0 0 0 -1 4194624 46226 0 0 0 109 79 0 0 0 -20 34 0 6022091 4043210752 71596 18446744073709551615 367183967764 367184033488 548759537920 0 0 0 4612 0 1073779962 0 0 0 17 7 0 0 0 0 0 367184044424 367184044584 367986057216 548759542386 548759542433 548759542433 548759543777 0
T 60227.52
P 20224 19220 20010055 appspawn-x
20224 (com.example.hel) S 19220 0 0 0 -1 4194624 46248 0 0 0 109 80 0 0 0 -20 34 0 6022091 4043210752 71804 18446744073709551615 367183967764 367184033488 548759537920 0 0 0 4612 0 1073779962 0 0 0 17 7 0 0 0 0 0 367184044424 367184044584 367986057216 548759542386 548759542433 548759542433 548759543777 0
T 60227.69
P 20224 19220 20010055 appspawn-x
20224 (com.example.hel) S 19220 0 0 0 -1 4194624 46248 0 0 0 109 80 0 0 0 -20 34 0 6022091 4043210752 71804 18446744073709551615 367183967764 367184033488 548759537920 0 0 0 4612 0 1073779962 0 0 0 17 7 0 0 0 0 0 367184044424 367184044584 367986057216 548759542386 548759542433 548759542433 548759543777 0
T 60227.85
P 20224 19220 20010055 appspawn-x
20224 (com.example.hel) S 19220 0 0 0 -1 4194624 46248 0 0 0 109 80 0 0 0 -20 34 0 6022091 4043210752 71804 18446744073709551615 367183967764 367184033488 548759537920 0 0 0 4612 0 1073779962 0 0 0 17 7 0 0 0 0 0 367184044424 367184044584 367986057216 548759542386 548759542433 548759542433 548759543777 0
T 60228.02
P 20224 19220 20010055 appspawn-x
20224 (com.example.hel) S 19220 0 0 0 -1 4194624 46248 0 0 0 109 80 0 0 0 -20 34 0 6022091 4043210752 71804 18446744073709551615 367183967764 367184033488 548759537920 0 0 0 4612 0 1073779962 0 0 0 17 7 0 0 0 0 0 367184044424 367184044584 367986057216 548759542386 548759542433 548759542433 548759543777 0
T 60228.22
P 20224 19220 20010055 appspawn-x
20224 (com.example.hel) S 19220 0 0 0 -1 4194624 46248 0 0 0 109 80 0 0 0 -20 34 0 6022091 4043210752 71804 18446744073709551615 367183967764 367184033488 548759537920 0 0 0 4612 0 1073779962 0 0 0 17 7 0 0 0 0 0 367184044424 367184044584 367986057216 548759542386 548759542433 548759542433 548759543777 0
T 60228.38
P 20224 19220 20010055 appspawn-x
20224 (com.example.hel) S 19220 0 0 0 -1 4194624 46248 0 0 0 109 80 0 0 0 -20 34 0 6022091 4043210752 71804 18446744073709551615 367183967764 367184033488 548759537920 0 0 0 4612 0 1073779962 0 0 0 17 7 0 0 0 0 0 367184044424 367184044584 367986057216 548759542386 548759542433 548759542433 548759543777 0
T 60228.57
P 20224 19220 20010055 appspawn-x
20224 (com.example.hel) S 19220 0 0 0 -1 4194624 46248 0 0 0 109 80 0 0 0 -20 34 0 6022091 4043210752 71804 18446744073709551615 367183967764 367184033488 548759537920 0 0 0 4612 0 1073779962 0 0 0 17 7 0 0 0 0 0 367184044424 367184044584 367986057216 548759542386 548759542433 548759542433 548759543777 0
T 60228.74
P 20224 19220 20010055 appspawn-x
20224 (com.example.hel) S 19220 0 0 0 -1 4194624 46248 0 0 0 109 80 0 0 0 -20 34 0 6022091 4043210752 71804 18446744073709551615 367183967764 367184033488 548759537920 0 0 0 4612 0 1073779962 0 0 0 17 7 0 0 0 0 0 367184044424 367184044584 367986057216 548759542386 548759542433 548759542433 548759543777 0
T 60228.93
P 20224 19220 20010055 appspawn-x
20224 (com.example.hel) S 19220 0 0 0 -1 4194624 46248 0 0 0 109 80 0 0 0 -20 34 0 6022091 4043210752 71804 18446744073709551615 367183967764 367184033488 548759537920 0 0 0 4612 0 1073779962 0 0 0 17 7 0 0 0 0 0 367184044424 367184044584 367986057216 548759542386 548759542433 548759542433 548759543777 0
T 60229.12
P 20224 19220 20010055 appspawn-x
20224 (com.example.hel) S 19220 0 0 0 -1 4194624 46248 0 0 0 109 80 0 0 0 -20 34 0 6022091 4043210752 71804 18446744073709551615 367183967764 367184033488 548759537920 0 0 0 4612 0 1073779962 0 0 0 17 7 0 0 0 0 0 367184044424 367184044584 367986057216 548759542386 548759542433 548759542433 548759543777 0
T 60229.30
P 20224 19220 20010055 appspawn-x
20224 (com.example.hel) S 19220 0 0 0 -1 4194624 46248 0 0 0 109 80 0 0 0 -20 34 0 6022091 4043210752 71804 18446744073709551615 367183967764 367184033488 548759537920 0 0 0 4612 0 1073779962 0 0 0 17 7 0 0 0 0 0 367184044424 367184044584 367986057216 548759542386 548759542433 548759542433 548759543777 0
T 60229.49
P 20224 19220 20010055 appspawn-x
20224 (com.example.hel) S 19220 0 0 0 -1 4194624 46248 0 0 0 109 80 0 0 0 -20 34 0 6022091 4043210752 71804 18446744073709551615 367183967764 367184033488 548759537920 0 0 0 4612 0 1073779962 0 0 0 17 7 0 0 0 0 0 367184044424 367184044584 367986057216 548759542386 548759542433 548759542433 548759543777 0
T 60229.67
P 20224 19220 20010055 appspawn-x
20224 (com.example.hel) S 19220 0 0 0 -1 4194624 46248 0 0 0 109 80 0 0 0 -20 34 0 6022091 4043210752 71804 18446744073709551615 367183967764 367184033488 548759537920 0 0 0 4612 0 1073779962 0 0 0 17 7 0 0 0 0 0 367184044424 367184044584 367986057216 548759542386 548759542433 548759542433 548759543777 0
T 60229.86
P 20224 19220 20010055 appspawn-x
20224 (com.example.hel) S 19220 0 0 0 -1 4194624 46248 0 0 0 109 80 0 0 0 -20 34 0 6022091 4043210752 71804 18446744073709551615 367183967764 367184033488 548759537920 0 0 0 4612 0 1073779962 0 0 0 17 7 0 0 0 0 0 367184044424 367184044584 367986057216 548759542386 548759542433 548759542433 548759543777 0
T 60230.06
P 20224 19220 20010055 appspawn-x
20224 (com.example.hel) S 19220 0 0 0 -1 4194624 46248 0 0 0 109 80 0 0 0 -20 34 0 6022091 4043210752 71804 18446744073709551615 367183967764 367184033488 548759537920 0 0 0 4612 0 1073779962 0 0 0 17 7 0 0 0 0 0 367184044424 367184044584 367986057216 548759542386 548759542433 548759542433 548759543777 0
T 60230.26
P 20224 19220 20010055 appspawn-x
20224 (com.example.hel) S 19220 0 0 0 -1 4194624 46248 0 0 0 109 80 0 0 0 -20 34 0 6022091 4043210752 71804 18446744073709551615 367183967764 367184033488 548759537920 0 0 0 4612 0 1073779962 0 0 0 17 7 0 0 0 0 0 367184044424 367184044584 367986057216 548759542386 548759542433 548759542433 548759543777 0
T 60230.43
P 20224 19220 20010055 appspawn-x
20224 (com.example.hel) S 19220 0 0 0 -1 4194624 46248 0 0 0 109 80 0 0 0 -20 34 0 6022091 4043210752 71804 18446744073709551615 367183967764 367184033488 548759537920 0 0 0 4612 0 1073779962 0 0 0 17 7 0 0 0 0 0 367184044424 367184044584 367986057216 548759542386 548759542433 548759542433 548759543777 0
T 60230.62
P 20224 19220 20010055 appspawn-x
20224 (com.example.hel) S 19220 0 0 0 -1 4194624 46261 0 0 0 110 80 0 0 0 -20 34 0 6022091 4043210752 71804 18446744073709551615 367183967764 367184033488 548759537920 0 0 0 4612 0 1073779962 0 0 0 17 7 0 0 0 0 0 367184044424 367184044584 367986057216 548759542386 548759542433 548759542433 548759543777 0
T 60230.80
P 20224 19220 20010055 appspawn-x
20224 (com.example.hel) S 19220 0 0 0 -1 4194624 46261 0 0 0 110 80 0 0 0 -20 34 0 6022091 4043210752 71804 18446744073709551615 367183967764 367184033488 548759537920 0 0 0 4612 0 1073779962 0 0 0 17 7 0 0 0 0 0 367184044424 367184044584 367986057216 548759542386 548759542433 548759542433 548759543777 0
T 60230.96
P 20224 19220 20010055 appspawn-x
20224 (com.example.hel) S 19220 0 0 0 -1 4194624 46261 0 0 0 110 80 0 0 0 -20 34 0 6022091 4043210752 71804 18446744073709551615 367183967764 367184033488 548759537920 0 0 0 4612 0 1073779962 0 0 0 17 7 0 0 0 0 0 367184044424 367184044584 367986057216 548759542386 548759542433 548759542433 548759543777 0
T 60231.14
P 20224 19220 20010055 appspawn-x
20224 (com.example.hel) S 19220 0 0 0 -1 4194624 46261 0 0 0 110 80 0 0 0 -20 34 0 6022091 4043210752 71804 18446744073709551615 367183967764 367184033488 548759537920 0 0 0 4612 0 1073779962 0 0 0 17 7 0 0 0 0 0 367184044424 367184044584 367986057216 548759542386 548759542433 548759542433 548759543777 0
T 60231.34
P 20224 19220 20010055 appspawn-x
20224 (com.example.hel) S 19220 0 0 0 -1 4194624 46261 0 0 0 110 80 0 0 0 -20 34 0 6022091 4043210752 71804 18446744073709551615 367183967764 367184033488 548759537920 0 0 0 4612 0 1073779962 0 0 0 17 7 0 0 0 0 0 367184044424 367184044584 367986057216 548759542386 548759542433 548759542433 548759543777 0
T 60231.54
P 20224 19220 20010055 appspawn-x
20224 (com.example.hel) S 19220 0 0 0 -1 4194624 46261 0 0 0 110 80 0 0 0 -20 34 0 6022091 4043210752 71804 18446744073709551615 367183967764 367184033488 548759537920 0 0 0 4612 0 1073779962 0 0 0 17 7 0 0 0 0 0 367184044424 367184044584 367986057216 548759542386 548759542433 548759542433 548759543777 0
T 60231.72
P 20224 19220 20010055 appspawn-x
20224 (com.example.hel) S 19220 0 0 0 -1 4194624 46261 0 0 0 110 80 0 0 0 -20 34 0 6022091 4043210752 71804 18446744073709551615 367183967764 367184033488 548759537920 0 0 0 4612 0 1073779962 0 0 0 17 7 0 0 0 0 0 367184044424 367184044584 367986057216 548759542386 548759542433 548759542433 548759543777 0
T 60231.92
P 20224 19220 20010055 appspawn-x
20224 (com.example.hel) S 19220 0 0 0 -1 4194624 46261 0 0 0 110 80 0 0 0 -20 34 0 6022091 4043210752 71804 18446744073709551615 367183967764 367184033488 548759537920 0 0 0 4612 0 1073779962 0 0 0 17 7 0 0 0 0 0 367184044424 367184044584 367986057216 548759542386 548759542433 548759542433 548759543777 0
T 60232.08
P 20224 19220 20010055 appspawn-x
20224 (com.example.hel) S 19220 0 0 0 -1 4194624 46261 0 0 0 110 80 0 0 0 -20 34 0 6022091 4043210752 71804 18446744073709551615 367183967764 367184033488 548759537920 0 0 0 4612 0 1073779962 0 0 0 17 7 0 0 0 0 0 367184044424 367184044584 367986057216 548759542386 548759542433 548759542433 548759543777 0
T 60232.28
P 20224 19220 20010055 appspawn-x
20224 (com.example.hel) S 19220 0 0 0 -1 4194624 46261 0 0 0 110 80 0 0 0 -20 34 0 6022091 4043210752 71804 18446744073709551615 367183967764 367184033488 548759537920 0 0 0 4612 0 1073779962 0 0 0 17 7 0 0 0 0 0 367184044424 367184044584 367986057216 548759542386 548759542433 548759542433 548759543777 0
T 60232.48
P 20224 19220 20010055 appspawn-x
20224 (com.example.hel) S 19220 0 0 0 -1 4194624 46261 0 0 0 110 80 0 0 0 -20 34 0 6022091 4043210752 71804 18446744073709551615 367183967764 367184033488 548759537920 0 0 0 4612 0 1073779962 0 0 0 17 7 0 0 0 0 0 367184044424 367184044584 367986057216 548759542386 548759542433 548759542433 548759543777 0
T 60232.67
P 20224 19220 20010055 appspawn-x
20224 (com.example.hel) S 19220 0 0 0 -1 4194624 46261 0 0 0 110 80 0 0 0 -20 34 0 6022091 4043210752 71804 18446744073709551615 367183967764 367184033488 548759537920 0 0 0 4612 0 1073779962 0 0 0 17 7 0 0 0 0 0 367184044424 367184044584 367986057216 548759542386 548759542433 548759542433 548759543777 0
T 60232.84
P 20224 19220 20010055 appspawn-x
20224 (com.example.hel) S 19220 0 0 0 -1 4194624 46261 0 0 0 110 80 0 0 0 -20 34 0 6022091 4043210752 71804 18446744073709551615 367183967764 367184033488 548759537920 0 0 0 4612 0 1073779962 0 0 0 17 7 0 0 0 0 0 367184044424 367184044584 367986057216 548759542386 548759542433 548759542433 548759543777 0
T 60233.01
P 20224 19220 20010055 appspawn-x
20224 (com.example.hel) S 19220 0 0 0 -1 4194624 46261 0 0 0 110 80 0 0 0 -20 34 0 6022091 4043210752 71804 18446744073709551615 367183967764 367184033488 548759537920 0 0 0 4612 0 1073779962 0 0 0 17 7 0 0 0 0 0 367184044424 367184044584 367986057216 548759542386 548759542433 548759542433 548759543777 0
T 60233.20
P 20224 19220 20010055 appspawn-x
20224 (com.example.hel) S 19220 0 0 0 -1 4194624 46261 0 0 0 110 80 0 0 0 -20 34 0 6022091 4043210752 71804 18446744073709551615 367183967764 367184033488 548759537920 0 0 0 4612 0 1073779962 0 0 0 17 7 0 0 0 0 0 367184044424 367184044584 367986057216 548759542386 548759542433 548759542433 548759543777 0
T 60233.40
P 20224 19220 20010055 appspawn-x
20224 (com.example.hel) S 19220 0 0 0 -1 4194624 46261 0 0 0 110 80 0 0 0 -20 34 0 6022091 4043210752 71804 18446744073709551615 367183967764 367184033488 548759537920 0 0 0 4612 0 1073779962 0 0 0 17 7 0 0 0 0 0 367184044424 367184044584 367986057216 548759542386 548759542433 548759542433 548759543777 0
T 60233.57
P 20224 19220 20010055 appspawn-x
20224 (com.example.hel) S 19220 0 0 0 -1 4194624 46261 0 0 0 110 80 0 0 0 -20 34 0 6022091 4043210752 71804 18446744073709551615 367183967764 367184033488 548759537920 0 0 0 4612 0 1073779962 0 0 0 17 7 0 0 0 0 0 367184044424 367184044584 367986057216 548759542386 548759542433 548759542433 548759543777 0
T 60233.76
P 20224 19220 20010055 appspawn-x
20224 (com.example.hel) S 19220 0 0 0 -1 4194624 46261 0 0 0 110 80 0 0 0 -20 34 0 6022091 4043210752 71804 18446744073709551615 367183967764 367184033488 548759537920 0 0 0 4612 0 1073779962 0 0 0 17 7 0 0 0 0 0 367184044424 367184044584 367986057216 548759542386 548759542433 548759542433 548759543777 0
T 60233.94
P 20224 19220 20010055 appspawn-x
20224 (com.example.hel) S 19220 0 0 0 -1 4194624 46261 0 0 0 110 80 0 0 0 -20 34 0 6022091 4043210752 71804 18446744073709551615 367183967764 367184033488 548759537920 0 0 0 4612 0 1073779962 0 0 0 17 7 0 0 0 0 0 367184044424 367184044584 367986057216 548759542386 548759542433 548759542433 548759543777 0
T 60234.12
P 20224 19220 20010055 appspawn-x
20224 (com.example.hel) S 19220 0 0 0 -1 4194624 46261 0 0 0 110 80 0 0 0 -20 34 0 6022091 4043210752 71804 18446744073709551615 367183967764 367184033488 548759537920 0 0 0 4612 0 1073779962 0 0 0 17 7 0 0 0 0 0 367184044424 367184044584 367986057216 548759542386 548759542433 548759542433 548759543777 0
T 60234.29
P 20224 19220 20010055 appspawn-x
20224 (com.example.hel) S 19220 0 0 0 -1 4194624 46261 0 0 0 110 80 0 0 0 -20 34 0 6022091 4043210752 71804 18446744073709551615 367183967764 367184033488 548759537920 0 0 0 4612 0 1073779962 0 0 0 17 7 0 0 0 0 0 367184044424 367184044584 367986057216 548759542386 548759542433 548759542433 548759543777 0
T 60234.48
P 20224 19220 20010055 appspawn-x
20224 (com.example.hel) S 19220 0 0 0 -1 4194624 46261 0 0 0 110 80 0 0 0 -20 34 0 6022091 4043210752 71804 18446744073709551615 367183967764 367184033488 548759537920 0 0 0 4612 0 1073779962 0 0 0 17 7 0 0 0 0 0 367184044424 367184044584 367986057216 548759542386 548759542433 548759542433 548759543777 0
T 60234.66
P 20224 19220 20010055 appspawn-x
20224 (com.example.hel) S 19220 0 0 0 -1 4194624 46261 0 0 0 110 80 0 0 0 -20 34 0 6022091 4043210752 71804 18446744073709551615 367183967764 367184033488 548759537920 0 0 0 4612 0 1073779962 0 0 0 17 7 0 0 0 0 0 367184044424 367184044584 367986057216 548759542386 548759542433 548759542433 548759543777 0
T 60234.83
P 20224 19220 20010055 appspawn-x
20224 (com.example.hel) S 19220 0 0 0 -1 4194624 46261 0 0 0 110 80 0 0 0 -20 34 0 6022091 4043210752 71804 18446744073709551615 367183967764 367184033488 548759537920 0 0 0 4612 0 1073779962 0 0 0 17 7 0 0 0 0 0 367184044424 367184044584 367986057216 548759542386 548759542433 548759542433 548759543777 0
T 60235.01
P 20224 19220 20010055 appspawn-x
20224 (com.example.hel) S 19220 0 0 0 -1 4194624 46261 0 0 0 110 80 0 0 0 -20 34 0 6022091 4043210752 71804 18446744073709551615 367183967764 367184033488 548759537920 0 0 0 4612 0 1073779962 0 0 0 17 7 0 0 0 0 0 367184044424 367184044584 367986057216 548759542386 548759542433 548759542433 548759543777 0
T 60235.18
P 20224 19220 20010055 appspawn-x
20224 (com.example.hel) S 19220 0 0 0 -1 4194624 46261 0 0 0 110 80 0 0 0 -20 34 0 6022091 4043210752 71804 18446744073709551615 367183967764 367184033488 548759537920 0 0 0 4612 0 1073779962 0 0 0 17 7 0 0 0 0 0 367184044424 367184044584 367986057216 548759542386 548759542433 548759542433 548759543777 0
T 60235.36
P 20224 19220 20010055 appspawn-x
20224 (com.example.hel) S 19220 0 0 0 -1 4194624 46261 0 0 0 110 80 0 0 0 -20 34 0 6022091 4043210752 71804 18446744073709551615 367183967764 367184033488 548759537920 0 0 0 4612 0 1073779962 0 0 0 17 7 0 0 0 0 0 367184044424 367184044584 367986057216 548759542386 548759542433 548759542433 548759543777 0
T 60235.54
P 20224 19220 20010055 appspawn-x
20224 (com.example.hel) S 19220 0 0 0 -1 4194624 46261 0 0 0 110 80 0 0 0 -20 34 0 6022091 4043210752 71804 18446744073709551615 367183967764 367184033488 548759537920 0 0 0 4612 0 1073779962 0 0 0 17 7 0 0 0 0 0 367184044424 367184044584 367986057216 548759542386 548759542433 548759542433 548759543777 0
T 60235.70
P 20224 19220 20010055 appspawn-x
20224 (com.example.hel) S 19220 0 0 0 -1 4194624 46261 0 0 0 110 80 0 0 0 -20 34 0 6022091 4043210752 71804 18446744073709551615 367183967764 367184033488 548759537920 0 0 0 4612 0 1073779962 0 0 0 17 7 0 0 0 0 0 367184044424 367184044584 367986057216 548759542386 548759542433 548759542433 548759543777 0
T 60235.90
P 20224 19220 20010055 appspawn-x
20224 (com.example.hel) S 19220 0 0 0 -1 4194624 46261 0 0 0 110 80 0 0 0 -20 34 0 6022091 4043210752 71804 18446744073709551615 367183967764 367184033488 548759537920 0 0 0 4612 0 1073779962 0 0 0 17 7 0 0 0 0 0 367184044424 367184044584 367986057216 548759542386 548759542433 548759542433 548759543777 0
T 60236.09
P 20224 19220 20010055 appspawn-x
20224 (com.example.hel) S 19220 0 0 0 -1 4194624 46261 0 0 0 110 80 0 0 0 -20 34 0 6022091 4043210752 71804 18446744073709551615 367183967764 367184033488 548759537920 0 0 0 4612 0 1073779962 0 0 0 17 7 0 0 0 0 0 367184044424 367184044584 367986057216 548759542386 548759542433 548759542433 548759543777 0
T 60236.28
P 20224 19220 20010055 appspawn-x
20224 (com.example.hel) S 19220 0 0 0 -1 4194624 46261 0 0 0 110 80 0 0 0 -20 34 0 6022091 4043210752 71804 18446744073709551615 367183967764 367184033488 548759537920 0 0 0 4612 0 1073779962 0 0 0 17 7 0 0 0 0 0 367184044424 367184044584 367986057216 548759542386 548759542433 548759542433 548759543777 0
T 60236.45
P 20224 19220 20010055 appspawn-x
20224 (com.example.hel) S 19220 0 0 0 -1 4194624 46261 0 0 0 110 80 0 0 0 -20 34 0 6022091 4043210752 71804 18446744073709551615 367183967764 367184033488 548759537920 0 0 0 4612 0 1073779962 0 0 0 17 7 0 0 0 0 0 367184044424 367184044584 367986057216 548759542386 548759542433 548759542433 548759543777 0
