T 56933.68
T 56933.88
T 56934.08
P 29114 27088 20010056 appspawn-x
29114 (b.bridge.zigzag) R 27088 0 0 0 -1 4194624 249 0 0 0 9 4 0 0 0 -20 1 0 5693405 2197676032 1616 18446744073709551615 367320704532 367320770256 549247548272 0 0 0 0 4096 1073775866 0 0 0 17 5 0 0 0 0 0 367320781192 367320781352 367522611200 549247552114 549247552161 549247552161 549247553505 0
T 56934.30
P 29114 27088 20010056 appspawn-x
29114 (b.bridge.zigzag) R 27088 0 0 0 -1 4194624 9228 0 0 0 14 16 0 0 0 -20 1 0 5693405 2456219648 14069 18446744073709551615 367320704532 367320770256 549247548272 0 0 0 0 4096 1073775866 0 0 0 17 5 0 0 0 0 0 367320781192 367320781352 367522611200 549247552114 549247552161 549247552161 549247553505 0
T 56934.49
P 29114 27088 20010056 appspawn-x
29114 (main) R 27088 0 0 0 -1 4194624 13789 0 0 0 20 24 0 0 0 -20 10 0 5693405 3368783872 19975 18446744073709551615 367320704532 367320770256 549247548272 0 0 0 4612 0 1073779962 0 0 0 17 4 0 0 0 0 0 367320781192 367320781352 367522611200 549247552114 549247552161 549247552161 549247553505 0
T 56934.68
P 29114 27088 20010056 appspawn-x
29114 (main) R 27088 0 0 0 -1 4194624 16443 0 0 0 32 30 0 0 0 -20 10 0 5693405 3520983040 25942 18446744073709551615 367320704532 367320770256 549247548272 0 0 0 4612 0 1073779962 0 0 0 17 7 0 0 0 0 0 367320781192 367320781352 367522611200 549247552114 549247552161 549247552161 549247553505 0
T 56934.88
P 29114 27088 20010056 appspawn-x
29114 (main) R 27088 0 0 0 -1 4194624 20349 0 0 0 45 36 0 0 0 -20 10 0 5693405 3579650048 45433 18446744073709551615 367320704532 367320770256 549247548272 0 0 0 4612 0 1073779962 0 0 0 17 7 0 0 0 0 0 367320781192 367320781352 367522611200 549247552114 549247552161 549247552161 549247553505 0
T 56935.08
P 29114 27088 20010056 appspawn-x
29114 (com.a2hlab.brid) R 27088 0 0 0 -1 4194624 23067 0 0 0 54 43 0 0 0 -20 12 0 5693405 3695792128 51778 18446744073709551615 367320704532 367320770256 549247548272 0 0 0 4612 0 1073779962 0 0 0 17 7 0 0 0 0 0 367320781192 367320781352 367522611200 549247552114 549247552161 549247552161 549247553505 0
T 56935.24
P 29114 27088 20010056 appspawn-x
29114 (com.a2hlab.brid) R 27088 0 0 0 -1 4194624 32483 0 0 0 66 49 0 0 0 -20 12 0 5693405 3728629760 61230 18446744073709551615 367320704532 367320770256 549247548272 0 0 0 4612 0 1073779962 0 0 0 17 7 0 0 0 0 0 367320781192 367320781352 367522611200 549247552114 549247552161 549247552161 549247553505 0
T 56935.42
P 29114 27088 20010056 appspawn-x
29114 (com.a2hlab.brid) R 27088 0 0 0 -1 4194624 38366 0 0 0 81 52 0 0 0 -20 12 0 5693405 3746320384 65581 18446744073709551615 367320704532 367320770256 549247548272 0 0 0 4612 0 1073779962 0 0 0 17 7 0 0 0 0 0 367320781192 367320781352 367522611200 549247552114 549247552161 549247552161 549247553505 0
T 56935.60
P 29114 27088 20010056 appspawn-x
29114 (com.a2hlab.brid) S 27088 0 0 0 -1 1077936448 40153 0 0 0 93 57 0 0 0 -20 13 0 5693405 3778097152 58121 18446744073709551615 367320704532 367320770256 549247548272 0 0 0 4612 0 1073779962 0 0 0 17 4 0 0 0 0 0 367320781192 367320781352 367522611200 549247552114 549247552161 549247552161 549247553505 0
T 56935.76
P 29114 27088 20010056 appspawn-x
29114 (com.a2hlab.brid) R 27088 0 0 0 -1 4194624 42854 0 0 0 102 62 0 0 0 -20 16 0 5693405 4126294016 67848 18446744073709551615 367320704532 367320770256 549247548272 0 0 0 4612 0 1073779962 0 0 0 17 7 0 0 0 0 0 367320781192 367320781352 367522611200 549247552114 549247552161 549247552161 549247553505 0
T 56935.92
P 29114 27088 20010056 appspawn-x
29114 (com.a2hlab.brid) S 27088 0 0 0 -1 1077936448 45037 0 0 0 107 66 0 0 0 -20 31 0 5693405 4265693184 71766 18446744073709551615 367320704532 367320770256 549247548272 0 0 0 4612 0 1073779962 0 0 0 17 5 0 0 0 0 0 367320781192 367320781352 367522611200 549247552114 549247552161 549247552161 549247553505 0
T 56936.08
P 29114 27088 20010056 appspawn-x
29114 (com.a2hlab.brid) S 27088 0 0 0 -1 4194624 47940 0 0 0 119 70 0 0 0 -20 39 0 5693405 6514135040 75870 18446744073709551615 367320704532 367320770256 549247548272 0 0 0 4612 0 1073779962 0 0 0 17 6 0 0 0 0 0 367320781192 367320781352 367522611200 549247552114 549247552161 549247552161 549247553505 0
T 56936.24
P 29114 27088 20010056 appspawn-x
29114 (com.a2hlab.brid) S 27088 0 0 0 -1 4194624 47950 0 0 0 133 70 0 0 0 -20 39 0 5693405 6514135040 75870 18446744073709551615 367320704532 367320770256 549247548272 0 0 0 4612 0 1073779962 0 0 0 17 6 0 0 0 0 0 367320781192 367320781352 367522611200 549247552114 549247552161 549247552161 549247553505 0
T 56936.41
P 29114 27088 20010056 appspawn-x
29114 (com.a2hlab.brid) S 27088 0 0 0 -1 4194624 51159 0 0 0 144 76 0 0 0 -20 41 0 5693405 6553849856 80212 18446744073709551615 367320704532 367320770256 549247548272 0 0 0 4612 0 1619039482 0 0 0 17 1 0 0 0 0 0 367320781192 367320781352 367522611200 549247552114 549247552161 549247552161 549247553505 0
T 56936.56
P 29114 27088 20010056 appspawn-x
29114 (com.a2hlab.brid) S 27088 0 0 0 -1 4194624 55352 0 0 0 150 82 0 0 0 -20 63 0 5693405 7009783808 83717 18446744073709551615 367320704532 367320770256 549247548272 0 0 0 4612 0 1619039482 0 0 0 17 3 0 0 0 0 0 367320781192 367320781352 367522611200 549247552114 549247552161 549247552161 549247553505 0
T 56936.72
P 29114 27088 20010056 appspawn-x
29114 (com.a2hlab.brid) S 27088 0 0 0 -1 4194624 59995 0 0 0 157 90 0 0 0 -20 67 0 5693405 7611527168 93466 18446744073709551615 367320704532 367320770256 549247548272 0 0 0 4612 0 1619039482 0 0 0 17 4 0 0 0 0 0 367320781192 367320781352 367522611200 549247552114 549247552161 549247552161 549247553505 0
T 56936.90
P 29114 27088 20010056 appspawn-x
29114 (com.a2hlab.brid) S 27088 0 0 0 -1 4194624 63055 0 0 0 167 101 0 0 0 -20 68 0 5693405 7645704192 97791 18446744073709551615 367320704532 367320770256 549247548272 0 0 0 4612 0 1619039482 0 0 0 17 1 0 0 0 0 0 367320781192 367320781352 367522611200 549247552114 549247552161 549247552161 549247553505 0
T 56937.06
P 29114 27088 20010056 appspawn-x
29114 (com.a2hlab.brid) S 27088 0 0 0 -1 4194624 64075 0 0 0 171 108 0 0 0 -20 68 0 5693405 7969832960 99584 18446744073709551615 367320704532 367320770256 549247548272 0 0 0 4612 0 1619039482 0 0 0 17 1 0 0 0 0 0 367320781192 367320781352 367522611200 549247552114 549247552161 549247552161 549247553505 0
T 56937.23
P 29114 27088 20010056 appspawn-x
29114 (com.a2hlab.brid) S 27088 0 0 0 -1 4194624 64223 0 0 0 173 110 0 0 0 -20 68 0 5693405 7969832960 99626 18446744073709551615 367320704532 367320770256 549247548272 0 0 0 4612 0 1619039482 0 0 0 17 2 0 0 0 0 0 367320781192 367320781352 367522611200 549247552114 549247552161 549247552161 549247553505 0
T 56937.42
P 29114 27088 20010056 appspawn-x
29114 (com.a2hlab.brid) S 27088 0 0 0 -1 4194624 64250 0 0 0 174 111 0 0 0 -20 68 0 5693405 7969832960 100173 18446744073709551615 367320704532 367320770256 549247548272 0 0 0 4612 0 1619039482 0 0 0 17 2 0 0 0 0 0 367320781192 367320781352 367522611200 549247552114 549247552161 549247552161 549247553505 0
T 56937.61
P 29114 27088 20010056 appspawn-x
29114 (com.a2hlab.brid) S 27088 0 0 0 -1 4194624 64364 0 0 0 174 115 0 0 0 -20 68 0 5693405 7969832960 99698 18446744073709551615 367320704532 367320770256 549247548272 0 0 0 4612 0 1619039482 0 0 0 17 2 0 0 0 0 0 367320781192 367320781352 367522611200 549247552114 549247552161 549247552161 549247553505 0
T 56937.80
P 29114 27088 20010056 appspawn-x
29114 (com.a2hlab.brid) S 27088 0 0 0 -1 4194624 64467 0 0 0 177 116 0 0 0 -20 68 0 5693405 7969832960 99737 18446744073709551615 367320704532 367320770256 549247548272 0 0 0 4612 0 1619039482 0 0 0 17 2 0 0 0 0 0 367320781192 367320781352 367522611200 549247552114 549247552161 549247552161 549247553505 0
T 56937.97
P 29114 27088 20010056 appspawn-x
29114 (com.a2hlab.brid) S 27088 0 0 0 -1 4194624 64597 0 0 0 179 118 0 0 0 -20 68 0 5693405 7969832960 99808 18446744073709551615 367320704532 367320770256 549247548272 0 0 0 4612 0 1619039482 0 0 0 17 2 0 0 0 0 0 367320781192 367320781352 367522611200 549247552114 549247552161 549247552161 549247553505 0
T 56938.15
P 29114 27088 20010056 appspawn-x
29114 (com.a2hlab.brid) S 27088 0 0 0 -1 4194624 64706 0 0 0 181 120 0 0 0 -20 68 0 5693405 7969832960 99845 18446744073709551615 367320704532 367320770256 549247548272 0 0 0 4612 0 1619039482 0 0 0 17 2 0 0 0 0 0 367320781192 367320781352 367522611200 549247552114 549247552161 549247552161 549247553505 0
T 56938.32
P 29114 27088 20010056 appspawn-x
29114 (com.a2hlab.brid) S 27088 0 0 0 -1 4194624 64853 0 0 0 182 122 0 0 0 -20 68 0 5693405 7969832960 99973 18446744073709551615 367320704532 367320770256 549247548272 0 0 0 4612 0 1619039482 0 0 0 17 2 0 0 0 0 0 367320781192 367320781352 367522611200 549247552114 549247552161 549247552161 549247553505 0
T 56938.50
P 29114 27088 20010056 appspawn-x
29114 (com.a2hlab.brid) S 27088 0 0 0 -1 4194624 64943 0 0 0 184 124 0 0 0 -20 68 0 5693405 7969832960 100013 18446744073709551615 367320704532 367320770256 549247548272 0 0 0 4612 0 1619039482 0 0 0 17 2 0 0 0 0 0 367320781192 367320781352 367522611200 549247552114 549247552161 549247552161 549247553505 0
T 56938.69
P 29114 27088 20010056 appspawn-x
29114 (com.a2hlab.brid) S 27088 0 0 0 -1 4194624 65047 0 0 0 185 127 0 0 0 -20 68 0 5693405 7969832960 100082 18446744073709551615 367320704532 367320770256 549247548272 0 0 0 4612 0 1619039482 0 0 0 17 2 0 0 0 0 0 367320781192 367320781352 367522611200 549247552114 549247552161 549247552161 549247553505 0
T 56938.88
P 29114 27088 20010056 appspawn-x
29114 (com.a2hlab.brid) S 27088 0 0 0 -1 4194624 66410 0 0 0 189 130 0 0 0 -20 69 0 5693405 8045817856 102685 18446744073709551615 367320704532 367320770256 549247548272 0 0 0 4612 0 1619039482 0 0 0 17 3 0 0 0 0 0 367320781192 367320781352 367522611200 549247552114 549247552161 549247552161 549247553505 0
T 56939.06
P 29114 27088 20010056 appspawn-x
29114 (com.a2hlab.brid) S 27088 0 0 0 -1 4194624 69202 0 0 0 203 137 0 0 0 -20 71 0 5693405 8059469824 105303 18446744073709551615 367320704532 367320770256 549247548272 0 0 0 4612 0 1619039482 0 0 0 17 6 0 0 0 0 0 367320781192 367320781352 367522611200 549247552114 549247552161 549247552161 549247553505 0
T 56939.26
P 29114 27088 20010056 appspawn-x
29114 (com.a2hlab.brid) S 27088 0 0 0 -1 4194624 69783 0 0 0 209 141 0 0 0 -20 72 0 5693405 8062111744 106408 18446744073709551615 367320704532 367320770256 549247548272 0 0 0 4612 0 1619039482 0 0 0 17 6 0 0 0 0 0 367320781192 367320781352 367522611200 549247552114 549247552161 549247552161 549247553505 0
T 56939.42
P 29114 27088 20010056 appspawn-x
29114 (com.a2hlab.brid) S 27088 0 0 0 -1 4194624 70072 0 0 0 211 143 0 0 0 -20 72 0 5693405 8062111744 107631 18446744073709551615 367320704532 367320770256 549247548272 0 0 0 4612 0 1619039482 0 0 0 17 4 0 0 0 0 0 367320781192 367320781352 367522611200 549247552114 549247552161 549247552161 549247553505 0
T 56939.60
P 29114 27088 20010056 appspawn-x
29114 (com.a2hlab.brid) S 27088 0 0 0 -1 4194624 70378 0 0 0 213 145 0 0 0 -20 72 0 5693405 8062111744 106836 18446744073709551615 367320704532 367320770256 549247548272 0 0 0 4612 0 1619039482 0 0 0 17 4 0 0 0 0 0 367320781192 367320781352 367522611200 549247552114 549247552161 549247552161 549247553505 0
T 56939.78
P 29114 27088 20010056 appspawn-x
29114 (com.a2hlab.brid) S 27088 0 0 0 -1 4194624 70557 0 0 0 215 147 0 0 0 -20 72 0 5693405 8062111744 106928 18446744073709551615 367320704532 367320770256 549247548272 0 0 0 4612 0 1619039482 0 0 0 17 4 0 0 0 0 0 367320781192 367320781352 367522611200 549247552114 549247552161 549247552161 549247553505 0
T 56939.95
P 29114 27088 20010056 appspawn-x
29114 (com.a2hlab.brid) S 27088 0 0 0 -1 4194624 70665 0 0 0 218 148 0 0 0 -20 72 0 5693405 8070729728 107560 18446744073709551615 367320704532 367320770256 549247548272 0 0 0 4612 0 1619039482 0 0 0 17 4 0 0 0 0 0 367320781192 367320781352 367522611200 549247552114 549247552161 549247552161 549247553505 0
T 56940.13
P 29114 27088 20010056 appspawn-x
29114 (com.a2hlab.brid) S 27088 0 0 0 -1 4194624 70848 0 0 0 220 151 0 0 0 -20 72 0 5693405 8062111744 107208 18446744073709551615 367320704532 367320770256 549247548272 0 0 0 4612 0 1619039482 0 0 0 17 4 0 0 0 0 0 367320781192 367320781352 367522611200 549247552114 549247552161 549247552161 549247553505 0
T 56940.32
P 29114 27088 20010056 appspawn-x
29114 (com.a2hlab.brid) S 27088 0 0 0 -1 4194624 71033 0 0 0 223 152 0 0 0 -20 72 0 5693405 8062111744 107828 18446744073709551615 367320704532 367320770256 549247548272 0 0 0 4612 0 1619039482 0 0 0 17 4 0 0 0 0 0 367320781192 367320781352 367522611200 549247552114 549247552161 549247552161 549247553505 0
T 56940.50
P 29114 27088 20010056 appspawn-x
29114 (com.a2hlab.brid) S 27088 0 0 0 -1 4194624 71093 0 0 0 224 155 0 0 0 -20 72 0 5693405 8062111744 107379 18446744073709551615 367320704532 367320770256 549247548272 0 0 0 4612 0 1619039482 0 0 0 17 4 0 0 0 0 0 367320781192 367320781352 367522611200 549247552114 549247552161 549247552161 549247553505 0
T 56940.68
P 29114 27088 20010056 appspawn-x
29114 (com.a2hlab.brid) S 27088 0 0 0 -1 4194624 71139 0 0 0 225 158 0 0 0 -20 72 0 5693405 8062111744 107317 18446744073709551615 367320704532 367320770256 549247548272 0 0 0 4612 0 1619039482 0 0 0 17 4 0 0 0 0 0 367320781192 367320781352 367522611200 549247552114 549247552161 549247552161 549247553505 0
T 56940.88
P 29114 27088 20010056 appspawn-x
29114 (com.a2hlab.brid) S 27088 0 0 0 -1 4194624 71210 0 0 0 228 160 0 0 0 -20 72 0 5693405 8062111744 107387 18446744073709551615 367320704532 367320770256 549247548272 0 0 0 4612 0 1619039482 0 0 0 17 4 0 0 0 0 0 367320781192 367320781352 367522611200 549247552114 549247552161 549247552161 549247553505 0
T 56941.08
P 29114 27088 20010056 appspawn-x
29114 (com.a2hlab.brid) S 27088 0 0 0 -1 4194624 71271 0 0 0 231 162 0 0 0 -20 72 0 5693405 8062111744 107390 18446744073709551615 367320704532 367320770256 549247548272 0 0 0 4612 0 1619039482 0 0 0 17 4 0 0 0 0 0 367320781192 367320781352 367522611200 549247552114 549247552161 549247552161 549247553505 0
T 56941.28
P 29114 27088 20010056 appspawn-x
29114 (com.a2hlab.brid) S 27088 0 0 0 -1 4194624 71322 0 0 0 233 163 0 0 0 -20 72 0 5693405 8062111744 107458 18446744073709551615 367320704532 367320770256 549247548272 0 0 0 4612 0 1619039482 0 0 0 17 4 0 0 0 0 0 367320781192 367320781352 367522611200 549247552114 549247552161 549247552161 549247553505 0
T 56941.48
P 29114 27088 20010056 appspawn-x
29114 (com.a2hlab.brid) S 27088 0 0 0 -1 4194624 71364 0 0 0 236 164 0 0 0 -20 72 0 5693405 8062111744 107525 18446744073709551615 367320704532 367320770256 549247548272 0 0 0 4612 0 1619039482 0 0 0 17 4 0 0 0 0 0 367320781192 367320781352 367522611200 549247552114 549247552161 549247552161 549247553505 0
T 56941.65
P 29114 27088 20010056 appspawn-x
29114 (com.a2hlab.brid) S 27088 0 0 0 -1 4194624 71409 0 0 0 237 167 0 0 0 -20 72 0 5693405 8062111744 107558 18446744073709551615 367320704532 367320770256 549247548272 0 0 0 4612 0 1619039482 0 0 0 17 4 0 0 0 0 0 367320781192 367320781352 367522611200 549247552114 549247552161 549247552161 549247553505 0
T 56941.82
P 29114 27088 20010056 appspawn-x
29114 (com.a2hlab.brid) S 27088 0 0 0 -1 4194624 71456 0 0 0 240 168 0 0 0 -20 72 0 5693405 8062111744 107624 18446744073709551615 367320704532 367320770256 549247548272 0 0 0 4612 0 1619039482 0 0 0 17 4 0 0 0 0 0 367320781192 367320781352 367522611200 549247552114 549247552161 549247552161 549247553505 0
T 56942.02
P 29114 27088 20010056 appspawn-x
29114 (com.a2hlab.brid) S 27088 0 0 0 -1 4194624 71501 0 0 0 241 171 0 0 0 -20 72 0 5693405 8062111744 107624 18446744073709551615 367320704532 367320770256 549247548272 0 0 0 4612 0 1619039482 0 0 0 17 4 0 0 0 0 0 367320781192 367320781352 367522611200 549247552114 549247552161 549247552161 549247553505 0
T 56942.22
P 29114 27088 20010056 appspawn-x
29114 (com.a2hlab.brid) S 27088 0 0 0 -1 4194624 71552 0 0 0 243 173 0 0 0 -20 72 0 5693405 8062111744 108714 18446744073709551615 367320704532 367320770256 549247548272 0 0 0 4612 0 1619039482 0 0 0 17 4 0 0 0 0 0 367320781192 367320781352 367522611200 549247552114 549247552161 549247552161 549247553505 0
T 56942.40
P 29114 27088 20010056 appspawn-x
29114 (com.a2hlab.brid) S 27088 0 0 0 -1 4194624 71600 0 0 0 246 175 0 0 0 -20 72 0 5693405 8062111744 107690 18446744073709551615 367320704532 367320770256 549247548272 0 0 0 4612 0 1619039482 0 0 0 17 4 0 0 0 0 0 367320781192 367320781352 367522611200 549247552114 549247552161 549247552161 549247553505 0
T 56942.60
P 29114 27088 20010056 appspawn-x
29114 (com.a2hlab.brid) S 27088 0 0 0 -1 4194624 71635 0 0 0 249 176 0 0 0 -20 72 0 5693405 8062111744 107755 18446744073709551615 367320704532 367320770256 549247548272 0 0 0 4612 0 1619039482 0 0 0 17 4 0 0 0 0 0 367320781192 367320781352 367522611200 549247552114 549247552161 549247552161 549247553505 0
T 56942.78
P 29114 27088 20010056 appspawn-x
29114 (com.a2hlab.brid) S 27088 0 0 0 -1 4194624 71680 0 0 0 251 178 0 0 0 -20 72 0 5693405 8062111744 107755 18446744073709551615 367320704532 367320770256 549247548272 0 0 0 4612 0 1619039482 0 0 0 17 4 0 0 0 0 0 367320781192 367320781352 367522611200 549247552114 549247552161 549247552161 549247553505 0
T 56942.98
P 29114 27088 20010056 appspawn-x
29114 (com.a2hlab.brid) S 27088 0 0 0 -1 4194624 71717 0 0 0 254 180 0 0 0 -20 72 0 5693405 8062111744 107821 18446744073709551615 367320704532 367320770256 549247548272 0 0 0 4612 0 1619039482 0 0 0 17 4 0 0 0 0 0 367320781192 367320781352 367522611200 549247552114 549247552161 549247552161 549247553505 0
T 56943.16
P 29114 27088 20010056 appspawn-x
29114 (com.a2hlab.brid) S 27088 0 0 0 -1 4194624 71775 0 0 0 256 182 0 0 0 -20 72 0 5693405 8062111744 107821 18446744073709551615 367320704532 367320770256 549247548272 0 0 0 4612 0 1619039482 0 0 0 17 4 0 0 0 0 0 367320781192 367320781352 367522611200 549247552114 549247552161 549247552161 549247553505 0
T 56943.36
P 29114 27088 20010056 appspawn-x
29114 (com.a2hlab.brid) S 27088 0 0 0 -1 4194624 71829 0 0 0 258 184 0 0 0 -20 72 0 5693405 8062111744 107886 18446744073709551615 367320704532 367320770256 549247548272 0 0 0 4612 0 1619039482 0 0 0 17 4 0 0 0 0 0 367320781192 367320781352 367522611200 549247552114 549247552161 549247552161 549247553505 0
T 56943.56
P 29114 27088 20010056 appspawn-x
29114 (com.a2hlab.brid) S 27088 0 0 0 -1 4194624 71905 0 0 0 260 186 0 0 0 -20 72 0 5693405 8062111744 107950 18446744073709551615 367320704532 367320770256 549247548272 0 0 0 4612 0 1619039482 0 0 0 17 4 0 0 0 0 0 367320781192 367320781352 367522611200 549247552114 549247552161 549247552161 549247553505 0
T 56943.76
P 29114 27088 20010056 appspawn-x
29114 (com.a2hlab.brid) S 27088 0 0 0 -1 4194624 71963 0 0 0 264 187 0 0 0 -20 72 0 5693405 8062111744 108974 18446744073709551615 367320704532 367320770256 549247548272 0 0 0 4612 0 1619039482 0 0 0 17 6 0 0 0 0 0 367320781192 367320781352 367522611200 549247552114 549247552161 549247552161 549247553505 0
T 56943.93
P 29114 27088 20010056 appspawn-x
29114 (com.a2hlab.brid) S 27088 0 0 0 -1 4194624 71999 0 0 0 265 189 0 0 0 -20 72 0 5693405 8062111744 108015 18446744073709551615 367320704532 367320770256 549247548272 0 0 0 4612 0 1619039482 0 0 0 17 6 0 0 0 0 0 367320781192 367320781352 367522611200 549247552114 549247552161 549247552161 549247553505 0
T 56944.12
P 29114 27088 20010056 appspawn-x
29114 (com.a2hlab.brid) S 27088 0 0 0 -1 4194624 72042 0 0 0 268 191 0 0 0 -20 72 0 5693405 8062111744 108015 18446744073709551615 367320704532 367320770256 549247548272 0 0 0 4612 0 1619039482 0 0 0 17 6 0 0 0 0 0 367320781192 367320781352 367522611200 549247552114 549247552161 549247552161 549247553505 0
T 56944.32
P 29114 27088 20010056 appspawn-x
29114 (com.a2hlab.brid) S 27088 0 0 0 -1 4194624 72086 0 0 0 270 193 0 0 0 -20 72 0 5693405 8062111744 108080 18446744073709551615 367320704532 367320770256 549247548272 0 0 0 4612 0 1619039482 0 0 0 17 6 0 0 0 0 0 367320781192 367320781352 367522611200 549247552114 549247552161 549247552161 549247553505 0
T 56944.52
P 29114 27088 20010056 appspawn-x
29114 (com.a2hlab.brid) S 27088 0 0 0 -1 4194624 72123 0 0 0 271 196 0 0 0 -20 72 0 5693405 8062111744 108080 18446744073709551615 367320704532 367320770256 549247548272 0 0 0 4612 0 1619039482 0 0 0 17 6 0 0 0 0 0 367320781192 367320781352 367522611200 549247552114 549247552161 549247552161 549247553505 0
T 56944.68
P 29114 27088 20010056 appspawn-x
29114 (com.a2hlab.brid) S 27088 0 0 0 -1 4194624 72164 0 0 0 272 198 0 0 0 -20 72 0 5693405 8062111744 108146 18446744073709551615 367320704532 367320770256 549247548272 0 0 0 4612 0 1619039482 0 0 0 17 6 0 0 0 0 0 367320781192 367320781352 367522611200 549247552114 549247552161 549247552161 549247553505 0
T 56944.86
P 29114 27088 20010056 appspawn-x
29114 (com.a2hlab.brid) S 27088 0 0 0 -1 4194624 72202 0 0 0 275 199 0 0 0 -20 72 0 5693405 8062111744 108146 18446744073709551615 367320704532 367320770256 549247548272 0 0 0 4612 0 1619039482 0 0 0 17 6 0 0 0 0 0 367320781192 367320781352 367522611200 549247552114 549247552161 549247552161 549247553505 0
T 56945.06
P 29114 27088 20010056 appspawn-x
29114 (com.a2hlab.brid) S 27088 0 0 0 -1 4194624 72240 0 0 0 277 201 0 0 0 -20 72 0 5693405 8062111744 108212 18446744073709551615 367320704532 367320770256 549247548272 0 0 0 4612 0 1619039482 0 0 0 17 6 0 0 0 0 0 367320781192 367320781352 367522611200 549247552114 549247552161 549247552161 549247553505 0
T 56945.22
P 29114 27088 20010056 appspawn-x
29114 (com.a2hlab.brid) S 27088 0 0 0 -1 4194624 72276 0 0 0 278 203 0 0 0 -20 72 0 5693405 8062111744 108212 18446744073709551615 367320704532 367320770256 549247548272 0 0 0 4612 0 1619039482 0 0 0 17 6 0 0 0 0 0 367320781192 367320781352 367522611200 549247552114 549247552161 549247552161 549247553505 0
T 56945.38
P 29114 27088 20010056 appspawn-x
29114 (com.a2hlab.brid) S 27088 0 0 0 -1 4194624 72319 0 0 0 280 206 0 0 0 -20 72 0 5693405 8062111744 108278 18446744073709551615 367320704532 367320770256 549247548272 0 0 0 4612 0 1619039482 0 0 0 17 6 0 0 0 0 0 367320781192 367320781352 367522611200 549247552114 549247552161 549247552161 549247553505 0
T 56945.58
P 29114 27088 20010056 appspawn-x
29114 (com.a2hlab.brid) S 27088 0 0 0 -1 4194624 72355 0 0 0 282 208 0 0 0 -20 72 0 5693405 8062111744 108278 18446744073709551615 367320704532 367320770256 549247548272 0 0 0 4612 0 1619039482 0 0 0 17 6 0 0 0 0 0 367320781192 367320781352 367522611200 549247552114 549247552161 549247552161 549247553505 0
T 56945.76
P 29114 27088 20010056 appspawn-x
29114 (com.a2hlab.brid) S 27088 0 0 0 -1 4194624 72397 0 0 0 283 210 0 0 0 -20 72 0 5693405 8062111744 108344 18446744073709551615 367320704532 367320770256 549247548272 0 0 0 4612 0 1619039482 0 0 0 17 6 0 0 0 0 0 367320781192 367320781352 367522611200 549247552114 549247552161 549247552161 549247553505 0
T 56945.94
P 29114 27088 20010056 appspawn-x
29114 (com.a2hlab.brid) S 27088 0 0 0 -1 4194624 72441 0 0 0 285 213 0 0 0 -20 72 0 5693405 8062111744 108344 18446744073709551615 367320704532 367320770256 549247548272 0 0 0 4612 0 1619039482 0 0 0 17 6 0 0 0 0 0 367320781192 367320781352 367522611200 549247552114 549247552161 549247552161 549247553505 0
T 56946.14
P 29114 27088 20010056 appspawn-x
29114 (com.a2hlab.brid) S 27088 0 0 0 -1 4194624 72477 0 0 0 287 215 0 0 0 -20 72 0 5693405 8062111744 108410 18446744073709551615 367320704532 367320770256 549247548272 0 0 0 4612 0 1619039482 0 0 0 17 6 0 0 0 0 0 367320781192 367320781352 367522611200 549247552114 549247552161 549247552161 549247553505 0
T 56946.32
P 29114 27088 20010056 appspawn-x
29114 (com.a2hlab.brid) S 27088 0 0 0 -1 4194624 72512 0 0 0 288 217 0 0 0 -20 72 0 5693405 8062111744 108410 18446744073709551615 367320704532 367320770256 549247548272 0 0 0 4612 0 1619039482 0 0 0 17 6 0 0 0 0 0 367320781192 367320781352 367522611200 549247552114 549247552161 549247552161 549247553505 0
T 56946.50
P 29114 27088 20010056 appspawn-x
29114 (com.a2hlab.brid) S 27088 0 0 0 -1 4194624 72557 0 0 0 290 219 0 0 0 -20 72 0 5693405 8062111744 108476 18446744073709551615 367320704532 367320770256 549247548272 0 0 0 4612 0 1619039482 0 0 0 17 6 0 0 0 0 0 367320781192 367320781352 367522611200 549247552114 549247552161 549247552161 549247553505 0
T 56946.68
P 29114 27088 20010056 appspawn-x
29114 (com.a2hlab.brid) S 27088 0 0 0 -1 4194624 72593 0 0 0 293 220 0 0 0 -20 72 0 5693405 8062111744 108476 18446744073709551615 367320704532 367320770256 549247548272 0 0 0 4612 0 1619039482 0 0 0 17 6 0 0 0 0 0 367320781192 367320781352 367522611200 549247552114 549247552161 549247552161 549247553505 0
T 56946.86
P 29114 27088 20010056 appspawn-x
29114 (com.a2hlab.brid) S 27088 0 0 0 -1 4194624 72629 0 0 0 295 222 0 0 0 -20 72 0 5693405 8062111744 108542 18446744073709551615 367320704532 367320770256 549247548272 0 0 0 4612 0 1619039482 0 0 0 17 6 0 0 0 0 0 367320781192 367320781352 367522611200 549247552114 549247552161 549247552161 549247553505 0
T 56947.02
P 29114 27088 20010056 appspawn-x
29114 (com.a2hlab.brid) S 27088 0 0 0 -1 4194624 72672 0 0 0 297 224 0 0 0 -20 72 0 5693405 8062111744 109566 18446744073709551615 367320704532 367320770256 549247548272 0 0 0 4612 0 1619039482 0 0 0 17 6 0 0 0 0 0 367320781192 367320781352 367522611200 549247552114 549247552161 549247552161 549247553505 0
T 56947.20
P 29114 27088 20010056 appspawn-x
29114 (com.a2hlab.brid) S 27088 0 0 0 -1 4194624 72709 0 0 0 298 227 0 0 0 -20 72 0 5693405 8062111744 108608 18446744073709551615 367320704532 367320770256 549247548272 0 0 0 4612 0 1619039482 0 0 0 17 6 0 0 0 0 0 367320781192 367320781352 367522611200 549247552114 549247552161 549247552161 549247553505 0
T 56947.37
P 29114 27088 20010056 appspawn-x
29114 (com.a2hlab.brid) S 27088 0 0 0 -1 4194624 72745 0 0 0 299 229 0 0 0 -20 72 0 5693405 8062111744 108608 18446744073709551615 367320704532 367320770256 549247548272 0 0 0 4612 0 1619039482 0 0 0 17 6 0 0 0 0 0 367320781192 367320781352 367522611200 549247552114 549247552161 549247552161 549247553505 0
T 56947.56
P 29114 27088 20010056 appspawn-x
29114 (com.a2hlab.brid) S 27088 0 0 0 -1 4194624 72789 0 0 0 301 231 0 0 0 -20 72 0 5693405 8062111744 108674 18446744073709551615 367320704532 367320770256 549247548272 0 0 0 4612 0 1619039482 0 0 0 17 6 0 0 0 0 0 367320781192 367320781352 367522611200 549247552114 549247552161 549247552161 549247553505 0
T 56947.74
P 29114 27088 20010056 appspawn-x
29114 (com.a2hlab.brid) S 27088 0 0 0 -1 4194624 72825 0 0 0 303 233 0 0 0 -20 72 0 5693405 8062111744 108674 18446744073709551615 367320704532 367320770256 549247548272 0 0 0 4612 0 1619039482 0 0 0 17 6 0 0 0 0 0 367320781192 367320781352 367522611200 549247552114 549247552161 549247552161 549247553505 0
T 56947.91
P 29114 27088 20010056 appspawn-x
29114 (com.a2hlab.brid) S 27088 0 0 0 -1 4194624 72869 0 0 0 306 234 0 0 0 -20 72 0 5693405 8070725632 109252 18446744073709551615 367320704532 367320770256 549247548272 0 0 0 4612 0 1619039482 0 0 0 17 6 0 0 0 0 0 367320781192 367320781352 367522611200 549247552114 549247552161 549247552161 549247553505 0
T 56948.10
P 29114 27088 20010056 appspawn-x
29114 (com.a2hlab.brid) S 27088 0 0 0 -1 4194624 72911 0 0 0 307 237 0 0 0 -20 72 0 5693405 8062111744 108740 18446744073709551615 367320704532 367320770256 549247548272 0 0 0 4612 0 1619039482 0 0 0 17 6 0 0 0 0 0 367320781192 367320781352 367522611200 549247552114 549247552161 549247552161 549247553505 0
T 56948.30
P 29114 27088 20010056 appspawn-x
29114 (com.a2hlab.brid) S 27088 0 0 0 -1 4194624 72950 0 0 0 309 240 0 0 0 -20 72 0 5693405 8062111744 108806 18446744073709551615 367320704532 367320770256 549247548272 0 0 0 4612 0 1619039482 0 0 0 17 6 0 0 0 0 0 367320781192 367320781352 367522611200 549247552114 549247552161 549247552161 549247553505 0
T 56948.48
P 29114 27088 20010056 appspawn-x
29114 (com.a2hlab.brid) S 27088 0 0 0 -1 4194624 72986 0 0 0 310 242 0 0 0 -20 72 0 5693405 8062111744 108806 18446744073709551615 367320704532 367320770256 549247548272 0 0 0 4612 0 1619039482 0 0 0 17 6 0 0 0 0 0 367320781192 367320781352 367522611200 549247552114 549247552161 549247552161 549247553505 0
T 56948.66
P 29114 27088 20010056 appspawn-x
29114 (com.a2hlab.brid) S 27088 0 0 0 -1 4194624 73030 0 0 0 311 245 0 0 0 -20 72 0 5693405 8062111744 108872 18446744073709551615 367320704532 367320770256 549247548272 0 0 0 4612 0 1619039482 0 0 0 17 6 0 0 0 0 0 367320781192 367320781352 367522611200 549247552114 549247552161 549247552161 549247553505 0
T 56948.86
P 29114 27088 20010056 appspawn-x
29114 (com.a2hlab.brid) S 27088 0 0 0 -1 4194624 73073 0 0 0 313 248 0 0 0 -20 72 0 5693405 8062111744 108872 18446744073709551615 367320704532 367320770256 549247548272 0 0 0 4612 0 1619039482 0 0 0 17 6 0 0 0 0 0 367320781192 367320781352 367522611200 549247552114 549247552161 549247552161 549247553505 0
T 56949.04
P 29114 27088 20010056 appspawn-x
29114 (com.a2hlab.brid) S 27088 0 0 0 -1 4194624 73118 0 0 0 314 251 0 0 0 -20 72 0 5693405 8062111744 108937 18446744073709551615 367320704532 367320770256 549247548272 0 0 0 4612 0 1619039482 0 0 0 17 6 0 0 0 0 0 367320781192 367320781352 367522611200 549247552114 549247552161 549247552161 549247553505 0
T 56949.24
P 29114 27088 20010056 appspawn-x
29114 (com.a2hlab.brid) S 27088 0 0 0 -1 4194624 73164 0 0 0 317 252 0 0 0 -20 72 0 5693405 8062111744 109961 18446744073709551615 367320704532 367320770256 549247548272 0 0 0 4612 0 1619039482 0 0 0 17 6 0 0 0 0 0 367320781192 367320781352 367522611200 549247552114 549247552161 549247552161 549247553505 0
T 56949.44
P 29114 27088 20010056 appspawn-x
29114 (com.a2hlab.brid) S 27088 0 0 0 -1 4194624 73207 0 0 0 319 254 0 0 0 -20 72 0 5693405 8062111744 109002 18446744073709551615 367320704532 367320770256 549247548272 0 0 0 4612 0 1619039482 0 0 0 17 6 0 0 0 0 0 367320781192 367320781352 367522611200 549247552114 549247552161 549247552161 549247553505 0
T 56949.64
P 29114 27088 20010056 appspawn-x
29114 (com.a2hlab.brid) S 27088 0 0 0 -1 4194624 73244 0 0 0 321 256 0 0 0 -20 72 0 5693405 8062111744 109002 18446744073709551615 367320704532 367320770256 549247548272 0 0 0 4612 0 1619039482 0 0 0 17 6 0 0 0 0 0 367320781192 367320781352 367522611200 549247552114 549247552161 549247552161 549247553505 0
T 56949.82
P 29114 27088 20010056 appspawn-x
29114 (com.a2hlab.brid) S 27088 0 0 0 -1 4194624 73285 0 0 0 324 258 0 0 0 -20 72 0 5693405 8062111744 109580 18446744073709551615 367320704532 367320770256 549247548272 0 0 0 4612 0 1619039482 0 0 0 17 6 0 0 0 0 0 367320781192 367320781352 367522611200 549247552114 549247552161 549247552161 549247553505 0
