T 8714.29
T 8714.46
T 8714.64
T 8714.83
P 24004 1402 20010079 appspawn-x
24004 (main) R 1402 0 0 0 -1 4194624 12928 0 0 0 5 20 0 0 0 -20 1 0 871466 3341262848 17600 18446744073709551615 367306638804 367306705120 549462225152 0 0 0 4612 0 1073779962 0 0 0 17 5 0 0 0 0 0 367306716056 367306716216 367548850176 549462227549 549462227596 549462227596 549462228961 0
T 8715.05
P 24004 1402 20010079 appspawn-x
24004 (main) R 1402 0 0 0 -1 4194624 15505 0 0 0 8 28 0 0 0 -20 10 0 871466 3518955520 24236 18446744073709551615 367306638804 367306705120 549462225152 0 0 0 4612 0 1073779962 0 0 0 17 7 0 0 0 0 0 367306716056 367306716216 367548850176 549462227549 549462227596 549462227596 549462228961 0
T 8715.22
P 24004 1402 20010079 appspawn-x
24004 (main) R 1402 0 0 0 -1 4194624 16920 0 0 0 22 30 0 0 0 -20 10 0 871466 3518976000 26187 18446744073709551615 367306638804 367306705120 549462225152 0 0 0 4612 0 1073779962 0 0 0 17 7 0 0 0 0 0 367306716056 367306716216 367548850176 549462227549 549462227596 549462227596 549462228961 0
T 8715.38
P 24004 1402 20010079 appspawn-x
24004 (main) R 1402 0 0 0 -1 4194624 21751 0 0 0 33 38 0 0 0 -20 12 0 871466 3688488960 50919 18446744073709551615 367306638804 367306705120 549462225152 0 0 0 4612 0 1073779962 0 0 0 17 7 0 0 0 0 0 367306716056 367306716216 367548850176 549462227549 549462227596 549462227596 549462228961 0
T 8715.56
P 24004 1402 20010079 appspawn-x
24004 (net.thunderbird) R 1402 0 0 0 -1 4194624 30770 0 0 0 39 48 0 0 0 -20 12 0 871466 3721003008 59975 18446744073709551615 367306638804 367306705120 549462225152 0 0 0 4612 0 1073779962 0 0 0 17 7 0 0 0 0 0 367306716056 367306716216 367548850176 549462227549 549462227596 549462227596 549462228961 0
T 8715.73
P 24004 1402 20010079 appspawn-x
24004 (net.thunderbird) R 1402 0 0 0 -1 4194624 37732 0 0 0 52 53 0 0 0 -20 12 0 871466 3743232000 65436 18446744073709551615 367306638804 367306705120 549462225152 0 0 0 4612 0 1073779962 0 0 0 17 7 0 0 0 0 0 367306716056 367306716216 367548850176 549462227549 549462227596 549462227596 549462228961 0
T 8715.92
P 24004 1402 20010079 appspawn-x
24004 (<pre-initialize) R 1402 0 0 0 -1 1077936448 39988 0 0 0 65 57 0 0 0 -20 14 0 871466 3734257664 58765 18446744073709551615 367306638804 367306705120 549462225152 0 0 0 4612 0 1073779962 0 0 0 17 4 0 0 0 0 0 367306716056 367306716216 367548850176 549462227549 549462227596 549462227596 549462228961 0
T 8716.11
P 24004 1402 20010079 appspawn-x
24004 (net.thunderbird) R 1402 0 0 0 -1 4194624 43361 0 2 0 80 61 0 0 0 -20 14 0 871466 3801321472 63992 18446744073709551615 367306638804 367306705120 549462225152 0 0 0 4612 0 1073779962 0 0 0 17 7 0 0 0 0 0 367306716056 367306716216 367548850176 549462227549 549462227596 549462227596 549462228961 0
T 8716.31
P 24004 1402 20010079 appspawn-x
24004 (net.thunderbird) R 1402 0 0 0 -1 4194624 44704 0 2 0 94 63 0 0 0 -20 14 0 871466 3806711808 65025 18446744073709551615 367306638804 367306705120 549462225152 0 0 0 4612 0 1073779962 0 0 0 17 7 0 0 0 0 0 367306716056 367306716216 367548850176 549462227549 549462227596 549462227596 549462228961 0
T 8716.51
P 24004 1402 20010079 appspawn-x
24004 (net.thunderbird) R 1402 0 0 0 -1 4194624 44961 0 2 0 107 70 0 0 0 -20 14 0 871466 3802755072 64856 18446744073709551615 367306638804 367306705120 549462225152 0 0 0 4612 0 1073779962 0 0 0 17 7 0 0 0 0 0 367306716056 367306716216 367548850176 549462227549 549462227596 549462227596 549462228961 0
T 8716.69
P 24004 1402 20010079 appspawn-x
24004 (net.thunderbird) R 1402 0 0 0 -1 4194624 45248 0 2 0 120 76 0 0 0 -20 14 0 871466 3803160576 65065 18446744073709551615 367306638804 367306705120 549462225152 0 0 0 4612 0 1073779962 0 0 0 17 7 0 0 0 0 0 367306716056 367306716216 367548850176 549462227549 549462227596 549462227596 549462228961 0
T 8716.88
P 24004 1402 20010079 appspawn-x
24004 (net.thunderbird) R 1402 0 0 0 -1 4194624 45609 0 2 0 134 84 0 0 0 -20 15 0 871466 3812081664 65891 18446744073709551615 367306638804 367306705120 549462225152 0 0 0 4612 0 1073779962 0 0 0 17 7 0 0 0 0 0 367306716056 367306716216 367548850176 549462227549 549462227596 549462227596 549462228961 0
T 8717.10
P 24004 1402 20010079 appspawn-x
24004 (net.thunderbird) R 1402 0 0 0 -1 4194624 46657 0 2 0 146 87 0 0 0 -20 15 0 871466 3812425728 67498 18446744073709551615 367306638804 367306705120 549462225152 0 0 0 4612 0 1073779962 0 0 0 17 7 0 0 0 0 0 367306716056 367306716216 367548850176 549462227549 549462227596 549462227596 549462228961 0
T 8717.30
P 24004 1402 20010079 appspawn-x
24004 (net.thunderbird) R 1402 0 0 0 -1 4194624 47852 0 2 0 150 91 0 0 0 -20 20 0 871466 3818356736 67675 18446744073709551615 367306638804 367306705120 549462225152 0 0 0 4612 0 1073779962 0 0 0 17 5 0 0 0 0 0 367306716056 367306716216 367548850176 549462227549 549462227596 549462227596 549462228961 0
T 8717.48
P 24004 1402 20010079 appspawn-x
24004 (net.thunderbird) R 1402 0 0 0 -1 4194624 48450 0 2 0 164 101 0 0 0 -20 24 0 871466 3830628352 68322 18446744073709551615 367306638804 367306705120 549462225152 0 0 0 4612 0 1073779962 0 0 0 17 7 0 0 0 0 0 367306716056 367306716216 367548850176 549462227549 549462227596 549462227596 549462228961 0
T 8717.66
T 8717.87
T 8718.06
T 8718.25
T 8718.42
T 8718.62
T 8718.80
T 8718.99
T 8719.17
T 8719.36
T 8719.55
T 8719.74
T 8719.91
T 8720.10
T 8720.27
T 8720.46
T 8720.66
T 8720.84
T 8721.01
T 8721.20
T 8721.39
T 8721.56
T 8721.73
T 8721.91
T 8722.10
T 8722.28
T 8722.47
T 8722.65
T 8722.84
T 8723.01
T 8723.20
T 8723.38
T 8723.55
T 8723.72
T 8723.91
T 8724.10
T 8724.28
T 8724.48
T 8724.66
T 8724.84
T 8725.00
T 8725.20
T 8725.37
T 8725.56
T 8725.74
T 8725.92
T 8726.10
T 8726.27
T 8726.45
T 8726.64
T 8726.82
T 8727.00
T 8727.17
T 8727.33
T 8727.51
T 8727.70
T 8727.90
T 8728.09
T 8728.28
T 8728.44
T 8728.64
T 8728.82
T 8728.99
T 8729.18
T 8729.35
T 8729.52
T 8729.71
T 8729.88
T 8730.05
T 8730.22
T 8730.42
