T 31342.96
T 31343.14
T 31343.34
P 13149 7245 20010056 appspawn-x
13149 (b.bridge.zigzag) R 7245 0 0 0 -1 4194624 248 0 0 0 11 3 0 0 0 -20 1 0 3134330 2197676032 1614 18446744073709551615 367075120660 367075186384 548916966048 0 0 0 0 4096 1073775866 0 0 0 17 6 0 0 0 0 0 367075197320 367075197480 367126937600 548916968050 548916968097 548916968097 548916969441 0
T 31343.58
P 13149 7245 20010056 appspawn-x
13149 (b.bridge.zigzag) R 7245 0 0 0 -1 4194624 10830 0 0 0 19 14 0 0 0 -20 1 0 3134330 2456219648 14110 18446744073709551615 367075120660 367075186384 548916966048 0 0 0 0 4096 1073775866 0 0 0 17 4 0 0 0 0 0 367075197320 367075197480 367126937600 548916968050 548916968097 548916968097 548916969441 0
T 31343.79
P 13149 7245 20010056 appspawn-x
13149 (main) R 7245 0 0 0 -1 4194624 14766 0 0 0 26 23 0 0 0 -20 10 0 3134330 3448496128 21525 18446744073709551615 367075120660 367075186384 548916966048 0 0 0 4612 0 1073779962 0 0 0 17 5 0 0 0 0 0 367075197320 367075197480 367126937600 548916968050 548916968097 548916968097 548916969441 0
T 31343.99
P 13149 7245 20010056 appspawn-x
13149 (main) R 7245 0 0 0 -1 4194624 16758 0 0 0 42 26 0 0 0 -20 10 0 3134330 3520974848 26280 18446744073709551615 367075120660 367075186384 548916966048 0 0 0 4612 0 1073779962 0 0 0 17 7 0 0 0 0 0 367075197320 367075197480 367126937600 548916968050 548916968097 548916968097 548916969441 0
T 31344.18
P 13149 7245 20010056 appspawn-x
13149 (main) R 7245 0 0 0 -1 4194624 20858 0 0 0 53 34 0 0 0 -20 10 0 3134330 3584401408 47085 18446744073709551615 367075120660 367075186384 548916966048 0 0 0 4612 0 1073779962 0 0 0 17 7 0 0 0 0 0 367075197320 367075197480 367126937600 548916968050 548916968097 548916968097 548916969441 0
T 31344.38
P 13149 7245 20010056 appspawn-x
13149 (com.a2hlab.brid) R 7245 0 0 0 -1 4194624 28332 0 0 0 65 41 0 0 0 -20 12 0 3134330 3711533056 56867 18446744073709551615 367075120660 367075186384 548916966048 0 0 0 4612 0 1073779962 0 0 0 17 7 0 0 0 0 0 367075197320 367075197480 367126937600 548916968050 548916968097 548916968097 548916969441 0
T 31344.58
P 13149 7245 20010056 appspawn-x
13149 (com.a2hlab.brid) R 7245 0 0 0 -1 4194624 37328 0 0 0 80 47 0 0 0 -20 12 0 3134330 3742072832 64306 18446744073709551615 367075120660 367075186384 548916966048 0 0 0 4612 0 1073779962 0 0 0 17 7 0 0 0 0 0 367075197320 367075197480 367126937600 548916968050 548916968097 548916968097 548916969441 0
T 31344.78
P 13149 7245 20010056 appspawn-x
13149 (<pre-initialize) R 7245 0 0 0 -1 4194624 39618 0 0 0 95 52 0 0 0 -20 13 0 3134330 3725553664 57069 18446744073709551615 367075120660 367075186384 548916966048 0 0 0 4612 0 1073779962 0 0 0 17 4 0 0 0 0 0 367075197320 367075197480 367126937600 548916968050 548916968097 548916968097 548916969441 0
T 31344.98
P 13149 7245 20010056 appspawn-x
13149 (com.a2hlab.brid) R 7245 0 0 0 -1 4194624 42650 0 0 0 103 58 0 0 0 -20 14 0 3134330 4116418560 66595 18446744073709551615 367075120660 367075186384 548916966048 0 0 0 4612 0 1073779962 0 0 0 17 6 0 0 0 0 0 367075197320 367075197480 367126937600 548916968050 548916968097 548916968097 548916969441 0
T 31345.13
P 13149 7245 20010056 appspawn-x
13149 (com.a2hlab.brid) S 7245 0 0 0 -1 1077936448 43989 0 0 0 110 63 0 0 0 -20 30 0 3134330 4251627520 70193 18446744073709551615 367075120660 367075186384 548916966048 0 0 0 4612 0 1073779962 0 0 0 17 7 0 0 0 0 0 367075197320 367075197480 367126937600 548916968050 548916968097 548916968097 548916969441 0
T 31345.29
P 13149 7245 20010056 appspawn-x
13149 (com.a2hlab.brid) S 7245 0 0 0 -1 4194624 48053 0 0 0 121 70 0 0 0 -20 38 0 3134330 6505660416 75680 18446744073709551615 367075120660 367075186384 548916966048 0 0 0 4612 0 1073779962 0 0 0 17 4 0 0 0 0 0 367075197320 367075197480 367126937600 548916968050 548916968097 548916968097 548916969441 0
T 31345.48
P 13149 7245 20010056 appspawn-x
13149 (com.a2hlab.brid) S 7245 0 0 0 -1 4194624 48144 0 0 0 137 71 0 0 0 -20 38 0 3134330 6505664512 75845 18446744073709551615 367075120660 367075186384 548916966048 0 0 0 4612 0 1073779962 0 0 0 17 4 0 0 0 0 0 367075197320 367075197480 367126937600 548916968050 548916968097 548916968097 548916969441 0
T 31345.66
P 13149 7245 20010056 appspawn-x
13149 (com.a2hlab.brid) S 7245 0 0 0 -1 4194624 53619 0 0 0 151 78 0 0 0 -20 62 0 3134330 6731587584 82590 18446744073709551615 367075120660 367075186384 548916966048 0 0 0 4612 0 1619039482 0 0 0 17 5 0 0 0 0 0 367075197320 367075197480 367126937600 548916968050 548916968097 548916968097 548916969441 0
T 31345.84
P 13149 7245 20010056 appspawn-x
13149 (com.a2hlab.brid) S 7245 0 0 0 -1 4194624 55520 0 0 0 155 82 0 0 0 -20 62 0 3134330 7001346048 83555 18446744073709551615 367075120660 367075186384 548916966048 0 0 0 4612 0 1619039482 0 0 0 17 7 0 0 0 0 0 367075197320 367075197480 367126937600 548916968050 548916968097 548916968097 548916969441 0
T 31346.02
P 13149 7245 20010056 appspawn-x
13149 (com.a2hlab.brid) S 7245 0 0 0 -1 4194624 60872 0 0 0 164 90 0 0 0 -20 66 0 3134330 7605936128 94724 18446744073709551615 367075120660 367075186384 548916966048 0 0 0 4612 0 1619039482 0 0 0 17 7 0 0 0 0 0 367075197320 367075197480 367126937600 548916968050 548916968097 548916968097 548916969441 0
T 31346.20
P 13149 7245 20010056 appspawn-x
13149 (com.a2hlab.brid) S 7245 0 0 0 -1 4194624 64001 0 0 0 177 99 0 0 0 -20 67 0 3134330 7960457216 99026 18446744073709551615 367075120660 367075186384 548916966048 0 0 0 4612 0 1619039482 0 0 0 17 0 0 0 0 0 0 367075197320 367075197480 367126937600 548916968050 548916968097 548916968097 548916969441 0
T 31346.40
P 13149 7245 20010056 appspawn-x
13149 (com.a2hlab.brid) S 7245 0 0 0 -1 4194624 64153 0 0 0 180 100 0 0 0 -20 67 0 3134330 7960457216 99125 18446744073709551615 367075120660 367075186384 548916966048 0 0 0 4612 0 1619039482 0 0 0 17 0 0 0 0 0 0 367075197320 367075197480 367126937600 548916968050 548916968097 548916968097 548916969441 0
T 31346.59
P 13149 7245 20010056 appspawn-x
13149 (com.a2hlab.brid) S 7245 0 0 0 -1 4194624 64232 0 0 0 180 101 0 0 0 -20 67 0 3134330 7960457216 99157 18446744073709551615 367075120660 367075186384 548916966048 0 0 0 4612 0 1619039482 0 0 0 17 2 0 0 0 0 0 367075197320 367075197480 367126937600 548916968050 548916968097 548916968097 548916969441 0
T 31346.76
P 13149 7245 20010056 appspawn-x
13149 (com.a2hlab.brid) S 7245 0 0 0 -1 4194624 64257 0 0 0 182 103 0 0 0 -20 67 0 3134330 7960457216 99193 18446744073709551615 367075120660 367075186384 548916966048 0 0 0 4612 0 1619039482 0 0 0 17 2 0 0 0 0 0 367075197320 367075197480 367126937600 548916968050 548916968097 548916968097 548916969441 0
T 31346.93
P 13149 7245 20010056 appspawn-x
13149 (com.a2hlab.brid) S 7245 0 0 0 -1 4194624 64372 0 0 0 183 105 0 0 0 -20 67 0 3134330 7960457216 99230 18446744073709551615 367075120660 367075186384 548916966048 0 0 0 4612 0 1619039482 0 0 0 17 2 0 0 0 0 0 367075197320 367075197480 367126937600 548916968050 548916968097 548916968097 548916969441 0
T 31347.09
P 13149 7245 20010056 appspawn-x
13149 (com.a2hlab.brid) S 7245 0 0 0 -1 4194624 64490 0 0 0 184 107 0 0 0 -20 67 0 3134330 7960457216 99301 18446744073709551615 367075120660 367075186384 548916966048 0 0 0 4612 0 1619039482 0 0 0 17 2 0 0 0 0 0 367075197320 367075197480 367126937600 548916968050 548916968097 548916968097 548916969441 0
T 31347.25
P 13149 7245 20010056 appspawn-x
13149 (com.a2hlab.brid) S 7245 0 0 0 -1 4194624 64620 0 0 0 186 110 0 0 0 -20 67 0 3134330 7960457216 99339 18446744073709551615 367075120660 367075186384 548916966048 0 0 0 4612 0 1619039482 0 0 0 17 2 0 0 0 0 0 367075197320 367075197480 367126937600 548916968050 548916968097 548916968097 548916969441 0
T 31347.42
P 13149 7245 20010056 appspawn-x
13149 (com.a2hlab.brid) S 7245 0 0 0 -1 4194624 64744 0 0 0 188 112 0 0 0 -20 67 0 3134330 7960457216 99410 18446744073709551615 367075120660 367075186384 548916966048 0 0 0 4612 0 1619039482 0 0 0 17 2 0 0 0 0 0 367075197320 367075197480 367126937600 548916968050 548916968097 548916968097 548916969441 0
T 31347.62
P 13149 7245 20010056 appspawn-x
13149 (com.a2hlab.brid) S 7245 0 0 0 -1 4194624 64876 0 0 0 189 114 0 0 0 -20 67 0 3134330 7960457216 99537 18446744073709551615 367075120660 367075186384 548916966048 0 0 0 4612 0 1619039482 0 0 0 17 2 0 0 0 0 0 367075197320 367075197480 367126937600 548916968050 548916968097 548916968097 548916969441 0
T 31347.79
P 13149 7245 20010056 appspawn-x
13149 (com.a2hlab.brid) S 7245 0 0 0 -1 4194624 64949 0 0 0 190 116 0 0 0 -20 67 0 3134330 7960457216 99543 18446744073709551615 367075120660 367075186384 548916966048 0 0 0 4612 0 1619039482 0 0 0 17 2 0 0 0 0 0 367075197320 367075197480 367126937600 548916968050 548916968097 548916968097 548916969441 0
T 31347.95
P 13149 7245 20010056 appspawn-x
13149 (com.a2hlab.brid) S 7245 0 0 0 -1 4194624 65036 0 0 0 192 118 0 0 0 -20 67 0 3134330 7960457216 99580 18446744073709551615 367075120660 367075186384 548916966048 0 0 0 4612 0 1619039482 0 0 0 17 2 0 0 0 0 0 367075197320 367075197480 367126937600 548916968050 548916968097 548916968097 548916969441 0
T 31348.13
P 13149 7245 20010056 appspawn-x
13149 (com.a2hlab.brid) S 7245 0 0 0 -1 4194624 65147 0 0 0 193 121 0 0 0 -20 67 0 3134330 7960539136 99646 18446744073709551615 367075120660 367075186384 548916966048 0 0 0 4612 0 1619039482 0 0 0 17 7 0 0 0 0 0 367075197320 367075197480 367126937600 548916968050 548916968097 548916968097 548916969441 0
T 31348.29
P 13149 7245 20010056 appspawn-x
13149 (com.a2hlab.brid) S 7245 0 0 0 -1 4194624 67665 0 0 0 202 127 0 0 0 -20 70 0 3134330 8046706688 103147 18446744073709551615 367075120660 367075186384 548916966048 0 0 0 4612 0 1619039482 0 0 0 17 7 0 0 0 0 0 367075197320 367075197480 367126937600 548916968050 548916968097 548916968097 548916969441 0
T 31348.44
P 13149 7245 20010056 appspawn-x
13149 (com.a2hlab.brid) S 7245 0 0 0 -1 4194624 69734 0 0 0 214 132 0 0 0 -20 71 0 3134330 8052506624 106906 18446744073709551615 367075120660 367075186384 548916966048 0 0 0 4612 0 1619039482 0 0 0 17 7 0 0 0 0 0 367075197320 367075197480 367126937600 548916968050 548916968097 548916968097 548916969441 0
T 31348.60
P 13149 7245 20010056 appspawn-x
13149 (com.a2hlab.brid) S 7245 0 0 0 -1 4194624 70032 0 0 0 215 135 0 0 0 -20 71 0 3134330 8052506624 106028 18446744073709551615 367075120660 367075186384 548916966048 0 0 0 4612 0 1619039482 0 0 0 17 1 0 0 0 0 0 367075197320 367075197480 367126937600 548916968050 548916968097 548916968097 548916969441 0
T 31348.77
P 13149 7245 20010056 appspawn-x
13149 (com.a2hlab.brid) S 7245 0 0 0 -1 4194624 70276 0 0 0 217 137 0 0 0 -20 71 0 3134330 8052506624 106226 18446744073709551615 367075120660 367075186384 548916966048 0 0 0 4612 0 1619039482 0 0 0 17 1 0 0 0 0 0 367075197320 367075197480 367126937600 548916968050 548916968097 548916968097 548916969441 0
T 31348.94
P 13149 7245 20010056 appspawn-x
13149 (com.a2hlab.brid) S 7245 0 0 0 -1 4194624 70473 0 0 0 219 138 0 0 0 -20 71 0 3134330 8052506624 106371 18446744073709551615 367075120660 367075186384 548916966048 0 0 0 4612 0 1619039482 0 0 0 17 1 0 0 0 0 0 367075197320 367075197480 367126937600 548916968050 548916968097 548916968097 548916969441 0
T 31349.12
P 13149 7245 20010056 appspawn-x
13149 (com.a2hlab.brid) S 7245 0 0 0 -1 4194624 70634 0 0 0 221 140 0 0 0 -20 71 0 3134330 8052506624 106491 18446744073709551615 367075120660 367075186384 548916966048 0 0 0 4612 0 1619039482 0 0 0 17 1 0 0 0 0 0 367075197320 367075197480 367126937600 548916968050 548916968097 548916968097 548916969441 0
T 31349.30
P 13149 7245 20010056 appspawn-x
13149 (com.a2hlab.brid) S 7245 0 0 0 -1 4194624 70754 0 0 0 224 142 0 0 0 -20 71 0 3134330 8052506624 106659 18446744073709551615 367075120660 367075186384 548916966048 0 0 0 4612 0 1619039482 0 0 0 17 1 0 0 0 0 0 367075197320 367075197480 367126937600 548916968050 548916968097 548916968097 548916969441 0
T 31349.48
P 13149 7245 20010056 appspawn-x
13149 (com.a2hlab.brid) S 7245 0 0 0 -1 4194624 70946 0 0 0 225 144 0 0 0 -20 71 0 3134330 8052506624 106756 18446744073709551615 367075120660 367075186384 548916966048 0 0 0 4612 0 1619039482 0 0 0 17 1 0 0 0 0 0 367075197320 367075197480 367126937600 548916968050 548916968097 548916968097 548916969441 0
T 31349.66
P 13149 7245 20010056 appspawn-x
13149 (com.a2hlab.brid) S 7245 0 0 0 -1 4194624 71042 0 0 0 227 146 0 0 0 -20 71 0 3134330 8052506624 106810 18446744073709551615 367075120660 367075186384 548916966048 0 0 0 4612 0 1619039482 0 0 0 17 1 0 0 0 0 0 367075197320 367075197480 367126937600 548916968050 548916968097 548916968097 548916969441 0
T 31349.82
P 13149 7245 20010056 appspawn-x
13149 (com.a2hlab.brid) S 7245 0 0 0 -1 4194624 71116 0 0 0 230 148 0 0 0 -20 71 0 3134330 8052506624 106870 18446744073709551615 367075120660 367075186384 548916966048 0 0 0 4612 0 1619039482 0 0 0 17 1 0 0 0 0 0 367075197320 367075197480 367126937600 548916968050 548916968097 548916968097 548916969441 0
T 31349.98
P 13149 7245 20010056 appspawn-x
13149 (com.a2hlab.brid) S 7245 0 0 0 -1 4194624 71178 0 0 0 232 149 0 0 0 -20 71 0 3134330 8052506624 106920 18446744073709551615 367075120660 367075186384 548916966048 0 0 0 4612 0 1619039482 0 0 0 17 1 0 0 0 0 0 367075197320 367075197480 367126937600 548916968050 548916968097 548916968097 548916969441 0
T 31350.14
P 13149 7245 20010056 appspawn-x
13149 (com.a2hlab.brid) S 7245 0 0 0 -1 4194624 71286 0 0 0 235 150 0 0 0 -20 71 0 3134330 8052506624 106978 18446744073709551615 367075120660 367075186384 548916966048 0 0 0 4612 0 1619039482 0 0 0 17 1 0 0 0 0 0 367075197320 367075197480 367126937600 548916968050 548916968097 548916968097 548916969441 0
T 31350.30
P 13149 7245 20010056 appspawn-x
13149 (com.a2hlab.brid) S 7245 0 0 0 -1 4194624 71338 0 0 0 236 153 0 0 0 -20 71 0 3134330 8052506624 108068 18446744073709551615 367075120660 367075186384 548916966048 0 0 0 4612 0 1619039482 0 0 0 17 1 0 0 0 0 0 367075197320 367075197480 367126937600 548916968050 548916968097 548916968097 548916969441 0
T 31350.46
P 13149 7245 20010056 appspawn-x
13149 (com.a2hlab.brid) S 7245 0 0 0 -1 4194624 71369 0 0 0 238 154 0 0 0 -20 71 0 3134330 8052506624 107044 18446744073709551615 367075120660 367075186384 548916966048 0 0 0 4612 0 1619039482 0 0 0 17 1 0 0 0 0 0 367075197320 367075197480 367126937600 548916968050 548916968097 548916968097 548916969441 0
T 31350.62
P 13149 7245 20010056 appspawn-x
13149 (com.a2hlab.brid) S 7245 0 0 0 -1 4194624 71412 0 0 0 238 157 0 0 0 -20 71 0 3134330 8052506624 107111 18446744073709551615 367075120660 367075186384 548916966048 0 0 0 4612 0 1619039482 0 0 0 17 1 0 0 0 0 0 367075197320 367075197480 367126937600 548916968050 548916968097 548916968097 548916969441 0
T 31350.79
P 13149 7245 20010056 appspawn-x
13149 (com.a2hlab.brid) S 7245 0 0 0 -1 4194624 71484 0 0 0 240 160 0 0 0 -20 71 0 3134330 8052506624 108134 18446744073709551615 367075120660 367075186384 548916966048 0 0 0 4612 0 1619039482 0 0 0 17 1 0 0 0 0 0 367075197320 367075197480 367126937600 548916968050 548916968097 548916968097 548916969441 0
T 31350.97
P 13149 7245 20010056 appspawn-x
13149 (com.a2hlab.brid) S 7245 0 0 0 -1 4194624 71555 0 0 0 243 160 0 0 0 -20 71 0 3134330 8052506624 107176 18446744073709551615 367075120660 367075186384 548916966048 0 0 0 4612 0 1619039482 0 0 0 17 1 0 0 0 0 0 367075197320 367075197480 367126937600 548916968050 548916968097 548916968097 548916969441 0
T 31351.16
P 13149 7245 20010056 appspawn-x
13149 (com.a2hlab.brid) S 7245 0 0 0 -1 4194624 71604 0 0 0 246 162 0 0 0 -20 71 0 3134330 8052506624 107245 18446744073709551615 367075120660 367075186384 548916966048 0 0 0 4612 0 1619039482 0 0 0 17 1 0 0 0 0 0 367075197320 367075197480 367126937600 548916968050 548916968097 548916968097 548916969441 0
T 31351.34
P 13149 7245 20010056 appspawn-x
13149 (com.a2hlab.brid) S 7245 0 0 0 -1 4194624 71652 0 0 0 249 163 0 0 0 -20 71 0 3134330 8052506624 107245 18446744073709551615 367075120660 367075186384 548916966048 0 0 0 4612 0 1619039482 0 0 0 17 1 0 0 0 0 0 367075197320 367075197480 367126937600 548916968050 548916968097 548916968097 548916969441 0
T 31351.54
P 13149 7245 20010056 appspawn-x
13149 (com.a2hlab.brid) S 7245 0 0 0 -1 4194624 71698 0 0 0 251 165 0 0 0 -20 71 0 3134330 8052506624 107312 18446744073709551615 367075120660 367075186384 548916966048 0 0 0 4612 0 1619039482 0 0 0 17 1 0 0 0 0 0 367075197320 367075197480 367126937600 548916968050 548916968097 548916968097 548916969441 0
T 31351.72
P 13149 7245 20010056 appspawn-x
13149 (com.a2hlab.brid) S 7245 0 0 0 -1 4194624 71747 0 0 0 254 166 0 0 0 -20 71 0 3134330 8052506624 107311 18446744073709551615 367075120660 367075186384 548916966048 0 0 0 4612 0 1619039482 0 0 0 17 1 0 0 0 0 0 367075197320 367075197480 367126937600 548916968050 548916968097 548916968097 548916969441 0
T 31351.90
P 13149 7245 20010056 appspawn-x
13149 (com.a2hlab.brid) S 7245 0 0 0 -1 4194624 71785 0 0 0 255 169 0 0 0 -20 71 0 3134330 8052506624 108401 18446744073709551615 367075120660 367075186384 548916966048 0 0 0 4612 0 1619039482 0 0 0 17 1 0 0 0 0 0 367075197320 367075197480 367126937600 548916968050 548916968097 548916968097 548916969441 0
T 31352.06
P 13149 7245 20010056 appspawn-x
13149 (com.a2hlab.brid) S 7245 0 0 0 -1 4194624 71817 0 0 0 257 170 0 0 0 -20 71 0 3134330 8052506624 107377 18446744073709551615 367075120660 367075186384 548916966048 0 0 0 4612 0 1619039482 0 0 0 17 1 0 0 0 0 0 367075197320 367075197480 367126937600 548916968050 548916968097 548916968097 548916969441 0
T 31352.22
P 13149 7245 20010056 appspawn-x
13149 (com.a2hlab.brid) S 7245 0 0 0 -1 4194624 71864 0 0 0 259 172 0 0 0 -20 71 0 3134330 8052506624 107443 18446744073709551615 367075120660 367075186384 548916966048 0 0 0 4612 0 1619039482 0 0 0 17 1 0 0 0 0 0 367075197320 367075197480 367126937600 548916968050 548916968097 548916968097 548916969441 0
T 31352.40
P 13149 7245 20010056 appspawn-x
13149 (com.a2hlab.brid) S 7245 0 0 0 -1 4194624 71903 0 0 0 260 174 0 0 0 -20 71 0 3134330 8052506624 107443 18446744073709551615 367075120660 367075186384 548916966048 0 0 0 4612 0 1619039482 0 0 0 17 1 0 0 0 0 0 367075197320 367075197480 367126937600 548916968050 548916968097 548916968097 548916969441 0
T 31352.58
P 13149 7245 20010056 appspawn-x
13149 (com.a2hlab.brid) S 7245 0 0 0 -1 4194624 71967 0 0 0 262 176 0 0 0 -20 71 0 3134330 8052506624 107542 18446744073709551615 367075120660 367075186384 548916966048 0 0 0 4612 0 1619039482 0 0 0 17 1 0 0 0 0 0 367075197320 367075197480 367126937600 548916968050 548916968097 548916968097 548916969441 0
T 31352.74
P 13149 7245 20010056 appspawn-x
13149 (com.a2hlab.brid) S 7245 0 0 0 -1 4194624 72029 0 0 0 264 178 0 0 0 -20 71 0 3134330 8052506624 107543 18446744073709551615 367075120660 367075186384 548916966048 0 0 0 4612 0 1619039482 0 0 0 17 1 0 0 0 0 0 367075197320 367075197480 367126937600 548916968050 548916968097 548916968097 548916969441 0
T 31352.92
P 13149 7245 20010056 appspawn-x
13149 (com.a2hlab.brid) S 7245 0 0 0 -1 4194624 72090 0 0 0 266 180 0 0 0 -20 71 0 3134330 8052506624 107606 18446744073709551615 367075120660 367075186384 548916966048 0 0 0 4612 0 1619039482 0 0 0 17 1 0 0 0 0 0 367075197320 367075197480 367126937600 548916968050 548916968097 548916968097 548916969441 0
T 31353.08
P 13149 7245 20010056 appspawn-x
13149 (com.a2hlab.brid) S 7245 0 0 0 -1 4194624 72176 0 0 0 269 181 0 0 0 -20 71 0 3134330 8052637696 107607 18446744073709551615 367075120660 367075186384 548916966048 0 0 0 4612 0 1619039482 0 0 0 17 1 0 0 0 0 0 367075197320 367075197480 367126937600 548916968050 548916968097 548916968097 548916969441 0
T 31353.24
P 13149 7245 20010056 appspawn-x
13149 (com.a2hlab.brid) S 7245 0 0 0 -1 4194624 72233 0 0 0 270 184 0 0 0 -20 71 0 3134330 8052637696 108698 18446744073709551615 367075120660 367075186384 548916966048 0 0 0 4612 0 1619039482 0 0 0 17 1 0 0 0 0 0 367075197320 367075197480 367126937600 548916968050 548916968097 548916968097 548916969441 0
T 31353.40
P 13149 7245 20010056 appspawn-x
13149 (com.a2hlab.brid) S 7245 0 0 0 -1 4194624 72276 0 0 0 272 185 0 0 0 -20 71 0 3134330 8052637696 107674 18446744073709551615 367075120660 367075186384 548916966048 0 0 0 4612 0 1619039482 0 0 0 17 1 0 0 0 0 0 367075197320 367075197480 367126937600 548916968050 548916968097 548916968097 548916969441 0
T 31353.56
P 13149 7245 20010056 appspawn-x
13149 (com.a2hlab.brid) S 7245 0 0 0 -1 4194624 72341 0 0 0 274 187 0 0 0 -20 71 0 3134330 8052637696 107740 18446744073709551615 367075120660 367075186384 548916966048 0 0 0 4612 0 1619039482 0 0 0 17 1 0 0 0 0 0 367075197320 367075197480 367126937600 548916968050 548916968097 548916968097 548916969441 0
T 31353.74
P 13149 7245 20010056 appspawn-x
13149 (com.a2hlab.brid) S 7245 0 0 0 -1 4194624 72394 0 0 0 275 189 0 0 0 -20 71 0 3134330 8052637696 107740 18446744073709551615 367075120660 367075186384 548916966048 0 0 0 4612 0 1619039482 0 0 0 17 1 0 0 0 0 0 367075197320 367075197480 367126937600 548916968050 548916968097 548916968097 548916969441 0
T 31353.92
P 13149 7245 20010056 appspawn-x
13149 (com.a2hlab.brid) S 7245 0 0 0 -1 4194624 72453 0 0 0 277 191 0 0 0 -20 71 0 3134330 8052637696 107804 18446744073709551615 367075120660 367075186384 548916966048 0 0 0 4612 0 1619039482 0 0 0 17 1 0 0 0 0 0 367075197320 367075197480 367126937600 548916968050 548916968097 548916968097 548916969441 0
T 31354.08
P 13149 7245 20010056 appspawn-x
13149 (com.a2hlab.brid) S 7245 0 0 0 -1 4194624 72506 0 0 0 280 192 0 0 0 -20 71 0 3134330 8052637696 107806 18446744073709551615 367075120660 367075186384 548916966048 0 0 0 4612 0 1619039482 0 0 0 17 1 0 0 0 0 0 367075197320 367075197480 367126937600 548916968050 548916968097 548916968097 548916969441 0
T 31354.26
P 13149 7245 20010056 appspawn-x
13149 (com.a2hlab.brid) S 7245 0 0 0 -1 4194624 72560 0 0 0 283 193 0 0 0 -20 71 0 3134330 8052637696 107871 18446744073709551615 367075120660 367075186384 548916966048 0 0 0 4612 0 1619039482 0 0 0 17 1 0 0 0 0 0 367075197320 367075197480 367126937600 548916968050 548916968097 548916968097 548916969441 0
T 31354.42
P 13149 7245 20010056 appspawn-x
13149 (com.a2hlab.brid) S 7245 0 0 0 -1 4194624 72614 0 0 0 285 195 0 0 0 -20 71 0 3134330 8052637696 107872 18446744073709551615 367075120660 367075186384 548916966048 0 0 0 4612 0 1619039482 0 0 0 17 1 0 0 0 0 0 367075197320 367075197480 367126937600 548916968050 548916968097 548916968097 548916969441 0
T 31354.58
P 13149 7245 20010056 appspawn-x
13149 (com.a2hlab.brid) S 7245 0 0 0 -1 4194624 72670 0 0 0 286 196 0 0 0 -20 71 0 3134330 8052637696 107938 18446744073709551615 367075120660 367075186384 548916966048 0 0 0 4612 0 1619039482 0 0 0 17 1 0 0 0 0 0 367075197320 367075197480 367126937600 548916968050 548916968097 548916968097 548916969441 0
T 31354.74
P 13149 7245 20010056 appspawn-x
13149 (com.a2hlab.brid) S 7245 0 0 0 -1 4194624 72733 0 0 0 290 197 0 0 0 -20 71 0 3134330 8052637696 107938 18446744073709551615 367075120660 367075186384 548916966048 0 0 0 4612 0 1619039482 0 0 0 17 1 0 0 0 0 0 367075197320 367075197480 367126937600 548916968050 548916968097 548916968097 548916969441 0
T 31354.94
P 13149 7245 20010056 appspawn-x
13149 (com.a2hlab.brid) S 7245 0 0 0 -1 4194624 72797 0 0 0 292 199 0 0 0 -20 71 0 3134330 8052637696 109028 18446744073709551615 367075120660 367075186384 548916966048 0 0 0 4612 0 1619039482 0 0 0 17 1 0 0 0 0 0 367075197320 367075197480 367126937600 548916968050 548916968097 548916968097 548916969441 0
T 31355.14
P 13149 7245 20010056 appspawn-x
13149 (com.a2hlab.brid) S 7245 0 0 0 -1 4194624 72862 0 0 0 295 201 0 0 0 -20 71 0 3134330 8052637696 108582 18446744073709551615 367075120660 367075186384 548916966048 0 0 0 4612 0 1619039482 0 0 0 17 1 0 0 0 0 0 367075197320 367075197480 367126937600 548916968050 548916968097 548916968097 548916969441 0
T 31355.34
P 13149 7245 20010056 appspawn-x
13149 (com.a2hlab.brid) S 7245 0 0 0 -1 4194624 72931 0 0 0 297 203 0 0 0 -20 71 0 3134330 8052637696 109094 18446744073709551615 367075120660 367075186384 548916966048 0 0 0 4612 0 1619039482 0 0 0 17 1 0 0 0 0 0 367075197320 367075197480 367126937600 548916968050 548916968097 548916968097 548916969441 0
T 31355.53
P 13149 7245 20010056 appspawn-x
13149 (com.a2hlab.brid) S 7245 0 0 0 -1 4194624 72984 0 0 0 299 205 0 0 0 -20 71 0 3134330 8052637696 108137 18446744073709551615 367075120660 367075186384 548916966048 0 0 0 4612 0 1619039482 0 0 0 17 1 0 0 0 0 0 367075197320 367075197480 367126937600 548916968050 548916968097 548916968097 548916969441 0
T 31355.72
P 13149 7245 20010056 appspawn-x
13149 (com.a2hlab.brid) S 7245 0 0 0 -1 4194624 73047 0 0 0 300 208 0 0 0 -20 71 0 3134330 8052637696 109160 18446744073709551615 367075120660 367075186384 548916966048 0 0 0 4612 0 1619039482 0 0 0 17 1 0 0 0 0 0 367075197320 367075197480 367126937600 548916968050 548916968097 548916968097 548916969441 0
T 31355.90
P 13149 7245 20010056 appspawn-x
13149 (com.a2hlab.brid) S 7245 0 0 0 -1 4194624 73102 0 0 0 301 211 0 0 0 -20 71 0 3134330 8052637696 108202 18446744073709551615 367075120660 367075186384 548916966048 0 0 0 4612 0 1619039482 0 0 0 17 1 0 0 0 0 0 367075197320 367075197480 367126937600 548916968050 548916968097 548916968097 548916969441 0
T 31356.08
P 13149 7245 20010056 appspawn-x
13149 (com.a2hlab.brid) S 7245 0 0 0 -1 4194624 73155 0 0 0 303 212 0 0 0 -20 71 0 3134330 8052637696 108203 18446744073709551615 367075120660 367075186384 548916966048 0 0 0 4612 0 1619039482 0 0 0 17 1 0 0 0 0 0 367075197320 367075197480 367126937600 548916968050 548916968097 548916968097 548916969441 0
T 31356.24
P 13149 7245 20010056 appspawn-x
13149 (com.a2hlab.brid) S 7245 0 0 0 -1 4194624 73214 0 0 0 306 213 0 0 0 -20 71 0 3134330 8052637696 108268 18446744073709551615 367075120660 367075186384 548916966048 0 0 0 4612 0 1619039482 0 0 0 17 1 0 0 0 0 0 367075197320 367075197480 367126937600 548916968050 548916968097 548916968097 548916969441 0
T 31356.42
P 13149 7245 20010056 appspawn-x
13149 (com.a2hlab.brid) S 7245 0 0 0 -1 4194624 73279 0 0 0 308 215 0 0 0 -20 71 0 3134330 8052637696 108268 18446744073709551615 367075120660 367075186384 548916966048 0 0 0 4612 0 1619039482 0 0 0 17 1 0 0 0 0 0 367075197320 367075197480 367126937600 548916968050 548916968097 548916968097 548916969441 0
T 31356.62
P 13149 7245 20010056 appspawn-x
13149 (com.a2hlab.brid) S 7245 0 0 0 -1 4194624 73345 0 0 0 310 218 0 0 0 -20 71 0 3134330 8052637696 109357 18446744073709551615 367075120660 367075186384 548916966048 0 0 0 4612 0 1619039482 0 0 0 17 1 0 0 0 0 0 367075197320 367075197480 367126937600 548916968050 548916968097 548916968097 548916969441 0
T 31356.80
P 13149 7245 20010056 appspawn-x
13149 (com.a2hlab.brid) S 7245 0 0 0 -1 4194624 73404 0 0 0 313 219 0 0 0 -20 71 0 3134330 8052637696 108911 18446744073709551615 367075120660 367075186384 548916966048 0 0 0 4612 0 1619039482 0 0 0 17 1 0 0 0 0 0 367075197320 367075197480 367126937600 548916968050 548916968097 548916968097 548916969441 0
T 31357.00
P 13149 7245 20010056 appspawn-x
13149 (com.a2hlab.brid) S 7245 0 0 0 -1 4194624 73461 0 0 0 314 222 0 0 0 -20 71 0 3134330 8052637696 108400 18446744073709551615 367075120660 367075186384 548916966048 0 0 0 4612 0 1619039482 0 0 0 17 1 0 0 0 0 0 367075197320 367075197480 367126937600 548916968050 548916968097 548916968097 548916969441 0
T 31357.17
P 13149 7245 20010056 appspawn-x
13149 (com.a2hlab.brid) S 7245 0 0 0 -1 4194624 73514 0 0 0 316 224 0 0 0 -20 71 0 3134330 8052637696 108465 18446744073709551615 367075120660 367075186384 548916966048 0 0 0 4612 0 1619039482 0 0 0 17 1 0 0 0 0 0 367075197320 367075197480 367126937600 548916968050 548916968097 548916968097 548916969441 0
T 31357.35
P 13149 7245 20010056 appspawn-x
13149 (com.a2hlab.brid) S 7245 0 0 0 -1 4194624 73570 0 0 0 317 226 0 0 0 -20 71 0 3134330 8052637696 108466 18446744073709551615 367075120660 367075186384 548916966048 0 0 0 4612 0 1619039482 0 0 0 17 1 0 0 0 0 0 367075197320 367075197480 367126937600 548916968050 548916968097 548916968097 548916969441 0
T 31357.53
P 13149 7245 20010056 appspawn-x
13149 (com.a2hlab.brid) S 7245 0 0 0 -1 4194624 73623 0 0 0 318 229 0 0 0 -20 71 0 3134330 8052637696 108533 18446744073709551615 367075120660 367075186384 548916966048 0 0 0 4612 0 1619039482 0 0 0 17 1 0 0 0 0 0 367075197320 367075197480 367126937600 548916968050 548916968097 548916968097 548916969441 0
T 31357.69
P 13149 7245 20010056 appspawn-x
13149 (com.a2hlab.brid) S 7245 0 0 0 -1 4194624 73678 0 0 0 320 230 0 0 0 -20 71 0 3134330 8052637696 108535 18446744073709551615 367075120660 367075186384 548916966048 0 0 0 4612 0 1619039482 0 0 0 17 1 0 0 0 0 0 367075197320 367075197480 367126937600 548916968050 548916968097 548916968097 548916969441 0
T 31357.86
P 13149 7245 20010056 appspawn-x
13149 (com.a2hlab.brid) S 7245 0 0 0 -1 4194624 73741 0 0 0 323 231 0 0 0 -20 71 0 3134330 8052637696 109624 18446744073709551615 367075120660 367075186384 548916966048 0 0 0 4612 0 1619039482 0 0 0 17 1 0 0 0 0 0 367075197320 367075197480 367126937600 548916968050 548916968097 548916968097 548916969441 0
T 31358.04
P 13149 7245 20010056 appspawn-x
13149 (com.a2hlab.brid) S 7245 0 0 0 -1 4194624 73796 0 0 0 326 232 0 0 0 -20 71 0 3134330 8052637696 108600 18446744073709551615 367075120660 367075186384 548916966048 0 0 0 4612 0 1619039482 0 0 0 17 1 0 0 0 0 0 367075197320 367075197480 367126937600 548916968050 548916968097 548916968097 548916969441 0
T 31358.22
P 13149 7245 20010056 appspawn-x
13149 (com.a2hlab.brid) S 7245 0 0 0 -1 4194624 73859 0 0 0 328 234 0 0 0 -20 71 0 3134330 8052637696 108667 18446744073709551615 367075120660 367075186384 548916966048 0 0 0 4612 0 1619039482 0 0 0 17 1 0 0 0 0 0 367075197320 367075197480 367126937600 548916968050 548916968097 548916968097 548916969441 0
T 31358.40
P 13149 7245 20010056 appspawn-x
13149 (com.a2hlab.brid) S 7245 0 0 0 -1 4194624 73916 0 0 0 329 237 0 0 0 -20 71 0 3134330 8052637696 108667 18446744073709551615 367075120660 367075186384 548916966048 0 0 0 4612 0 1619039482 0 0 0 17 1 0 0 0 0 0 367075197320 367075197480 367126937600 548916968050 548916968097 548916968097 548916969441 0
T 31358.58
P 13149 7245 20010056 appspawn-x
13149 (com.a2hlab.brid) S 7245 0 0 0 -1 4194624 73937 0 0 0 330 240 0 0 0 -20 71 0 3134330 8052637696 108667 18446744073709551615 367075120660 367075186384 548916966048 0 0 0 4612 0 1619039482 0 0 0 17 1 0 0 0 0 0 367075197320 367075197480 367126937600 548916968050 548916968097 548916968097 548916969441 0
T 31358.75
P 13149 7245 20010056 appspawn-x
13149 (com.a2hlab.brid) S 7245 0 0 0 -1 4194624 73959 0 0 0 332 242 0 0 0 -20 71 0 3134330 8052637696 108668 18446744073709551615 367075120660 367075186384 548916966048 0 0 0 4612 0 1619039482 0 0 0 17 1 0 0 0 0 0 367075197320 367075197480 367126937600 548916968050 548916968097 548916968097 548916969441 0
T 31358.91
P 13149 7245 20010056 appspawn-x
13149 (com.a2hlab.brid) S 7245 0 0 0 -1 4194624 73981 0 0 0 334 244 0 0 0 -20 71 0 3134330 8052637696 108667 18446744073709551615 367075120660 367075186384 548916966048 0 0 0 4612 0 1619039482 0 0 0 17 1 0 0 0 0 0 367075197320 367075197480 367126937600 548916968050 548916968097 548916968097 548916969441 0
T 31359.10
P 13149 7245 20010056 appspawn-x
13149 (com.a2hlab.brid) S 7245 0 0 0 -1 4194624 74006 0 0 0 335 247 0 0 0 -20 71 0 3134330 8052637696 110204 18446744073709551615 367075120660 367075186384 548916966048 0 0 0 4612 0 1619039482 0 0 0 17 1 0 0 0 0 0 367075197320 367075197480 367126937600 548916968050 548916968097 548916968097 548916969441 0
