T 27921.27
T 27921.43
T 27921.60
T 27921.79
P 14870 13399 20010055 appspawn-x
14870 (mple.helloworld) R 13399 0 0 0 -1 4194624 247 0 0 0 4 2 0 0 0 -20 1 0 2792183 2197676032 1607 18446744073709551615 366669075988 366669141712 549056330064 0 0 0 0 4096 1073775866 0 0 0 17 5 0 0 0 0 0 366669152648 366669152808 366738956288 549056334450 549056334497 549056334497 549056335841 0
T 27922.01
P 14870 13399 20010055 appspawn-x
14870 (mple.helloworld) R 13399 0 0 0 -1 4194624 6787 0 0 0 14 11 0 0 0 -20 1 0 2792183 2456219648 12228 18446744073709551615 366669075988 366669141712 549056330064 0 0 0 0 4096 1073775866 0 0 0 17 7 0 0 0 0 0 366669152648 366669152808 366738956288 549056334450 549056334497 549056334497 549056335841 0
T 27922.20
P 14870 13399 20010055 appspawn-x
14870 (main) R 13399 0 0 0 -1 4194624 14402 0 0 0 19 21 0 0 0 -20 10 0 2792183 3370151936 19936 18446744073709551615 366669075988 366669141712 549056330064 0 0 0 4612 0 1073779962 0 0 0 17 7 0 0 0 0 0 366669152648 366669152808 366738956288 549056334450 549056334497 549056334497 549056335841 0
T 27922.40
P 14870 13399 20010055 appspawn-x
14870 (main) R 13399 0 0 0 -1 4194624 16750 0 0 0 29 27 0 0 0 -20 10 0 2792183 3520983040 26077 18446744073709551615 366669075988 366669141712 549056330064 0 0 0 4612 0 1073779962 0 0 0 17 7 0 0 0 0 0 366669152648 366669152808 366738956288 549056334450 549056334497 549056334497 549056335841 0
T 27922.56
P 14870 13399 20010055 appspawn-x
14870 (main) R 13399 0 0 0 -1 4194624 20152 0 0 0 40 32 0 0 0 -20 10 0 2792183 3578396672 42648 18446744073709551615 366669075988 366669141712 549056330064 0 0 0 4612 0 1073779962 0 0 0 17 7 0 0 0 0 0 366669152648 366669152808 366738956288 549056334450 549056334497 549056334497 549056335841 0
T 27922.72
P 14870 13399 20010055 appspawn-x
14870 (com.example.hel) R 13399 0 0 0 -1 4194624 22109 0 0 0 50 37 0 0 0 -20 12 0 2792183 3691921408 51152 18446744073709551615 366669075988 366669141712 549056330064 0 0 0 4612 0 1073779962 0 0 0 17 7 0 0 0 0 0 366669152648 366669152808 366738956288 549056334450 549056334497 549056334497 549056335841 0
T 27922.88
P 14870 13399 20010055 appspawn-x
14870 (com.example.hel) R 13399 0 0 0 -1 4194624 30169 0 0 0 57 46 0 0 0 -20 12 0 2792183 3718758400 58309 18446744073709551615 366669075988 366669141712 549056330064 0 0 0 4612 0 1073779962 0 0 0 17 7 0 0 0 0 0 366669152648 366669152808 366738956288 549056334450 549056334497 549056334497 549056335841 0
T 27923.04
P 14870 13399 20010055 appspawn-x
14870 (com.example.hel) R 13399 0 0 0 -1 4194624 37870 0 0 0 68 55 0 0 0 -20 12 0 2792183 3743969280 64433 18446744073709551615 366669075988 366669141712 549056330064 0 0 0 4612 0 1073779962 0 0 0 17 7 0 0 0 0 0 366669152648 366669152808 366738956288 549056334450 549056334497 549056334497 549056335841 0
T 27923.24
P 14870 13399 20010055 appspawn-x
14870 (<pre-initialize) S 13399 0 0 0 -1 4194624 39711 0 0 0 81 60 0 0 0 -20 13 0 2792183 3725508608 57002 18446744073709551615 366669075988 366669141712 549056330064 0 0 0 4612 0 1073779962 0 0 0 17 4 0 0 0 0 0 366669152648 366669152808 366738956288 549056334450 549056334497 549056334497 549056335841 0
T 27923.42
P 14870 13399 20010055 appspawn-x
14870 (com.example.hel) S 13399 0 0 0 -1 1077936448 41327 0 0 0 87 68 0 0 0 -20 15 0 2792183 3796377600 62498 18446744073709551615 366669075988 366669141712 549056330064 0 0 0 4612 0 1073779962 0 0 0 17 6 0 0 0 0 0 366669152648 366669152808 366738956288 549056334450 549056334497 549056334497 549056335841 0
T 27923.60
P 14870 13399 20010055 appspawn-x
14870 (com.example.hel) S 13399 0 0 0 -1 1077936448 45408 0 0 0 92 80 0 0 0 -20 32 0 2792183 3989966848 70853 18446744073709551615 366669075988 366669141712 549056330064 0 0 0 4612 0 1073779962 0 0 0 17 1 0 0 0 0 0 366669152648 366669152808 366738956288 549056334450 549056334497 549056334497 549056335841 0
T 27923.78
P 14870 13399 20010055 appspawn-x
14870 (com.example.hel) S 13399 0 0 0 -1 4194624 46218 0 0 0 97 84 0 0 0 -20 33 0 2792183 4036014080 71367 18446744073709551615 366669075988 366669141712 549056330064 0 0 0 4612 0 1073779962 0 0 0 17 3 0 0 0 0 0 366669152648 366669152808 366738956288 549056334450 549056334497 549056334497 549056335841 0
T 27923.96
P 14870 13399 20010055 appspawn-x
14870 (com.example.hel) S 13399 0 0 0 -1 4194624 46228 0 0 0 97 84 0 0 0 -20 33 0 2792183 4036014080 71367 18446744073709551615 366669075988 366669141712 549056330064 0 0 0 4612 0 1073779962 0 0 0 17 3 0 0 0 0 0 366669152648 366669152808 366738956288 549056334450 549056334497 549056334497 549056335841 0
T 27924.14
P 14870 13399 20010055 appspawn-x
14870 (com.example.hel) S 13399 0 0 0 -1 4194624 46228 0 0 0 97 84 0 0 0 -20 33 0 2792183 4035485696 71300 18446744073709551615 366669075988 366669141712 549056330064 0 0 0 4612 0 1073779962 0 0 0 17 3 0 0 0 0 0 366669152648 366669152808 366738956288 549056334450 549056334497 549056334497 549056335841 0
T 27924.31
P 14870 13399 20010055 appspawn-x
14870 (com.example.hel) S 13399 0 0 0 -1 4194624 46228 0 0 0 97 84 0 0 0 -20 33 0 2792183 4035276800 71247 18446744073709551615 366669075988 366669141712 549056330064 0 0 0 4612 0 1073779962 0 0 0 17 3 0 0 0 0 0 366669152648 366669152808 366738956288 549056334450 549056334497 549056334497 549056335841 0
T 27924.47
P 14870 13399 20010055 appspawn-x
14870 (com.example.hel) S 13399 0 0 0 -1 4194624 46228 0 0 0 97 84 0 0 0 -20 33 0 2792183 4034772992 71192 18446744073709551615 366669075988 366669141712 549056330064 0 0 0 4612 0 1073779962 0 0 0 17 3 0 0 0 0 0 366669152648 366669152808 366738956288 549056334450 549056334497 549056334497 549056335841 0
T 27924.64
P 14870 13399 20010055 appspawn-x
14870 (com.example.hel) S 13399 0 0 0 -1 4194624 46228 0 0 0 97 84 0 0 0 -20 33 0 2792183 4034760704 71192 18446744073709551615 366669075988 366669141712 549056330064 0 0 0 4612 0 1073779962 0 0 0 17 3 0 0 0 0 0 366669152648 366669152808 366738956288 549056334450 549056334497 549056334497 549056335841 0
T 27924.80
P 14870 13399 20010055 appspawn-x
14870 (com.example.hel) S 13399 0 0 0 -1 4194624 46228 0 0 0 97 85 0 0 0 -20 33 0 2792183 4034760704 71192 18446744073709551615 366669075988 366669141712 549056330064 0 0 0 4612 0 1073779962 0 0 0 17 3 0 0 0 0 0 366669152648 366669152808 366738956288 549056334450 549056334497 549056334497 549056335841 0
T 27924.98
P 14870 13399 20010055 appspawn-x
14870 (com.example.hel) S 13399 0 0 0 -1 4194624 46232 0 0 0 97 85 0 0 0 -20 33 0 2792183 4034760704 71192 18446744073709551615 366669075988 366669141712 549056330064 0 0 0 4612 0 1073779962 0 0 0 17 3 0 0 0 0 0 366669152648 366669152808 366738956288 549056334450 549056334497 549056334497 549056335841 0
T 27925.16
P 14870 13399 20010055 appspawn-x
14870 (com.example.hel) S 13399 0 0 0 -1 4194624 46232 0 0 0 97 85 0 0 0 -20 33 0 2792183 4034760704 71192 18446744073709551615 366669075988 366669141712 549056330064 0 0 0 4612 0 1073779962 0 0 0 17 3 0 0 0 0 0 366669152648 366669152808 366738956288 549056334450 549056334497 549056334497 549056335841 0
T 27925.34
P 14870 13399 20010055 appspawn-x
14870 (com.example.hel) S 13399 0 0 0 -1 4194624 46233 0 0 0 97 85 0 0 0 -20 33 0 2792183 4034760704 71192 18446744073709551615 366669075988 366669141712 549056330064 0 0 0 4612 0 1073779962 0 0 0 17 3 0 0 0 0 0 366669152648 366669152808 366738956288 549056334450 549056334497 549056334497 549056335841 0
T 27925.53
P 14870 13399 20010055 appspawn-x
14870 (com.example.hel) S 13399 0 0 0 -1 4194624 46233 0 0 0 97 85 0 0 0 -20 33 0 2792183 4034760704 71192 18446744073709551615 366669075988 366669141712 549056330064 0 0 0 4612 0 1073779962 0 0 0 17 3 0 0 0 0 0 366669152648 366669152808 366738956288 549056334450 549056334497 549056334497 549056335841 0
T 27925.71
P 14870 13399 20010055 appspawn-x
14870 (com.example.hel) S 13399 0 0 0 -1 4194624 46233 0 0 0 97 85 0 0 0 -20 33 0 2792183 4034760704 71192 18446744073709551615 366669075988 366669141712 549056330064 0 0 0 4612 0 1073779962 0 0 0 17 3 0 0 0 0 0 366669152648 366669152808 366738956288 549056334450 549056334497 549056334497 549056335841 0
T 27925.90
P 14870 13399 20010055 appspawn-x
14870 (com.example.hel) S 13399 0 0 0 -1 4194624 46233 0 0 0 97 85 0 0 0 -20 33 0 2792183 4034760704 71192 18446744073709551615 366669075988 366669141712 549056330064 0 0 0 4612 0 1073779962 0 0 0 17 3 0 0 0 0 0 366669152648 366669152808 366738956288 549056334450 549056334497 549056334497 549056335841 0
T 27926.07
P 14870 13399 20010055 appspawn-x
14870 (com.example.hel) S 13399 0 0 0 -1 4194624 46233 0 0 0 97 85 0 0 0 -20 33 0 2792183 4034760704 71192 18446744073709551615 366669075988 366669141712 549056330064 0 0 0 4612 0 1073779962 0 0 0 17 3 0 0 0 0 0 366669152648 366669152808 366738956288 549056334450 549056334497 549056334497 549056335841 0
T 27926.26
P 14870 13399 20010055 appspawn-x
14870 (com.example.hel) S 13399 0 0 0 -1 4194624 46233 0 0 0 97 85 0 0 0 -20 33 0 2792183 4034760704 71192 18446744073709551615 366669075988 366669141712 549056330064 0 0 0 4612 0 1073779962 0 0 0 17 3 0 0 0 0 0 366669152648 366669152808 366738956288 549056334450 549056334497 549056334497 549056335841 0
T 27926.44
P 14870 13399 20010055 appspawn-x
14870 (com.example.hel) S 13399 0 0 0 -1 4194624 46236 0 0 0 97 85 0 0 0 -20 33 0 2792183 4034760704 71192 18446744073709551615 366669075988 366669141712 549056330064 0 0 0 4612 0 1073779962 0 0 0 17 3 0 0 0 0 0 366669152648 366669152808 366738956288 549056334450 549056334497 549056334497 549056335841 0
T 27926.62
P 14870 13399 20010055 appspawn-x
14870 (com.example.hel) S 13399 0 0 0 -1 4194624 46236 0 0 0 97 85 0 0 0 -20 33 0 2792183 4034760704 71192 18446744073709551615 366669075988 366669141712 549056330064 0 0 0 4612 0 1073779962 0 0 0 17 3 0 0 0 0 0 366669152648 366669152808 366738956288 549056334450 549056334497 549056334497 549056335841 0
T 27926.81
P 14870 13399 20010055 appspawn-x
14870 (com.example.hel) S 13399 0 0 0 -1 4194624 46236 0 0 0 97 85 0 0 0 -20 33 0 2792183 4034760704 71192 18446744073709551615 366669075988 366669141712 549056330064 0 0 0 4612 0 1073779962 0 0 0 17 3 0 0 0 0 0 366669152648 366669152808 366738956288 549056334450 549056334497 549056334497 549056335841 0
T 27927.00
P 14870 13399 20010055 appspawn-x
14870 (com.example.hel) S 13399 0 0 0 -1 4194624 46236 0 0 0 97 85 0 0 0 -20 33 0 2792183 4034760704 71192 18446744073709551615 366669075988 366669141712 549056330064 0 0 0 4612 0 1073779962 0 0 0 17 3 0 0 0 0 0 366669152648 366669152808 366738956288 549056334450 549056334497 549056334497 549056335841 0
T 27927.20
P 14870 13399 20010055 appspawn-x
14870 (com.example.hel) S 13399 0 0 0 -1 4194624 46236 0 0 0 97 85 0 0 0 -20 33 0 2792183 4034760704 71192 18446744073709551615 366669075988 366669141712 549056330064 0 0 0 4612 0 1073779962 0 0 0 17 3 0 0 0 0 0 366669152648 366669152808 366738956288 549056334450 549056334497 549056334497 549056335841 0
T 27927.38
P 14870 13399 20010055 appspawn-x
14870 (com.example.hel) S 13399 0 0 0 -1 4194624 46236 0 0 0 97 85 0 0 0 -20 33 0 2792183 4034760704 71192 18446744073709551615 366669075988 366669141712 549056330064 0 0 0 4612 0 1073779962 0 0 0 17 3 0 0 0 0 0 366669152648 366669152808 366738956288 549056334450 549056334497 549056334497 549056335841 0
T 27927.57
P 14870 13399 20010055 appspawn-x
14870 (com.example.hel) S 13399 0 0 0 -1 4194624 46236 0 0 0 97 85 0 0 0 -20 33 0 2792183 4034760704 71192 18446744073709551615 366669075988 366669141712 549056330064 0 0 0 4612 0 1073779962 0 0 0 17 3 0 0 0 0 0 366669152648 366669152808 366738956288 549056334450 549056334497 549056334497 549056335841 0
T 27927.76
P 14870 13399 20010055 appspawn-x
14870 (com.example.hel) S 13399 0 0 0 -1 4194624 46236 0 0 0 97 85 0 0 0 -20 33 0 2792183 4034760704 71192 18446744073709551615 366669075988 366669141712 549056330064 0 0 0 4612 0 1073779962 0 0 0 17 3 0 0 0 0 0 366669152648 366669152808 366738956288 549056334450 549056334497 549056334497 549056335841 0
T 27927.94
P 14870 13399 20010055 appspawn-x
14870 (com.example.hel) S 13399 0 0 0 -1 4194624 46236 0 0 0 97 85 0 0 0 -20 33 0 2792183 4034760704 71192 18446744073709551615 366669075988 366669141712 549056330064 0 0 0 4612 0 1073779962 0 0 0 17 3 0 0 0 0 0 366669152648 366669152808 366738956288 549056334450 549056334497 549056334497 549056335841 0
T 27928.14
P 14870 13399 20010055 appspawn-x
14870 (com.example.hel) S 13399 0 0 0 -1 4194624 46236 0 0 0 97 85 0 0 0 -20 33 0 2792183 4034760704 71192 18446744073709551615 366669075988 366669141712 549056330064 0 0 0 4612 0 1073779962 0 0 0 17 3 0 0 0 0 0 366669152648 366669152808 366738956288 549056334450 549056334497 549056334497 549056335841 0
T 27928.31
P 14870 13399 20010055 appspawn-x
14870 (com.example.hel) S 13399 0 0 0 -1 4194624 46236 0 0 0 97 85 0 0 0 -20 33 0 2792183 4034760704 71188 18446744073709551615 366669075988 366669141712 549056330064 0 0 0 4612 0 1073779962 0 0 0 17 3 0 0 0 0 0 366669152648 366669152808 366738956288 549056334450 549056334497 549056334497 549056335841 0
T 27928.48
P 14870 13399 20010055 appspawn-x
14870 (com.example.hel) S 13399 0 0 0 -1 4194624 46257 0 0 0 98 86 0 0 0 -20 33 0 2792183 4034760704 71188 18446744073709551615 366669075988 366669141712 549056330064 0 0 0 4612 0 1073779962 0 0 0 17 3 0 0 0 0 0 366669152648 366669152808 366738956288 549056334450 549056334497 549056334497 549056335841 0
T 27928.67
P 14870 13399 20010055 appspawn-x
14870 (com.example.hel) S 13399 0 0 0 -1 4194624 46257 0 0 0 98 86 0 0 0 -20 33 0 2792183 4034760704 71188 18446744073709551615 366669075988 366669141712 549056330064 0 0 0 4612 0 1073779962 0 0 0 17 3 0 0 0 0 0 366669152648 366669152808 366738956288 549056334450 549056334497 549056334497 549056335841 0
T 27928.85
P 14870 13399 20010055 appspawn-x
14870 (com.example.hel) S 13399 0 0 0 -1 4194624 46257 0 0 0 98 86 0 0 0 -20 33 0 2792183 4034760704 71188 18446744073709551615 366669075988 366669141712 549056330064 0 0 0 4612 0 1073779962 0 0 0 17 3 0 0 0 0 0 366669152648 366669152808 366738956288 549056334450 549056334497 549056334497 549056335841 0
T 27929.04
P 14870 13399 20010055 appspawn-x
14870 (com.example.hel) S 13399 0 0 0 -1 4194624 46257 0 0 0 98 86 0 0 0 -20 33 0 2792183 4034760704 71188 18446744073709551615 366669075988 366669141712 549056330064 0 0 0 4612 0 1073779962 0 0 0 17 3 0 0 0 0 0 366669152648 366669152808 366738956288 549056334450 549056334497 549056334497 549056335841 0
T 27929.20
P 14870 13399 20010055 appspawn-x
14870 (com.example.hel) S 13399 0 0 0 -1 4194624 46257 0 0 0 98 86 0 0 0 -20 33 0 2792183 4034760704 71188 18446744073709551615 366669075988 366669141712 549056330064 0 0 0 4612 0 1073779962 0 0 0 17 3 0 0 0 0 0 366669152648 366669152808 366738956288 549056334450 549056334497 549056334497 549056335841 0
T 27929.35
P 14870 13399 20010055 appspawn-x
14870 (com.example.hel) S 13399 0 0 0 -1 4194624 46257 0 0 0 98 86 0 0 0 -20 33 0 2792183 4034760704 71188 18446744073709551615 366669075988 366669141712 549056330064 0 0 0 4612 0 1073779962 0 0 0 17 3 0 0 0 0 0 366669152648 366669152808 366738956288 549056334450 549056334497 549056334497 549056335841 0
T 27929.51
P 14870 13399 20010055 appspawn-x
14870 (com.example.hel) S 13399 0 0 0 -1 4194624 46257 0 0 0 98 86 0 0 0 -20 33 0 2792183 4034760704 71188 18446744073709551615 366669075988 366669141712 549056330064 0 0 0 4612 0 1073779962 0 0 0 17 3 0 0 0 0 0 366669152648 366669152808 366738956288 549056334450 549056334497 549056334497 549056335841 0
T 27929.68
P 14870 13399 20010055 appspawn-x
14870 (com.example.hel) S 13399 0 0 0 -1 4194624 46257 0 0 0 98 86 0 0 0 -20 33 0 2792183 4034760704 71188 18446744073709551615 366669075988 366669141712 549056330064 0 0 0 4612 0 1073779962 0 0 0 17 3 0 0 0 0 0 366669152648 366669152808 366738956288 549056334450 549056334497 549056334497 549056335841 0
T 27929.86
P 14870 13399 20010055 appspawn-x
14870 (com.example.hel) S 13399 0 0 0 -1 4194624 46257 0 0 0 98 86 0 0 0 -20 33 0 2792183 4034760704 71188 18446744073709551615 366669075988 366669141712 549056330064 0 0 0 4612 0 1073779962 0 0 0 17 3 0 0 0 0 0 366669152648 366669152808 366738956288 549056334450 549056334497 549056334497 549056335841 0
T 27930.02
P 14870 13399 20010055 appspawn-x
14870 (com.example.hel) S 13399 0 0 0 -1 4194624 46257 0 0 0 98 86 0 0 0 -20 33 0 2792183 4034760704 71188 18446744073709551615 366669075988 366669141712 549056330064 0 0 0 4612 0 1073779962 0 0 0 17 3 0 0 0 0 0 366669152648 366669152808 366738956288 549056334450 549056334497 549056334497 549056335841 0
T 27930.18
P 14870 13399 20010055 appspawn-x
14870 (com.example.hel) S 13399 0 0 0 -1 4194624 46257 0 0 0 98 86 0 0 0 -20 33 0 2792183 4034760704 71188 18446744073709551615 366669075988 366669141712 549056330064 0 0 0 4612 0 1073779962 0 0 0 17 3 0 0 0 0 0 366669152648 366669152808 366738956288 549056334450 549056334497 549056334497 549056335841 0
T 27930.33
P 14870 13399 20010055 appspawn-x
14870 (com.example.hel) S 13399 0 0 0 -1 4194624 46257 0 0 0 98 86 0 0 0 -20 33 0 2792183 4034760704 71188 18446744073709551615 366669075988 366669141712 549056330064 0 0 0 4612 0 1073779962 0 0 0 17 3 0 0 0 0 0 366669152648 366669152808 366738956288 549056334450 549056334497 549056334497 549056335841 0
T 27930.49
P 14870 13399 20010055 appspawn-x
14870 (com.example.hel) S 13399 0 0 0 -1 4194624 46257 0 0 0 98 86 0 0 0 -20 33 0 2792183 4034760704 71188 18446744073709551615 366669075988 366669141712 549056330064 0 0 0 4612 0 1073779962 0 0 0 17 3 0 0 0 0 0 366669152648 366669152808 366738956288 549056334450 549056334497 549056334497 549056335841 0
T 27930.65
P 14870 13399 20010055 appspawn-x
14870 (com.example.hel) S 13399 0 0 0 -1 4194624 46257 0 0 0 98 86 0 0 0 -20 33 0 2792183 4034760704 71188 18446744073709551615 366669075988 366669141712 549056330064 0 0 0 4612 0 1073779962 0 0 0 17 3 0 0 0 0 0 366669152648 366669152808 366738956288 549056334450 549056334497 549056334497 549056335841 0
T 27930.80
P 14870 13399 20010055 appspawn-x
14870 (com.example.hel) S 13399 0 0 0 -1 4194624 46257 0 0 0 98 86 0 0 0 -20 33 0 2792183 4034760704 71188 18446744073709551615 366669075988 366669141712 549056330064 0 0 0 4612 0 1073779962 0 0 0 17 3 0 0 0 0 0 366669152648 366669152808 366738956288 549056334450 549056334497 549056334497 549056335841 0
T 27930.96
P 14870 13399 20010055 appspawn-x
14870 (com.example.hel) S 13399 0 0 0 -1 4194624 46257 0 0 0 98 86 0 0 0 -20 33 0 2792183 4034760704 71188 18446744073709551615 366669075988 366669141712 549056330064 0 0 0 4612 0 1073779962 0 0 0 17 3 0 0 0 0 0 366669152648 366669152808 366738956288 549056334450 549056334497 549056334497 549056335841 0
T 27931.13
P 14870 13399 20010055 appspawn-x
14870 (com.example.hel) S 13399 0 0 0 -1 4194624 46257 0 0 0 98 86 0 0 0 -20 33 0 2792183 4034760704 71188 18446744073709551615 366669075988 366669141712 549056330064 0 0 0 4612 0 1073779962 0 0 0 17 3 0 0 0 0 0 366669152648 366669152808 366738956288 549056334450 549056334497 549056334497 549056335841 0
T 27931.30
P 14870 13399 20010055 appspawn-x
14870 (com.example.hel) S 13399 0 0 0 -1 4194624 46257 0 0 0 98 86 0 0 0 -20 33 0 2792183 4034760704 71188 18446744073709551615 366669075988 366669141712 549056330064 0 0 0 4612 0 1073779962 0 0 0 17 3 0 0 0 0 0 366669152648 366669152808 366738956288 549056334450 549056334497 549056334497 549056335841 0
T 27931.48
P 14870 13399 20010055 appspawn-x
14870 (com.example.hel) S 13399 0 0 0 -1 4194624 46271 0 0 0 99 86 0 0 0 -20 33 0 2792183 4034760704 71188 18446744073709551615 366669075988 366669141712 549056330064 0 0 0 4612 0 1073779962 0 0 0 17 3 0 0 0 0 0 366669152648 366669152808 366738956288 549056334450 549056334497 549056334497 549056335841 0
T 27931.64
P 14870 13399 20010055 appspawn-x
14870 (com.example.hel) S 13399 0 0 0 -1 4194624 46271 0 0 0 99 86 0 0 0 -20 33 0 2792183 4034760704 71188 18446744073709551615 366669075988 366669141712 549056330064 0 0 0 4612 0 1073779962 0 0 0 17 3 0 0 0 0 0 366669152648 366669152808 366738956288 549056334450 549056334497 549056334497 549056335841 0
T 27931.82
P 14870 13399 20010055 appspawn-x
14870 (com.example.hel) S 13399 0 0 0 -1 4194624 46271 0 0 0 99 86 0 0 0 -20 33 0 2792183 4034760704 71188 18446744073709551615 366669075988 366669141712 549056330064 0 0 0 4612 0 1073779962 0 0 0 17 3 0 0 0 0 0 366669152648 366669152808 366738956288 549056334450 549056334497 549056334497 549056335841 0
T 27932.02
P 14870 13399 20010055 appspawn-x
14870 (com.example.hel) S 13399 0 0 0 -1 4194624 46271 0 0 0 99 86 0 0 0 -20 33 0 2792183 4034760704 71188 18446744073709551615 366669075988 366669141712 549056330064 0 0 0 4612 0 1073779962 0 0 0 17 3 0 0 0 0 0 366669152648 366669152808 366738956288 549056334450 549056334497 549056334497 549056335841 0
T 27932.17
P 14870 13399 20010055 appspawn-x
14870 (com.example.hel) S 13399 0 0 0 -1 4194624 46271 0 0 0 99 86 0 0 0 -20 33 0 2792183 4034760704 71188 18446744073709551615 366669075988 366669141712 549056330064 0 0 0 4612 0 1073779962 0 0 0 17 3 0 0 0 0 0 366669152648 366669152808 366738956288 549056334450 549056334497 549056334497 549056335841 0
T 27932.33
P 14870 13399 20010055 appspawn-x
14870 (com.example.hel) S 13399 0 0 0 -1 4194624 46271 0 0 0 99 86 0 0 0 -20 33 0 2792183 4034760704 71188 18446744073709551615 366669075988 366669141712 549056330064 0 0 0 4612 0 1073779962 0 0 0 17 3 0 0 0 0 0 366669152648 366669152808 366738956288 549056334450 549056334497 549056334497 549056335841 0
T 27932.49
P 14870 13399 20010055 appspawn-x
14870 (com.example.hel) S 13399 0 0 0 -1 4194624 46271 0 0 0 99 86 0 0 0 -20 33 0 2792183 4034760704 71188 18446744073709551615 366669075988 366669141712 549056330064 0 0 0 4612 0 1073779962 0 0 0 17 3 0 0 0 0 0 366669152648 366669152808 366738956288 549056334450 549056334497 549056334497 549056335841 0
T 27932.66
P 14870 13399 20010055 appspawn-x
14870 (com.example.hel) S 13399 0 0 0 -1 4194624 46271 0 0 0 99 86 0 0 0 -20 33 0 2792183 4034760704 71188 18446744073709551615 366669075988 366669141712 549056330064 0 0 0 4612 0 1073779962 0 0 0 17 3 0 0 0 0 0 366669152648 366669152808 366738956288 549056334450 549056334497 549056334497 549056335841 0
T 27932.81
P 14870 13399 20010055 appspawn-x
14870 (com.example.hel) S 13399 0 0 0 -1 4194624 46271 0 0 0 99 86 0 0 0 -20 33 0 2792183 4034760704 71188 18446744073709551615 366669075988 366669141712 549056330064 0 0 0 4612 0 1073779962 0 0 0 17 3 0 0 0 0 0 366669152648 366669152808 366738956288 549056334450 549056334497 549056334497 549056335841 0
T 27932.97
P 14870 13399 20010055 appspawn-x
14870 (com.example.hel) S 13399 0 0 0 -1 4194624 46271 0 0 0 99 86 0 0 0 -20 33 0 2792183 4034760704 71188 18446744073709551615 366669075988 366669141712 549056330064 0 0 0 4612 0 1073779962 0 0 0 17 3 0 0 0 0 0 366669152648 366669152808 366738956288 549056334450 549056334497 549056334497 549056335841 0
T 27933.15
P 14870 13399 20010055 appspawn-x
14870 (com.example.hel) S 13399 0 0 0 -1 4194624 46271 0 0 0 99 86 0 0 0 -20 33 0 2792183 4034760704 71188 18446744073709551615 366669075988 366669141712 549056330064 0 0 0 4612 0 1073779962 0 0 0 17 3 0 0 0 0 0 366669152648 366669152808 366738956288 549056334450 549056334497 549056334497 549056335841 0
T 27933.33
P 14870 13399 20010055 appspawn-x
14870 (com.example.hel) S 13399 0 0 0 -1 4194624 46271 0 0 0 99 86 0 0 0 -20 33 0 2792183 4034760704 71188 18446744073709551615 366669075988 366669141712 549056330064 0 0 0 4612 0 1073779962 0 0 0 17 3 0 0 0 0 0 366669152648 366669152808 366738956288 549056334450 549056334497 549056334497 549056335841 0
T 27933.51
P 14870 13399 20010055 appspawn-x
14870 (com.example.hel) S 13399 0 0 0 -1 4194624 46271 0 0 0 99 86 0 0 0 -20 33 0 2792183 4034760704 71188 18446744073709551615 366669075988 366669141712 549056330064 0 0 0 4612 0 1073779962 0 0 0 17 3 0 0 0 0 0 366669152648 366669152808 366738956288 549056334450 549056334497 549056334497 549056335841 0
T 27933.70
P 14870 13399 20010055 appspawn-x
14870 (com.example.hel) S 13399 0 0 0 -1 4194624 46271 0 0 0 99 86 0 0 0 -20 33 0 2792183 4034760704 71188 18446744073709551615 366669075988 366669141712 549056330064 0 0 0 4612 0 1073779962 0 0 0 17 3 0 0 0 0 0 366669152648 366669152808 366738956288 549056334450 549056334497 549056334497 549056335841 0
T 27933.85
P 14870 13399 20010055 appspawn-x
14870 (com.example.hel) S 13399 0 0 0 -1 4194624 46271 0 0 0 99 86 0 0 0 -20 33 0 2792183 4034760704 71188 18446744073709551615 366669075988 366669141712 549056330064 0 0 0 4612 0 1073779962 0 0 0 17 3 0 0 0 0 0 366669152648 366669152808 366738956288 549056334450 549056334497 549056334497 549056335841 0
T 27934.01
P 14870 13399 20010055 appspawn-x
14870 (com.example.hel) S 13399 0 0 0 -1 4194624 46271 0 0 0 99 86 0 0 0 -20 33 0 2792183 4034760704 71188 18446744073709551615 366669075988 366669141712 549056330064 0 0 0 4612 0 1073779962 0 0 0 17 3 0 0 0 0 0 366669152648 366669152808 366738956288 549056334450 549056334497 549056334497 549056335841 0
T 27934.17
P 14870 13399 20010055 appspawn-x
14870 (com.example.hel) S 13399 0 0 0 -1 4194624 46271 0 0 0 99 86 0 0 0 -20 33 0 2792183 4034760704 71188 18446744073709551615 366669075988 366669141712 549056330064 0 0 0 4612 0 1073779962 0 0 0 17 3 0 0 0 0 0 366669152648 366669152808 366738956288 549056334450 549056334497 549056334497 549056335841 0
T 27934.32
P 14870 13399 20010055 appspawn-x
14870 (com.example.hel) S 13399 0 0 0 -1 4194624 46271 0 0 0 99 86 0 0 0 -20 33 0 2792183 4034760704 71188 18446744073709551615 366669075988 366669141712 549056330064 0 0 0 4612 0 1073779962 0 0 0 17 3 0 0 0 0 0 366669152648 366669152808 366738956288 549056334450 549056334497 549056334497 549056335841 0
T 27934.48
P 14870 13399 20010055 appspawn-x
14870 (com.example.hel) S 13399 0 0 0 -1 4194624 46271 0 0 0 99 86 0 0 0 -20 33 0 2792183 4034760704 71188 18446744073709551615 366669075988 366669141712 549056330064 0 0 0 4612 0 1073779962 0 0 0 17 3 0 0 0 0 0 366669152648 366669152808 366738956288 549056334450 549056334497 549056334497 549056335841 0
T 27934.64
P 14870 13399 20010055 appspawn-x
14870 (com.example.hel) S 13399 0 0 0 -1 4194624 46271 0 0 0 99 86 0 0 0 -20 33 0 2792183 4034760704 71188 18446744073709551615 366669075988 366669141712 549056330064 0 0 0 4612 0 1073779962 0 0 0 17 3 0 0 0 0 0 366669152648 366669152808 366738956288 549056334450 549056334497 549056334497 549056335841 0
T 27934.80
P 14870 13399 20010055 appspawn-x
14870 (com.example.hel) S 13399 0 0 0 -1 4194624 46271 0 0 0 99 86 0 0 0 -20 33 0 2792183 4034760704 71188 18446744073709551615 366669075988 366669141712 549056330064 0 0 0 4612 0 1073779962 0 0 0 17 3 0 0 0 0 0 366669152648 366669152808 366738956288 549056334450 549056334497 549056334497 549056335841 0
T 27934.95
P 14870 13399 20010055 appspawn-x
14870 (com.example.hel) S 13399 0 0 0 -1 4194624 46271 0 0 0 99 86 0 0 0 -20 33 0 2792183 4034760704 71188 18446744073709551615 366669075988 366669141712 549056330064 0 0 0 4612 0 1073779962 0 0 0 17 3 0 0 0 0 0 366669152648 366669152808 366738956288 549056334450 549056334497 549056334497 549056335841 0
T 27935.11
P 14870 13399 20010055 appspawn-x
14870 (com.example.hel) S 13399 0 0 0 -1 4194624 46271 0 0 0 99 86 0 0 0 -20 33 0 2792183 4034760704 71188 18446744073709551615 366669075988 366669141712 549056330064 0 0 0 4612 0 1073779962 0 0 0 17 3 0 0 0 0 0 366669152648 366669152808 366738956288 549056334450 549056334497 549056334497 549056335841 0
T 27935.27
P 14870 13399 20010055 appspawn-x
14870 (com.example.hel) S 13399 0 0 0 -1 4194624 46271 0 0 0 99 86 0 0 0 -20 33 0 2792183 4034760704 71188 18446744073709551615 366669075988 366669141712 549056330064 0 0 0 4612 0 1073779962 0 0 0 17 3 0 0 0 0 0 366669152648 366669152808 366738956288 549056334450 549056334497 549056334497 549056335841 0
T 27935.43
P 14870 13399 20010055 appspawn-x
14870 (com.example.hel) S 13399 0 0 0 -1 4194624 46271 0 0 0 99 86 0 0 0 -20 33 0 2792183 4034760704 71188 18446744073709551615 366669075988 366669141712 549056330064 0 0 0 4612 0 1073779962 0 0 0 17 3 0 0 0 0 0 366669152648 366669152808 366738956288 549056334450 549056334497 549056334497 549056335841 0
T 27935.61
P 14870 13399 20010055 appspawn-x
14870 (com.example.hel) S 13399 0 0 0 -1 4194624 46271 0 0 0 99 86 0 0 0 -20 33 0 2792183 4034760704 71188 18446744073709551615 366669075988 366669141712 549056330064 0 0 0 4612 0 1073779962 0 0 0 17 3 0 0 0 0 0 366669152648 366669152808 366738956288 549056334450 549056334497 549056334497 549056335841 0
T 27935.77
P 14870 13399 20010055 appspawn-x
14870 (com.example.hel) S 13399 0 0 0 -1 4194624 46271 0 0 0 99 86 0 0 0 -20 33 0 2792183 4034760704 71188 18446744073709551615 366669075988 366669141712 549056330064 0 0 0 4612 0 1073779962 0 0 0 17 3 0 0 0 0 0 366669152648 366669152808 366738956288 549056334450 549056334497 549056334497 549056335841 0
T 27935.93
P 14870 13399 20010055 appspawn-x
14870 (com.example.hel) S 13399 0 0 0 -1 4194624 46271 0 0 0 99 86 0 0 0 -20 33 0 2792183 4034760704 71188 18446744073709551615 366669075988 366669141712 549056330064 0 0 0 4612 0 1073779962 0 0 0 17 3 0 0 0 0 0 366669152648 366669152808 366738956288 549056334450 549056334497 549056334497 549056335841 0
T 27936.08
P 14870 13399 20010055 appspawn-x
14870 (com.example.hel) S 13399 0 0 0 -1 4194624 46271 0 0 0 99 86 0 0 0 -20 33 0 2792183 4034760704 71188 18446744073709551615 366669075988 366669141712 549056330064 0 0 0 4612 0 1073779962 0 0 0 17 3 0 0 0 0 0 366669152648 366669152808 366738956288 549056334450 549056334497 549056334497 549056335841 0
T 27936.24
P 14870 13399 20010055 appspawn-x
14870 (com.example.hel) S 13399 0 0 0 -1 4194624 46271 0 0 0 99 86 0 0 0 -20 33 0 2792183 4034760704 71188 18446744073709551615 366669075988 366669141712 549056330064 0 0 0 4612 0 1073779962 0 0 0 17 3 0 0 0 0 0 366669152648 366669152808 366738956288 549056334450 549056334497 549056334497 549056335841 0
T 27936.40
P 14870 13399 20010055 appspawn-x
14870 (com.example.hel) S 13399 0 0 0 -1 4194624 46271 0 0 0 99 86 0 0 0 -20 33 0 2792183 4034760704 71188 18446744073709551615 366669075988 366669141712 549056330064 0 0 0 4612 0 1073779962 0 0 0 17 3 0 0 0 0 0 366669152648 366669152808 366738956288 549056334450 549056334497 549056334497 549056335841 0
T 27936.56
P 14870 13399 20010055 appspawn-x
14870 (com.example.hel) S 13399 0 0 0 -1 4194624 46271 0 0 0 99 86 0 0 0 -20 33 0 2792183 4034760704 71188 18446744073709551615 366669075988 366669141712 549056330064 0 0 0 4612 0 1073779962 0 0 0 17 3 0 0 0 0 0 366669152648 366669152808 366738956288 549056334450 549056334497 549056334497 549056335841 0
T 27936.73
P 14870 13399 20010055 appspawn-x
14870 (com.example.hel) S 13399 0 0 0 -1 4194624 46271 0 0 0 99 86 0 0 0 -20 33 0 2792183 4034760704 71188 18446744073709551615 366669075988 366669141712 549056330064 0 0 0 4612 0 1073779962 0 0 0 17 3 0 0 0 0 0 366669152648 366669152808 366738956288 549056334450 549056334497 549056334497 549056335841 0
T 27936.90
P 14870 13399 20010055 appspawn-x
14870 (com.example.hel) S 13399 0 0 0 -1 4194624 46271 0 0 0 99 86 0 0 0 -20 33 0 2792183 4034760704 71188 18446744073709551615 366669075988 366669141712 549056330064 0 0 0 4612 0 1073779962 0 0 0 17 3 0 0 0 0 0 366669152648 366669152808 366738956288 549056334450 549056334497 549056334497 549056335841 0
T 27937.07
P 14870 13399 20010055 appspawn-x
14870 (com.example.hel) S 13399 0 0 0 -1 4194624 46271 0 0 0 99 86 0 0 0 -20 33 0 2792183 4034760704 71188 18446744073709551615 366669075988 366669141712 549056330064 0 0 0 4612 0 1073779962 0 0 0 17 3 0 0 0 0 0 366669152648 366669152808 366738956288 549056334450 549056334497 549056334497 549056335841 0
T 27937.23
P 14870 13399 20010055 appspawn-x
14870 (com.example.hel) S 13399 0 0 0 -1 4194624 46271 0 0 0 99 86 0 0 0 -20 33 0 2792183 4034760704 71188 18446744073709551615 366669075988 366669141712 549056330064 0 0 0 4612 0 1073779962 0 0 0 17 3 0 0 0 0 0 366669152648 366669152808 366738956288 549056334450 549056334497 549056334497 549056335841 0
T 27937.39
P 14870 13399 20010055 appspawn-x
14870 (com.example.hel) S 13399 0 0 0 -1 4194624 46271 0 0 0 99 86 0 0 0 -20 33 0 2792183 4034760704 71188 18446744073709551615 366669075988 366669141712 549056330064 0 0 0 4612 0 1073779962 0 0 0 17 3 0 0 0 0 0 366669152648 366669152808 366738956288 549056334450 549056334497 549056334497 549056335841 0
