T 61275.16
T 61275.36
T 61275.54
T 61275.72
P 5193 3850 20010055 appspawn-x
5193 (mple.helloworld) R 3850 0 0 0 -1 4194624 254 0 0 0 4 4 0 0 0 -20 1 0 6127572 2197721088 1602 18446744073709551615 366844021108 366844089168 549330186464 0 0 0 0 4096 1073775866 0 0 0 17 6 0 0 0 0 0 366844100120 366844100280 366845034496 549330188914 549330188961 549330188961 549330190305 0
T 61275.93
P 5193 3850 20010055 appspawn-x
5193 (mple.helloworld) R 3850 0 0 0 -1 4194624 2958 0 0 0 13 9 0 0 0 -20 1 0 6127572 2454167552 6184 18446744073709551615 366844021108 366844089168 549330186464 0 0 0 0 4096 1073775866 0 0 0 17 7 0 0 0 0 0 366844100120 366844100280 366845034496 549330188914 549330188961 549330188961 549330190305 0
T 61276.08
P 5193 3850 20010055 appspawn-x
5193 (main) R 3850 0 0 0 -1 4194624 13716 0 0 0 20 19 0 0 0 -20 10 0 6127572 3366432768 19715 18446744073709551615 366844021108 366844089168 549330186464 0 0 0 4612 0 1073779962 0 0 0 17 7 0 0 0 0 0 366844100120 366844100280 366845034496 549330188914 549330188961 549330188961 549330190305 0
T 61276.27
P 5193 3850 20010055 appspawn-x
5193 (main) R 3850 0 0 0 -1 4194624 16764 0 0 0 34 26 0 0 0 -20 10 0 6127572 3518926848 26036 18446744073709551615 366844021108 366844089168 549330186464 0 0 0 4612 0 1073779962 0 0 0 17 7 0 0 0 0 0 366844100120 366844100280 366845034496 549330188914 549330188961 549330188961 549330190305 0
T 61276.48
P 5193 3850 20010055 appspawn-x
5193 (main) R 3850 0 0 0 -1 4194624 20634 0 1 0 47 33 0 0 0 -20 10 0 6127572 3579674624 46388 18446744073709551615 366844021108 366844089168 549330186464 0 0 0 4612 0 1073779962 0 0 0 17 7 0 0 0 0 0 366844100120 366844100280 366845034496 549330188914 549330188961 549330188961 549330190305 0
T 61276.69
P 5193 3850 20010055 appspawn-x
5193 (com.example.hel) R 3850 0 0 0 -1 4194624 27936 0 1 0 60 39 0 0 0 -20 12 0 6127572 3705892864 56144 18446744073709551615 366844021108 366844089168 549330186464 0 0 0 4612 0 1073779962 0 0 0 17 7 0 0 0 0 0 366844100120 366844100280 366845034496 549330188914 549330188961 549330188961 549330190305 0
T 61276.88
P 5193 3850 20010055 appspawn-x
5193 (com.example.hel) R 3850 0 0 0 -1 4194624 37078 0 1 0 70 48 0 0 0 -20 12 0 6127572 3737010176 63715 18446744073709551615 366844021108 366844089168 549330186464 0 0 0 4612 0 1073779962 0 0 0 17 7 0 0 0 0 0 366844100120 366844100280 366845034496 549330188914 549330188961 549330188961 549330190305 0
T 61277.07
P 5193 3850 20010055 appspawn-x
5193 (com.example.hel) R 3850 0 0 0 -1 4194624 39156 0 1 0 84 53 0 0 0 -20 12 0 6127572 3712212992 55195 18446744073709551615 366844021108 366844089168 549330186464 0 0 0 4612 0 1073779962 0 0 0 17 7 0 0 0 0 0 366844100120 366844100280 366845034496 549330188914 549330188961 549330188961 549330190305 0
T 61277.26
P 5193 3850 20010055 appspawn-x
5193 (com.example.hel) R 3850 0 0 0 -1 4194624 40895 0 1 0 92 60 0 0 0 -20 15 0 6127572 3791568896 62270 18446744073709551615 366844021108 366844089168 549330186464 0 0 0 2147221247 0 1073779962 0 0 0 17 6 0 0 0 0 0 366844100120 366844100280 366845034496 549330188914 549330188961 549330188961 549330190305 0
T 61277.43
P 5193 3850 20010055 appspawn-x
5193 (com.example.hel) t 3850 0 0 0 -1 1077936448 40931 19 1 0 92 64 0 2 0 -20 16 0 6127572 3800006656 62270 18446744073709551615 366844021108 366844089168 549330186464 0 0 0 2147221247 0 1073779962 0 0 0 17 6 0 0 0 0 0 366844100120 366844100280 366845034496 549330188914 549330188961 549330188961 549330190305 0
P 5259 1 20010055 processdump
5259 (processdump) R 1 5259 5259 0 -1 4194304 1554 0 3 0 2 8 0 0 0 -20 1 0 6127734 2277490688 4767 18446744073709551615 367336995996 367337223136 549523434080 0 0 0 2147211927 65536 1073775866 0 0 0 17 5 0 0 0 0 0 367337239472 367337239520 367774773248 549523437725 549523437752 549523437752 549523439584 0
P 5264 5193 20010055 [com.example.hel]
5264 (com.example.hel) R 5193 0 0 0 -1 4194372 9 0 0 0 0 3 0 0 0 -20 1 0 6127746 0 0 18446744073709551615 0 0 0 0 0 0 2147221247 0 1073779962 0 0 0 17 1 0 0 0 0 0 0 0 0 0 0 0 0 0
P 5265 5264 20010055 appspawn-x
5265 (com.example.hel) t 5264 0 0 0 -1 1077936192 0 0 0 0 0 0 0 0 0 -20 1 0 6127747 3798966272 18080 18446744073709551615 366844021108 366844089168 549330186464 0 0 0 2147221247 0 1073779962 1 0 0 17 1 0 0 0 0 0 366844100120 366844100280 366845034496 549330188914 549330188961 549330188961 549330190305 0
T 61277.60
P 5193 3850 20010055 appspawn-x
5193 (com.example.hel) t 3850 0 0 0 -1 1077936448 40931 19 1 0 92 64 0 2 0 -20 16 0 6127572 3800006656 62270 18446744073709551615 366844021108 366844089168 549330186464 0 0 0 2147221247 0 1073779962 0 0 0 17 6 0 0 0 0 0 366844100120 366844100280 366845034496 549330188914 549330188961 549330188961 549330190305 0
P 5259 1 20010055 processdump
5259 (processdump) S 1 5259 5259 0 -1 1077936128 9091 0 4 0 17 19 0 0 0 -20 4 0 6127734 2374762496 10115 18446744073709551615 367336995996 367337223136 549523434080 0 0 0 2147211927 65536 1073775866 0 0 0 17 7 0 0 0 0 0 367337239472 367337239520 367774773248 549523437725 549523437752 549523437752 549523439584 0
P 5264 5193 20010055 [com.example.hel]
5264 (com.example.hel) Z 5193 0 0 0 -1 4227140 9 0 0 0 0 4 0 0 0 -20 1 0 6127746 0 0 18446744073709551615 0 0 0 0 0 0 2147221247 0 1073779962 1 0 0 17 1 0 0 0 0 0 0 0 0 0 0 0 0 0
P 5265 1 20010055 appspawn-x
5265 (com.example.hel) t 1 0 0 0 -1 1077936192 0 0 0 0 0 0 0 0 0 -20 1 0 6127747 3798966272 18080 18446744073709551615 366844021108 366844089168 549330186464 0 0 0 2147221247 0 1073779962 1 0 0 17 1 0 0 0 0 0 366844100120 366844100280 366845034496 549330188914 549330188961 549330188961 549330190305 0
T 61277.80
P 5193 3850 20010055 appspawn-x
5193 (com.example.hel) t 3850 0 0 0 -1 1077936448 40931 19 1 0 92 64 0 2 0 -20 16 0 6127572 3800006656 62270 18446744073709551615 366844021108 366844089168 549330186464 0 0 0 2147221247 0 1073779962 0 0 0 17 6 0 0 0 0 0 366844100120 366844100280 366845034496 549330188914 549330188961 549330188961 549330190305 0
P 5259 1 20010055 processdump
5259 (processdump) R 1 5259 5259 0 -1 4194304 22154 0 4 0 25 29 0 0 0 -20 3 0 6127734 2278359040 7983 18446744073709551615 367336995996 367337223136 549523434080 0 0 0 2147211927 65536 1073775866 0 0 0 17 7 0 0 0 0 0 367337239472 367337239520 367774773248 549523437725 549523437752 549523437752 549523439584 0
P 5264 5193 20010055 [com.example.hel]
5264 (com.example.hel) Z 5193 0 0 0 -1 4227140 9 0 0 0 0 4 0 0 0 -20 1 0 6127746 0 0 18446744073709551615 0 0 0 0 0 0 2147221247 0 1073779962 1 0 0 17 1 0 0 0 0 0 0 0 0 0 0 0 0 0
P 5265 1 20010055 appspawn-x
5265 (com.example.hel) t 1 0 0 0 -1 1077936192 0 0 0 0 0 0 0 0 0 -20 1 0 6127747 3798966272 18080 18446744073709551615 366844021108 366844089168 549330186464 0 0 0 2147221247 0 1073779962 1 0 0 17 1 0 0 0 0 0 366844100120 366844100280 366845034496 549330188914 549330188961 549330188961 549330190305 0
T 61277.98
T 61278.18
T 61278.35
T 61278.54
T 61278.71
T 61278.89
T 61279.05
T 61279.21
T 61279.37
T 61279.52
T 61279.68
T 61279.85
T 61280.04
T 61280.21
T 61280.39
T 61280.58
T 61280.75
T 61280.94
T 61281.09
T 61281.25
T 61281.40
T 61281.56
T 61281.72
T 61281.90
T 61282.08
T 61282.26
T 61282.44
T 61282.62
T 61282.77
T 61282.93
T 61283.11
T 61283.29
T 61283.48
T 61283.66
T 61283.81
T 61283.97
T 61284.12
T 61284.30
T 61284.49
T 61284.65
T 61284.81
T 61284.97
T 61285.13
T 61285.28
T 61285.44
T 61285.59
T 61285.75
T 61285.92
T 61286.08
T 61286.23
T 61286.39
T 61286.54
T 61286.70
T 61286.85
T 61287.01
T 61287.16
T 61287.33
T 61287.49
T 61287.64
T 61287.80
T 61287.96
T 61288.11
T 61288.29
T 61288.47
T 61288.66
T 61288.84
T 61289.01
T 61289.20
T 61289.38
T 61289.56
T 61289.73
T 61289.92
T 61290.10
T 61290.28
T 61290.46
T 61290.64
T 61290.84
T 61290.99
T 61291.15
