T 10347.22
T 10347.40
T 10347.59
P 21694 16848 20010080 appspawn-x
21694 (atory.ooniprobe) R 16848 0 0 0 -1 4194624 6118 0 0 0 5 9 0 0 0 -20 1 0 1034756 2454016000 10959 18446744073709551615 366763173332 366763239648 549753948320 0 0 0 0 4096 1073775866 0 0 0 17 4 0 0 0 0 0 366763250584 366763250744 367247994880 549753952861 549753952908 549753952908 549753954273 0
T 10347.82
P 21694 16848 20010080 appspawn-x
21694 (main) R 16848 0 0 0 -1 4194624 13417 0 0 0 11 17 0 0 0 -20 10 0 1034756 3363966976 19399 18446744073709551615 366763173332 366763239648 549753948320 0 0 0 4612 0 1073779962 0 0 0 17 6 0 0 0 0 0 366763250584 366763250744 367247994880 549753952861 549753952908 549753952908 549753954273 0
T 10348.01
P 21694 16848 20010080 appspawn-x
21694 (main) R 16848 0 0 0 -1 4194624 15904 0 0 0 17 25 0 0 0 -20 10 0 1034756 3519021056 25096 18446744073709551615 366763173332 366763239648 549753948320 0 0 0 4612 0 1073779962 0 0 0 17 6 0 0 0 0 0 366763250584 366763250744 367247994880 549753952861 549753952908 549753952908 549753954273 0
T 10348.17
P 21694 16848 20010080 appspawn-x
21694 (main) R 16848 0 0 0 -1 4194624 16931 0 0 0 33 26 0 0 0 -20 10 0 1034756 3519041536 26352 18446744073709551615 366763173332 366763239648 549753948320 0 0 0 4612 0 1073779962 0 0 0 17 6 0 0 0 0 0 366763250584 366763250744 367247994880 549753952861 549753952908 549753952908 549753954273 0
T 10348.35
P 21694 16848 20010080 appspawn-x
21694 (main) R 16848 0 0 0 -1 4194624 21693 0 0 0 43 34 0 0 0 -20 10 0 1034756 3670642688 50604 18446744073709551615 366763173332 366763239648 549753948320 0 0 0 4612 0 1073779962 0 0 0 17 7 0 0 0 0 0 366763250584 366763250744 367247994880 549753952861 549753952908 549753952908 549753954273 0
T 10348.53
P 21694 16848 20010080 appspawn-x
21694 (org.openobserva) R 16848 0 0 0 -1 4194624 30347 0 0 0 52 43 0 0 0 -20 12 0 1034756 3719446528 59780 18446744073709551615 366763173332 366763239648 549753948320 0 0 0 4612 0 1073779962 0 0 0 17 7 0 0 0 0 0 366763250584 366763250744 367247994880 549753952861 549753952908 549753952908 549753954273 0
T 10348.72
P 21694 16848 20010080 appspawn-x
21694 (org.openobserva) R 16848 0 0 0 -1 4194624 37680 0 0 0 65 48 0 0 0 -20 12 0 1034756 3743203328 65606 18446744073709551615 366763173332 366763239648 549753948320 0 0 0 4612 0 1073779962 0 0 0 17 7 0 0 0 0 0 366763250584 366763250744 367247994880 549753952861 549753952908 549753952908 549753954273 0
T 10348.90
P 21694 16848 20010080 appspawn-x
21694 (org.openobserva) R 16848 0 0 0 -1 4194624 39435 0 0 0 76 52 0 0 0 -20 12 0 1034756 3716767744 57693 18446744073709551615 366763173332 366763239648 549753948320 0 0 0 4612 0 1073779962 0 0 0 17 7 0 0 0 0 0 366763250584 366763250744 367247994880 549753952861 549753952908 549753952908 549753954273 0
T 10349.05
P 21694 16848 20010080 appspawn-x
21694 (org.openobserva) R 16848 0 0 0 -1 4194624 42335 0 0 0 88 56 0 0 0 -20 13 0 1034756 3786391552 62862 18446744073709551615 366763173332 366763239648 549753948320 0 0 0 4612 0 1073779962 0 0 0 17 7 0 0 0 0 0 366763250584 366763250744 367247994880 549753952861 549753952908 549753952908 549753954273 0
T 10349.21
P 21694 16848 20010080 appspawn-x
21694 (org.openobserva) R 16848 0 0 0 -1 4194624 42708 0 0 0 98 61 0 0 0 -20 14 0 1034756 3794571264 63463 18446744073709551615 366763173332 366763239648 549753948320 0 0 0 4612 0 1073779962 0 0 0 17 7 0 0 0 0 0 366763250584 366763250744 367247994880 549753952861 549753952908 549753952908 549753954273 0
T 10349.38
P 21694 16848 20010080 appspawn-x
21694 (org.openobserva) R 16848 0 0 0 -1 4194624 42922 0 0 0 109 69 0 0 0 -20 14 0 1034756 3794845696 63712 18446744073709551615 366763173332 366763239648 549753948320 0 0 0 4612 0 1073779962 0 0 0 17 7 0 0 0 0 0 366763250584 366763250744 367247994880 549753952861 549753952908 549753952908 549753954273 0
T 10349.56
P 21694 16848 20010080 appspawn-x
21694 (org.openobserva) R 16848 0 0 0 -1 4194624 43597 0 0 0 119 79 0 0 0 -20 14 0 1034756 3795943424 65569 18446744073709551615 366763173332 366763239648 549753948320 0 0 0 4612 0 1073779962 0 0 0 17 7 0 0 0 0 0 366763250584 366763250744 367247994880 549753952861 549753952908 549753952908 549753954273 0
T 10349.76
P 21694 16848 20010080 appspawn-x
21694 (org.openobserva) R 16848 0 0 0 -1 4194624 44234 0 0 0 124 87 0 0 0 -20 19 0 1034756 3840495616 67899 18446744073709551615 366763173332 366763239648 549753948320 0 0 0 4612 0 1073779962 0 0 0 17 6 0 0 0 0 0 366763250584 366763250744 367247994880 549753952861 549753952908 549753952908 549753954273 0
T 10349.96
P 21694 16848 20010080 appspawn-x
21694 (org.openobserva) R 16848 0 0 0 -1 4194624 44398 0 0 0 138 92 0 0 0 -20 19 0 1034756 3840774144 68134 18446744073709551615 366763173332 366763239648 549753948320 0 0 0 4612 0 1073779962 0 0 0 17 7 0 0 0 0 0 366763250584 366763250744 367247994880 549753952861 549753952908 549753952908 549753954273 0
T 10350.16
P 21694 16848 20010080 appspawn-x
21694 (org.openobserva) R 16848 0 0 0 -1 4194624 44639 0 0 0 152 99 0 0 0 -20 19 0 1034756 3841036288 68313 18446744073709551615 366763173332 366763239648 549753948320 0 0 0 4612 0 1073779962 0 0 0 17 7 0 0 0 0 0 366763250584 366763250744 367247994880 549753952861 549753952908 549753952908 549753954273 0
T 10350.35
T 10350.59
T 10350.76
T 10350.99
T 10351.18
T 10351.37
T 10351.56
T 10351.75
T 10351.94
T 10352.12
T 10352.29
T 10352.46
T 10352.65
T 10352.84
T 10353.02
T 10353.20
T 10353.37
T 10353.56
T 10353.73
T 10353.91
T 10354.09
T 10354.26
T 10354.43
T 10354.60
T 10354.79
T 10354.94
T 10355.13
T 10355.29
T 10355.48
T 10355.66
T 10355.86
T 10356.01
T 10356.20
T 10356.37
T 10356.55
T 10356.74
T 10356.92
T 10357.07
T 10357.23
T 10357.39
T 10357.56
T 10357.75
T 10357.93
T 10358.11
T 10358.29
T 10358.47
T 10358.63
T 10358.78
T 10358.94
T 10359.10
T 10359.25
T 10359.41
T 10359.57
T 10359.73
T 10359.92
T 10360.11
T 10360.30
T 10360.46
T 10360.64
T 10360.80
T 10360.98
T 10361.14
T 10361.34
T 10361.51
T 10361.66
T 10361.82
T 10361.97
T 10362.13
T 10362.29
T 10362.45
T 10362.60
T 10362.76
T 10362.92
T 10363.09
