T 61545.35
T 61545.51
T 61545.70
P 10417 6624 20010056 appspawn-x
10417 (b.bridge.zigzag) R 6624 0 0 0 -1 4194624 252 0 0 0 6 5 0 0 0 -20 1 0 6154572 2197676032 1613 18446744073709551615 367053612564 367053678288 549094111520 0 0 0 0 4096 1073775866 0 0 0 17 5 0 0 0 0 0 367053689224 367053689384 367741341696 549094115954 549094116001 549094116001 549094117345 0
T 61545.96
P 10417 6624 20010056 appspawn-x
10417 (b.bridge.zigzag) R 6624 0 0 0 -1 4194624 6341 0 0 0 13 15 0 0 0 -20 1 0 6154572 2456219648 11700 18446744073709551615 367053612564 367053678288 549094111520 0 0 0 0 4096 1073775866 0 0 0 17 5 0 0 0 0 0 367053689224 367053689384 367741341696 549094115954 549094116001 549094116001 549094117345 0
T 61546.15
P 10417 6624 20010056 appspawn-x
10417 (main) D 6624 0 0 0 -1 4194624 13349 0 0 0 18 25 0 0 0 -20 10 0 6154572 3364286464 19304 18446744073709551615 367053612564 367053678288 549094111520 0 0 0 4612 0 1073779962 0 0 0 17 6 0 0 0 0 0 367053689224 367053689384 367741341696 549094115954 549094116001 549094116001 549094117345 0
T 61546.32
P 10417 6624 20010056 appspawn-x
10417 (main) R 6624 0 0 0 -1 4194624 15888 0 2 0 23 33 0 0 0 -20 10 0 6154572 3520958464 25175 18446744073709551615 367053612564 367053678288 549094111520 0 0 0 4612 0 1073779962 0 0 0 17 4 0 0 0 0 0 367053689224 367053689384 367741341696 549094115954 549094116001 549094116001 549094117345 0
T 61546.48
P 10417 6624 20010056 appspawn-x
10417 (main) R 6624 0 0 0 -1 4194624 17302 0 4 0 38 34 0 0 0 -20 10 0 6154572 3521126400 27788 18446744073709551615 367053612564 367053678288 549094111520 0 0 0 4612 0 1073779962 0 0 0 17 7 0 0 0 0 0 367053689224 367053689384 367741341696 549094115954 549094116001 549094116001 549094117345 0
T 61546.65
P 10417 6624 20010056 appspawn-x
10417 (main) R 6624 0 0 0 -1 4194624 21609 0 4 0 49 42 0 0 0 -20 10 0 6154572 3670900736 49865 18446744073709551615 367053612564 367053678288 549094111520 0 0 0 4612 0 1073779962 0 0 0 17 7 0 0 0 0 0 367053689224 367053689384 367741341696 549094115954 549094116001 549094116001 549094117345 0
T 61546.84
P 10417 6624 20010056 appspawn-x
10417 (com.a2hlab.brid) R 6624 0 0 0 -1 4194624 30338 0 4 0 60 51 0 0 0 -20 12 0 6154572 3719778304 59149 18446744073709551615 367053612564 367053678288 549094111520 0 0 0 4612 0 1073779962 0 0 0 17 7 0 0 0 0 0 367053689224 367053689384 367741341696 549094115954 549094116001 549094116001 549094117345 0
T 61547.05
P 10417 6624 20010056 appspawn-x
10417 (com.a2hlab.brid) R 6624 0 0 0 -1 4194624 37924 0 4 0 74 56 0 0 0 -20 12 0 6154572 3744538624 65140 18446744073709551615 367053612564 367053678288 549094111520 0 0 0 4612 0 1073779962 0 0 0 17 7 0 0 0 0 0 367053689224 367053689384 367741341696 549094115954 549094116001 549094116001 549094117345 0
T 61547.24
P 10417 6624 20010056 appspawn-x
10417 (com.a2hlab.brid) S 6624 0 0 0 -1 1077936448 40375 0 4 0 90 61 0 0 0 -20 13 0 6154572 3778064384 58802 18446744073709551615 367053612564 367053678288 549094111520 0 0 0 4612 0 1073779962 0 0 0 17 5 0 0 0 0 0 367053689224 367053689384 367741341696 549094115954 549094116001 549094116001 549094117345 0
T 61547.44
P 10417 6624 20010056 appspawn-x
10417 (com.a2hlab.brid) R 6624 0 0 0 -1 4194624 43041 0 4 0 98 69 0 0 0 -20 16 0 6154572 4126359552 68303 18446744073709551615 367053612564 367053678288 549094111520 0 0 0 4612 0 1073779962 0 0 0 17 5 0 0 0 0 0 367053689224 367053689384 367741341696 549094115954 549094116001 549094116001 549094117345 0
T 61547.64
P 10417 6624 20010056 appspawn-x
10417 (com.a2hlab.brid) S 6624 0 0 0 -1 1077936448 46462 0 4 0 103 77 0 0 0 -20 33 0 6154572 4315140096 74252 18446744073709551615 367053612564 367053678288 549094111520 0 0 0 4612 0 1073779962 0 0 0 17 6 0 0 0 0 0 367053689224 367053689384 367741341696 549094115954 549094116001 549094116001 549094117345 0
T 61547.81
P 10417 6624 20010056 appspawn-x
10417 (com.a2hlab.brid) S 6624 0 0 0 -1 4194624 48136 0 4 0 117 80 0 0 0 -20 38 0 6154572 6505775104 75863 18446744073709551615 367053612564 367053678288 549094111520 0 0 0 4612 0 1073779962 0 0 0 17 4 0 0 0 0 0 367053689224 367053689384 367741341696 549094115954 549094116001 549094116001 549094117345 0
T 61547.98
P 10417 6624 20010056 appspawn-x
10417 (com.a2hlab.brid) S 6624 0 0 0 -1 4194624 50272 0 4 0 134 83 0 0 0 -20 40 0 6154572 6524940288 79439 18446744073709551615 367053612564 367053678288 549094111520 0 0 0 4612 0 1619039482 0 0 0 17 5 0 0 0 0 0 367053689224 367053689384 367741341696 549094115954 549094116001 549094116001 549094117345 0
T 61548.18
P 10417 6624 20010056 appspawn-x
10417 (com.a2hlab.brid) S 6624 0 0 0 -1 4194624 55465 0 4 0 145 89 0 0 0 -20 62 0 6154572 6982619136 83719 18446744073709551615 367053612564 367053678288 549094111520 0 0 0 4612 0 1619039482 0 0 0 17 2 0 0 0 0 0 367053689224 367053689384 367741341696 549094115954 549094116001 549094116001 549094117345 0
T 61548.38
P 10417 6624 20010056 appspawn-x
10417 (com.a2hlab.brid) S 6624 0 0 0 -1 4194624 60612 0 4 0 152 99 0 0 0 -20 66 0 6154572 7587303424 94695 18446744073709551615 367053612564 367053678288 549094111520 0 0 0 4612 0 1619039482 0 0 0 17 7 0 0 0 0 0 367053689224 367053689384 367741341696 549094115954 549094116001 549094116001 549094117345 0
T 61548.56
P 10417 6624 20010056 appspawn-x
10417 (com.a2hlab.brid) S 6624 0 0 0 -1 4194624 64180 0 4 0 166 110 0 0 0 -20 67 0 6154572 7961169920 99586 18446744073709551615 367053612564 367053678288 549094111520 0 0 0 4612 0 1619039482 0 0 0 17 2 0 0 0 0 0 367053689224 367053689384 367741341696 549094115954 549094116001 549094116001 549094117345 0
T 61548.79
P 10417 6624 20010056 appspawn-x
10417 (com.a2hlab.brid) S 6624 0 0 0 -1 4194624 64332 0 4 0 167 114 0 0 0 -20 67 0 6154572 7961169920 99685 18446744073709551615 367053612564 367053678288 549094111520 0 0 0 4612 0 1619039482 0 0 0 17 2 0 0 0 0 0 367053689224 367053689384 367741341696 549094115954 549094116001 549094116001 549094117345 0
T 61549.00
P 10417 6624 20010056 appspawn-x
10417 (com.a2hlab.brid) S 6624 0 0 0 -1 4194624 64403 0 4 0 168 115 0 0 0 -20 67 0 6154572 7961169920 100198 18446744073709551615 367053612564 367053678288 549094111520 0 0 0 4612 0 1619039482 0 0 0 17 5 0 0 0 0 0 367053689224 367053689384 367741341696 549094115954 549094116001 549094116001 549094117345 0
T 61549.21
P 10417 6624 20010056 appspawn-x
10417 (com.a2hlab.brid) S 6624 0 0 0 -1 4194624 64472 0 4 0 169 118 0 0 0 -20 67 0 6154572 7969787904 99723 18446744073709551615 367053612564 367053678288 549094111520 0 0 0 4612 0 1619039482 0 0 0 17 5 0 0 0 0 0 367053689224 367053689384 367741341696 549094115954 549094116001 549094116001 549094117345 0
T 61549.38
P 10417 6624 20010056 appspawn-x
10417 (com.a2hlab.brid) S 6624 0 0 0 -1 4194624 64621 0 4 0 171 121 0 0 0 -20 67 0 6154572 7961169920 99794 18446744073709551615 367053612564 367053678288 549094111520 0 0 0 4612 0 1619039482 0 0 0 17 5 0 0 0 0 0 367053689224 367053689384 367741341696 549094115954 549094116001 549094116001 549094117345 0
T 61549.58
P 10417 6624 20010056 appspawn-x
10417 (com.a2hlab.brid) S 6624 0 0 0 -1 4194624 64754 0 4 0 172 124 0 0 0 -20 67 0 6154572 7961169920 99867 18446744073709551615 367053612564 367053678288 549094111520 0 0 0 4612 0 1619039482 0 0 0 17 5 0 0 0 0 0 367053689224 367053689384 367741341696 549094115954 549094116001 549094116001 549094117345 0
T 61549.76
P 10417 6624 20010056 appspawn-x
10417 (com.a2hlab.brid) S 6624 0 0 0 -1 4194624 64875 0 4 0 173 126 0 0 0 -20 67 0 6154572 7961169920 99959 18446744073709551615 367053612564 367053678288 549094111520 0 0 0 4612 0 1619039482 0 0 0 17 5 0 0 0 0 0 367053689224 367053689384 367741341696 549094115954 549094116001 549094116001 549094117345 0
T 61549.94
P 10417 6624 20010056 appspawn-x
10417 (com.a2hlab.brid) S 6624 0 0 0 -1 4194624 64993 0 4 0 174 129 0 0 0 -20 67 0 6154572 7961169920 100030 18446744073709551615 367053612564 367053678288 549094111520 0 0 0 4612 0 1619039482 0 0 0 17 5 0 0 0 0 0 367053689224 367053689384 367741341696 549094115954 549094116001 549094116001 549094117345 0
T 61550.10
P 10417 6624 20010056 appspawn-x
10417 (com.a2hlab.brid) S 6624 0 0 0 -1 4194624 65107 0 4 0 176 131 0 0 0 -20 67 0 6154572 7961169920 100069 18446744073709551615 367053612564 367053678288 549094111520 0 0 0 4612 0 1619039482 0 0 0 17 5 0 0 0 0 0 367053689224 367053689384 367741341696 549094115954 549094116001 549094116001 549094117345 0
T 61550.26
P 10417 6624 20010056 appspawn-x
10417 (com.a2hlab.brid) S 6624 0 0 0 -1 4194624 65154 0 4 0 177 133 0 0 0 -20 67 0 6154572 7961169920 100106 18446744073709551615 367053612564 367053678288 549094111520 0 0 0 4612 0 1619039482 0 0 0 17 5 0 0 0 0 0 367053689224 367053689384 367741341696 549094115954 549094116001 549094116001 549094117345 0
T 61550.45
P 10417 6624 20010056 appspawn-x
10417 (com.a2hlab.brid) S 6624 0 0 0 -1 4194624 65284 0 4 0 180 134 0 0 0 -20 67 0 6154572 7961169920 100139 18446744073709551615 367053612564 367053678288 549094111520 0 0 0 4612 0 1619039482 0 0 0 17 2 0 0 0 0 0 367053689224 367053689384 367741341696 549094115954 549094116001 549094116001 549094117345 0
T 61550.61
P 10417 6624 20010056 appspawn-x
10417 (com.a2hlab.brid) S 6624 0 0 0 -1 4194624 66864 0 4 0 186 138 0 0 0 -20 70 0 6154572 8047005696 103395 18446744073709551615 367053612564 367053678288 549094111520 0 0 0 4612 0 1619039482 0 0 0 17 5 0 0 0 0 0 367053689224 367053689384 367741341696 549094115954 549094116001 549094116001 549094117345 0
T 61550.79
P 10417 6624 20010056 appspawn-x
10417 (com.a2hlab.brid) S 6624 0 0 0 -1 4194624 69660 0 4 0 201 145 0 0 0 -20 71 0 6154572 8053415936 108058 18446744073709551615 367053612564 367053678288 549094111520 0 0 0 4612 0 1619039482 0 0 0 17 5 0 0 0 0 0 367053689224 367053689384 367741341696 549094115954 549094116001 549094116001 549094117345 0
T 61550.98
P 10417 6624 20010056 appspawn-x
10417 (com.a2hlab.brid) S 6624 0 0 0 -1 4194624 69965 0 4 0 203 149 0 0 0 -20 71 0 6154572 8053420032 107884 18446744073709551615 367053612564 367053678288 549094111520 0 0 0 4612 0 1619039482 0 0 0 17 5 0 0 0 0 0 367053689224 367053689384 367741341696 549094115954 549094116001 549094116001 549094117345 0
T 61551.17
P 10417 6624 20010056 appspawn-x
10417 (com.a2hlab.brid) S 6624 0 0 0 -1 4194624 70218 0 4 0 205 151 0 0 0 -20 71 0 6154572 8053420032 107512 18446744073709551615 367053612564 367053678288 549094111520 0 0 0 4612 0 1619039482 0 0 0 17 5 0 0 0 0 0 367053689224 367053689384 367741341696 549094115954 549094116001 549094116001 549094117345 0
T 61551.33
P 10417 6624 20010056 appspawn-x
10417 (com.a2hlab.brid) S 6624 0 0 0 -1 4194624 70435 0 4 0 207 152 0 0 0 -20 71 0 6154572 8053420032 107142 18446744073709551615 367053612564 367053678288 549094111520 0 0 0 4612 0 1619039482 0 0 0 17 5 0 0 0 0 0 367053689224 367053689384 367741341696 549094115954 549094116001 549094116001 549094117345 0
T 61551.49
P 10417 6624 20010056 appspawn-x
10417 (com.a2hlab.brid) S 6624 0 0 0 -1 4194624 70620 0 4 0 209 155 0 0 0 -20 71 0 6154572 8053420032 107292 18446744073709551615 367053612564 367053678288 549094111520 0 0 0 4612 0 1619039482 0 0 0 17 5 0 0 0 0 0 367053689224 367053689384 367741341696 549094115954 549094116001 549094116001 549094117345 0
T 61551.68
P 10417 6624 20010056 appspawn-x
10417 (com.a2hlab.brid) S 6624 0 0 0 -1 4194624 70719 0 4 0 212 156 0 0 0 -20 71 0 6154572 8053420032 107409 18446744073709551615 367053612564 367053678288 549094111520 0 0 0 4612 0 1619039482 0 0 0 17 5 0 0 0 0 0 367053689224 367053689384 367741341696 549094115954 549094116001 549094116001 549094117345 0
T 61551.86
P 10417 6624 20010056 appspawn-x
10417 (com.a2hlab.brid) S 6624 0 0 0 -1 4194624 70960 0 4 0 214 158 0 0 0 -20 71 0 6154572 8053420032 108599 18446744073709551615 367053612564 367053678288 549094111520 0 0 0 4612 0 1619039482 0 0 0 17 5 0 0 0 0 0 367053689224 367053689384 367741341696 549094115954 549094116001 549094116001 549094117345 0
T 61552.03
P 10417 6624 20010056 appspawn-x
10417 (com.a2hlab.brid) S 6624 0 0 0 -1 4194624 71057 0 4 0 216 159 0 0 0 -20 71 0 6154572 8053420032 107716 18446744073709551615 367053612564 367053678288 549094111520 0 0 0 4612 0 1619039482 0 0 0 17 5 0 0 0 0 0 367053689224 367053689384 367741341696 549094115954 549094116001 549094116001 549094117345 0
T 61552.19
P 10417 6624 20010056 appspawn-x
10417 (com.a2hlab.brid) S 6624 0 0 0 -1 4194624 71126 0 4 0 218 161 0 0 0 -20 71 0 6154572 8053420032 107716 18446744073709551615 367053612564 367053678288 549094111520 0 0 0 4612 0 1619039482 0 0 0 17 5 0 0 0 0 0 367053689224 367053689384 367741341696 549094115954 549094116001 549094116001 549094117345 0
T 61552.36
P 10417 6624 20010056 appspawn-x
10417 (com.a2hlab.brid) S 6624 0 0 0 -1 4194624 71203 0 4 0 220 163 0 0 0 -20 71 0 6154572 8053420032 107741 18446744073709551615 367053612564 367053678288 549094111520 0 0 0 4612 0 1619039482 0 0 0 17 5 0 0 0 0 0 367053689224 367053689384 367741341696 549094115954 549094116001 549094116001 549094117345 0
T 61552.54
P 10417 6624 20010056 appspawn-x
10417 (com.a2hlab.brid) S 6624 0 0 0 -1 4194624 71255 0 4 0 222 165 0 0 0 -20 71 0 6154572 8053420032 107808 18446744073709551615 367053612564 367053678288 549094111520 0 0 0 4612 0 1619039482 0 0 0 17 5 0 0 0 0 0 367053689224 367053689384 367741341696 549094115954 549094116001 549094116001 549094117345 0
T 61552.72
P 10417 6624 20010056 appspawn-x
10417 (com.a2hlab.brid) S 6624 0 0 0 -1 4194624 71333 0 4 0 224 167 0 0 0 -20 71 0 6154572 8053420032 108836 18446744073709551615 367053612564 367053678288 549094111520 0 0 0 4612 0 1619039482 0 0 0 17 5 0 0 0 0 0 367053689224 367053689384 367741341696 549094115954 549094116001 549094116001 549094117345 0
T 61552.90
P 10417 6624 20010056 appspawn-x
10417 (com.a2hlab.brid) S 6624 0 0 0 -1 4194624 71376 0 4 0 225 169 0 0 0 -20 71 0 6154572 8053420032 107876 18446744073709551615 367053612564 367053678288 549094111520 0 0 0 4612 0 1619039482 0 0 0 17 5 0 0 0 0 0 367053689224 367053689384 367741341696 549094115954 549094116001 549094116001 549094117345 0
T 61553.06
P 10417 6624 20010056 appspawn-x
10417 (com.a2hlab.brid) S 6624 0 0 0 -1 4194624 71434 0 4 0 227 171 0 0 0 -20 71 0 6154572 8053420032 107880 18446744073709551615 367053612564 367053678288 549094111520 0 0 0 4612 0 1619039482 0 0 0 17 5 0 0 0 0 0 367053689224 367053689384 367741341696 549094115954 549094116001 549094116001 549094117345 0
T 61553.24
P 10417 6624 20010056 appspawn-x
10417 (com.a2hlab.brid) S 6624 0 0 0 -1 4194624 71482 0 4 0 230 173 0 0 0 -20 71 0 6154572 8053420032 108458 18446744073709551615 367053612564 367053678288 549094111520 0 0 0 4612 0 1619039482 0 0 0 17 5 0 0 0 0 0 367053689224 367053689384 367741341696 549094115954 549094116001 549094116001 549094117345 0
T 61553.44
P 10417 6624 20010056 appspawn-x
10417 (com.a2hlab.brid) S 6624 0 0 0 -1 4194624 71528 0 4 0 231 176 0 0 0 -20 71 0 6154572 8053420032 108016 18446744073709551615 367053612564 367053678288 549094111520 0 0 0 4612 0 1619039482 0 0 0 17 5 0 0 0 0 0 367053689224 367053689384 367741341696 549094115954 549094116001 549094116001 549094117345 0
T 61553.62
P 10417 6624 20010056 appspawn-x
10417 (com.a2hlab.brid) S 6624 0 0 0 -1 4194624 71578 0 4 0 233 178 0 0 0 -20 71 0 6154572 8053420032 108019 18446744073709551615 367053612564 367053678288 549094111520 0 0 0 4612 0 1619039482 0 0 0 17 5 0 0 0 0 0 367053689224 367053689384 367741341696 549094115954 549094116001 549094116001 549094117345 0
T 61553.82
P 10417 6624 20010056 appspawn-x
10417 (com.a2hlab.brid) S 6624 0 0 0 -1 4194624 71652 0 4 0 235 180 0 0 0 -20 71 0 6154572 8053420032 108120 18446744073709551615 367053612564 367053678288 549094111520 0 0 0 4612 0 1619039482 0 0 0 17 5 0 0 0 0 0 367053689224 367053689384 367741341696 549094115954 549094116001 549094116001 549094117345 0
T 61554.02
P 10417 6624 20010056 appspawn-x
10417 (com.a2hlab.brid) S 6624 0 0 0 -1 4194624 71698 0 4 0 236 183 0 0 0 -20 71 0 6154572 8053420032 108633 18446744073709551615 367053612564 367053678288 549094111520 0 0 0 4612 0 1619039482 0 0 0 17 5 0 0 0 0 0 367053689224 367053689384 367741341696 549094115954 549094116001 549094116001 549094117345 0
T 61554.20
P 10417 6624 20010056 appspawn-x
10417 (com.a2hlab.brid) S 6624 0 0 0 -1 4194624 71736 0 4 0 237 186 0 0 0 -20 71 0 6154572 8053420032 108187 18446744073709551615 367053612564 367053678288 549094111520 0 0 0 4612 0 1619039482 0 0 0 17 5 0 0 0 0 0 367053689224 367053689384 367741341696 549094115954 549094116001 549094116001 549094117345 0
T 61554.40
P 10417 6624 20010056 appspawn-x
10417 (com.a2hlab.brid) S 6624 0 0 0 -1 4194624 71784 0 4 0 240 187 0 0 0 -20 71 0 6154572 8053420032 108253 18446744073709551615 367053612564 367053678288 549094111520 0 0 0 4612 0 1619039482 0 0 0 17 5 0 0 0 0 0 367053689224 367053689384 367741341696 549094115954 549094116001 549094116001 549094117345 0
T 61554.58
P 10417 6624 20010056 appspawn-x
10417 (com.a2hlab.brid) S 6624 0 0 0 -1 4194624 71824 0 4 0 242 189 0 0 0 -20 71 0 6154572 8053420032 108255 18446744073709551615 367053612564 367053678288 549094111520 0 0 0 4612 0 1619039482 0 0 0 17 5 0 0 0 0 0 367053689224 367053689384 367741341696 549094115954 549094116001 549094116001 549094117345 0
T 61554.76
P 10417 6624 20010056 appspawn-x
10417 (com.a2hlab.brid) S 6624 0 0 0 -1 4194624 71871 0 4 0 244 192 0 0 0 -20 71 0 6154572 8053420032 108323 18446744073709551615 367053612564 367053678288 549094111520 0 0 0 4612 0 1619039482 0 0 0 17 5 0 0 0 0 0 367053689224 367053689384 367741341696 549094115954 549094116001 549094116001 549094117345 0
T 61554.94
P 10417 6624 20010056 appspawn-x
10417 (com.a2hlab.brid) S 6624 0 0 0 -1 4194624 71913 0 4 0 245 194 0 0 0 -20 71 0 6154572 8053420032 108323 18446744073709551615 367053612564 367053678288 549094111520 0 0 0 4612 0 1619039482 0 0 0 17 5 0 0 0 0 0 367053689224 367053689384 367741341696 549094115954 549094116001 549094116001 549094117345 0
T 61555.12
P 10417 6624 20010056 appspawn-x
10417 (com.a2hlab.brid) S 6624 0 0 0 -1 4194624 71963 0 4 0 246 197 0 0 0 -20 71 0 6154572 8053420032 108388 18446744073709551615 367053612564 367053678288 549094111520 0 0 0 4612 0 1619039482 0 0 0 17 5 0 0 0 0 0 367053689224 367053689384 367741341696 549094115954 549094116001 549094116001 549094117345 0
T 61555.29
P 10417 6624 20010056 appspawn-x
10417 (com.a2hlab.brid) S 6624 0 0 0 -1 4194624 72000 0 4 0 248 199 0 0 0 -20 71 0 6154572 8053420032 108388 18446744073709551615 367053612564 367053678288 549094111520 0 0 0 4612 0 1619039482 0 0 0 17 5 0 0 0 0 0 367053689224 367053689384 367741341696 549094115954 549094116001 549094116001 549094117345 0
T 61555.46
P 10417 6624 20010056 appspawn-x
10417 (com.a2hlab.brid) S 6624 0 0 0 -1 4194624 72051 0 4 0 251 199 0 0 0 -20 71 0 6154572 8053420032 108455 18446744073709551615 367053612564 367053678288 549094111520 0 0 0 4612 0 1619039482 0 0 0 17 5 0 0 0 0 0 367053689224 367053689384 367741341696 549094115954 549094116001 549094116001 549094117345 0
T 61555.62
P 10417 6624 20010056 appspawn-x
10417 (com.a2hlab.brid) S 6624 0 0 0 -1 4194624 72095 0 4 0 253 201 0 0 0 -20 71 0 6154572 8053420032 108456 18446744073709551615 367053612564 367053678288 549094111520 0 0 0 4612 0 1619039482 0 0 0 17 5 0 0 0 0 0 367053689224 367053689384 367741341696 549094115954 549094116001 549094116001 549094117345 0
T 61555.78
P 10417 6624 20010056 appspawn-x
10417 (com.a2hlab.brid) S 6624 0 0 0 -1 4194624 72132 0 4 0 255 202 0 0 0 -20 71 0 6154572 8053420032 108521 18446744073709551615 367053612564 367053678288 549094111520 0 0 0 4612 0 1619039482 0 0 0 17 5 0 0 0 0 0 367053689224 367053689384 367741341696 549094115954 549094116001 549094116001 549094117345 0
T 61555.94
P 10417 6624 20010056 appspawn-x
10417 (com.a2hlab.brid) S 6624 0 0 0 -1 4194624 72170 0 4 0 257 204 0 0 0 -20 71 0 6154572 8053420032 109546 18446744073709551615 367053612564 367053678288 549094111520 0 0 0 4612 0 1619039482 0 0 0 17 5 0 0 0 0 0 367053689224 367053689384 367741341696 549094115954 549094116001 549094116001 549094117345 0
T 61556.10
P 10417 6624 20010056 appspawn-x
10417 (com.a2hlab.brid) S 6624 0 0 0 -1 4194624 72202 0 4 0 259 205 0 0 0 -20 71 0 6154572 8053420032 108587 18446744073709551615 367053612564 367053678288 549094111520 0 0 0 4612 0 1619039482 0 0 0 17 5 0 0 0 0 0 367053689224 367053689384 367741341696 549094115954 549094116001 549094116001 549094117345 0
T 61556.26
P 10417 6624 20010056 appspawn-x
10417 (com.a2hlab.brid) S 6624 0 0 0 -1 4194624 72247 0 4 0 260 208 0 0 0 -20 71 0 6154572 8053420032 109612 18446744073709551615 367053612564 367053678288 549094111520 0 0 0 4612 0 1619039482 0 0 0 17 5 0 0 0 0 0 367053689224 367053689384 367741341696 549094115954 549094116001 549094116001 549094117345 0
T 61556.44
P 10417 6624 20010056 appspawn-x
10417 (com.a2hlab.brid) S 6624 0 0 0 -1 4194624 72286 0 4 0 261 210 0 0 0 -20 71 0 6154572 8053420032 109166 18446744073709551615 367053612564 367053678288 549094111520 0 0 0 4612 0 1619039482 0 0 0 17 5 0 0 0 0 0 367053689224 367053689384 367741341696 549094115954 549094116001 549094116001 549094117345 0
T 61556.60
P 10417 6624 20010056 appspawn-x
10417 (com.a2hlab.brid) S 6624 0 0 0 -1 4194624 72316 0 4 0 263 212 0 0 0 -20 71 0 6154572 8053420032 108653 18446744073709551615 367053612564 367053678288 549094111520 0 0 0 4612 0 1619039482 0 0 0 17 5 0 0 0 0 0 367053689224 367053689384 367741341696 549094115954 549094116001 549094116001 549094117345 0
T 61556.77
P 10417 6624 20010056 appspawn-x
10417 (com.a2hlab.brid) S 6624 0 0 0 -1 4194624 72371 0 4 0 265 214 0 0 0 -20 71 0 6154572 8053420032 109744 18446744073709551615 367053612564 367053678288 549094111520 0 0 0 4612 0 1619039482 0 0 0 17 5 0 0 0 0 0 367053689224 367053689384 367741341696 549094115954 549094116001 549094116001 549094117345 0
T 61556.94
P 10417 6624 20010056 appspawn-x
10417 (com.a2hlab.brid) S 6624 0 0 0 -1 4194624 72410 0 4 0 267 216 0 0 0 -20 71 0 6154572 8053420032 108719 18446744073709551615 367053612564 367053678288 549094111520 0 0 0 4612 0 1619039482 0 0 0 17 5 0 0 0 0 0 367053689224 367053689384 367741341696 549094115954 549094116001 549094116001 549094117345 0
T 61557.12
P 10417 6624 20010056 appspawn-x
10417 (com.a2hlab.brid) S 6624 0 0 0 -1 4194624 72455 0 4 0 268 219 0 0 0 -20 71 0 6154572 8053420032 108785 18446744073709551615 367053612564 367053678288 549094111520 0 0 0 4612 0 1619039482 0 0 0 17 5 0 0 0 0 0 367053689224 367053689384 367741341696 549094115954 549094116001 549094116001 549094117345 0
T 61557.30
P 10417 6624 20010056 appspawn-x
10417 (com.a2hlab.brid) S 6624 0 0 0 -1 4194624 72486 0 4 0 271 220 0 0 0 -20 71 0 6154572 8053420032 108785 18446744073709551615 367053612564 367053678288 549094111520 0 0 0 4612 0 1619039482 0 0 0 17 5 0 0 0 0 0 367053689224 367053689384 367741341696 549094115954 549094116001 549094116001 549094117345 0
T 61557.46
P 10417 6624 20010056 appspawn-x
10417 (com.a2hlab.brid) S 6624 0 0 0 -1 4194624 72524 0 4 0 273 221 0 0 0 -20 71 0 6154572 8053420032 108851 18446744073709551615 367053612564 367053678288 549094111520 0 0 0 4612 0 1619039482 0 0 0 17 5 0 0 0 0 0 367053689224 367053689384 367741341696 549094115954 549094116001 549094116001 549094117345 0
T 61557.62
P 10417 6624 20010056 appspawn-x
10417 (com.a2hlab.brid) S 6624 0 0 0 -1 4194624 72563 0 4 0 275 222 0 0 0 -20 71 0 6154572 8053420032 108851 18446744073709551615 367053612564 367053678288 549094111520 0 0 0 4612 0 1619039482 0 0 0 17 5 0 0 0 0 0 367053689224 367053689384 367741341696 549094115954 549094116001 549094116001 549094117345 0
T 61557.78
P 10417 6624 20010056 appspawn-x
10417 (com.a2hlab.brid) S 6624 0 0 0 -1 4194624 72602 0 4 0 277 224 0 0 0 -20 71 0 6154572 8053420032 108917 18446744073709551615 367053612564 367053678288 549094111520 0 0 0 4612 0 1619039482 0 0 0 17 5 0 0 0 0 0 367053689224 367053689384 367741341696 549094115954 549094116001 549094116001 549094117345 0
T 61557.96
P 10417 6624 20010056 appspawn-x
10417 (com.a2hlab.brid) S 6624 0 0 0 -1 4194624 72649 0 4 0 280 226 0 0 0 -20 71 0 6154572 8053420032 108917 18446744073709551615 367053612564 367053678288 549094111520 0 0 0 4612 0 1619039482 0 0 0 17 5 0 0 0 0 0 367053689224 367053689384 367741341696 549094115954 549094116001 549094116001 549094117345 0
T 61558.16
P 10417 6624 20010056 appspawn-x
10417 (com.a2hlab.brid) S 6624 0 0 0 -1 4194624 72698 0 4 0 281 229 0 0 0 -20 71 0 6154572 8053420032 108982 18446744073709551615 367053612564 367053678288 549094111520 0 0 0 4612 0 1619039482 0 0 0 17 5 0 0 0 0 0 367053689224 367053689384 367741341696 549094115954 549094116001 549094116001 549094117345 0
T 61558.36
P 10417 6624 20010056 appspawn-x
10417 (com.a2hlab.brid) S 6624 0 0 0 -1 4194624 72745 0 4 0 282 232 0 0 0 -20 71 0 6154572 8053420032 109047 18446744073709551615 367053612564 367053678288 549094111520 0 0 0 4612 0 1619039482 0 0 0 17 5 0 0 0 0 0 367053689224 367053689384 367741341696 549094115954 549094116001 549094116001 549094117345 0
T 61558.56
P 10417 6624 20010056 appspawn-x
10417 (com.a2hlab.brid) S 6624 0 0 0 -1 4194624 72782 0 4 0 284 234 0 0 0 -20 71 0 6154572 8053420032 109047 18446744073709551615 367053612564 367053678288 549094111520 0 0 0 4612 0 1619039482 0 0 0 17 5 0 0 0 0 0 367053689224 367053689384 367741341696 549094115954 549094116001 549094116001 549094117345 0
T 61558.73
P 10417 6624 20010056 appspawn-x
10417 (com.a2hlab.brid) S 6624 0 0 0 -1 4194624 72826 0 4 0 287 235 0 0 0 -20 71 0 6154572 8053420032 109113 18446744073709551615 367053612564 367053678288 549094111520 0 0 0 4612 0 1619039482 0 0 0 17 5 0 0 0 0 0 367053689224 367053689384 367741341696 549094115954 549094116001 549094116001 549094117345 0
T 61558.90
P 10417 6624 20010056 appspawn-x
10417 (com.a2hlab.brid) S 6624 0 0 0 -1 4194624 72877 0 4 0 289 237 0 0 0 -20 71 0 6154572 8053420032 109113 18446744073709551615 367053612564 367053678288 549094111520 0 0 0 4612 0 1619039482 0 0 0 17 5 0 0 0 0 0 367053689224 367053689384 367741341696 549094115954 549094116001 549094116001 549094117345 0
T 61559.10
P 10417 6624 20010056 appspawn-x
10417 (com.a2hlab.brid) S 6624 0 0 0 -1 4194624 72916 0 4 0 291 239 0 0 0 -20 71 0 6154572 8053420032 109179 18446744073709551615 367053612564 367053678288 549094111520 0 0 0 4612 0 1619039482 0 0 0 17 5 0 0 0 0 0 367053689224 367053689384 367741341696 549094115954 549094116001 549094116001 549094117345 0
T 61559.27
P 10417 6624 20010056 appspawn-x
10417 (com.a2hlab.brid) S 6624 0 0 0 -1 4194624 72961 0 4 0 293 241 0 0 0 -20 71 0 6154572 8053420032 110204 18446744073709551615 367053612564 367053678288 549094111520 0 0 0 4612 0 1619039482 0 0 0 17 5 0 0 0 0 0 367053689224 367053689384 367741341696 549094115954 549094116001 549094116001 549094117345 0
T 61559.44
P 10417 6624 20010056 appspawn-x
10417 (com.a2hlab.brid) S 6624 0 0 0 -1 4194624 72992 0 4 0 296 241 0 0 0 -20 71 0 6154572 8053420032 109245 18446744073709551615 367053612564 367053678288 549094111520 0 0 0 4612 0 1619039482 0 0 0 17 5 0 0 0 0 0 367053689224 367053689384 367741341696 549094115954 549094116001 549094116001 549094117345 0
T 61559.60
P 10417 6624 20010056 appspawn-x
10417 (com.a2hlab.brid) S 6624 0 0 0 -1 4194624 73038 0 4 0 298 244 0 0 0 -20 71 0 6154572 8053420032 109245 18446744073709551615 367053612564 367053678288 549094111520 0 0 0 4612 0 1619039482 0 0 0 17 5 0 0 0 0 0 367053689224 367053689384 367741341696 549094115954 549094116001 549094116001 549094117345 0
T 61559.80
P 10417 6624 20010056 appspawn-x
10417 (com.a2hlab.brid) S 6624 0 0 0 -1 4194624 73085 0 4 0 300 245 0 0 0 -20 71 0 6154572 8053420032 109824 18446744073709551615 367053612564 367053678288 549094111520 0 0 0 4612 0 1619039482 0 0 0 17 5 0 0 0 0 0 367053689224 367053689384 367741341696 549094115954 549094116001 549094116001 549094117345 0
T 61559.97
P 10417 6624 20010056 appspawn-x
10417 (com.a2hlab.brid) S 6624 0 0 0 -1 4194624 73123 0 4 0 302 247 0 0 0 -20 71 0 6154572 8053420032 109311 18446744073709551615 367053612564 367053678288 549094111520 0 0 0 4612 0 1619039482 0 0 0 17 5 0 0 0 0 0 367053689224 367053689384 367741341696 549094115954 549094116001 549094116001 549094117345 0
T 61560.16
P 10417 6624 20010056 appspawn-x
10417 (com.a2hlab.brid) S 6624 0 0 0 -1 4194624 73161 0 4 0 304 249 0 0 0 -20 71 0 6154572 8053420032 109377 18446744073709551615 367053612564 367053678288 549094111520 0 0 0 4612 0 1619039482 0 0 0 17 5 0 0 0 0 0 367053689224 367053689384 367741341696 549094115954 549094116001 549094116001 549094117345 0
T 61560.32
P 10417 6624 20010056 appspawn-x
10417 (com.a2hlab.brid) S 6624 0 0 0 -1 4194624 73200 0 4 0 307 250 0 0 0 -20 71 0 6154572 8053420032 109377 18446744073709551615 367053612564 367053678288 549094111520 0 0 0 4612 0 1619039482 0 0 0 17 5 0 0 0 0 0 367053689224 367053689384 367741341696 549094115954 549094116001 549094116001 549094117345 0
T 61560.50
P 10417 6624 20010056 appspawn-x
10417 (com.a2hlab.brid) S 6624 0 0 0 -1 4194624 73246 0 4 0 309 252 0 0 0 -20 71 0 6154572 8053420032 109955 18446744073709551615 367053612564 367053678288 549094111520 0 0 0 4612 0 1619039482 0 0 0 17 5 0 0 0 0 0 367053689224 367053689384 367741341696 549094115954 549094116001 549094116001 549094117345 0
T 61560.68
P 10417 6624 20010056 appspawn-x
10417 (com.a2hlab.brid) S 6624 0 0 0 -1 4194624 73282 0 4 0 310 254 0 0 0 -20 71 0 6154572 8053420032 109956 18446744073709551615 367053612564 367053678288 549094111520 0 0 0 4612 0 1619039482 0 0 0 17 5 0 0 0 0 0 367053689224 367053689384 367741341696 549094115954 549094116001 549094116001 549094117345 0
T 61560.84
P 10417 6624 20010056 appspawn-x
10417 (com.a2hlab.brid) S 6624 0 0 0 -1 4194624 73312 0 4 0 311 257 0 0 0 -20 71 0 6154572 8053420032 109509 18446744073709551615 367053612564 367053678288 549094111520 0 0 0 4612 0 1619039482 0 0 0 17 5 0 0 0 0 0 367053689224 367053689384 367741341696 549094115954 549094116001 549094116001 549094117345 0
T 61561.02
P 10417 6624 20010056 appspawn-x
10417 (com.a2hlab.brid) S 6624 0 0 0 -1 4194624 73319 0 4 0 313 259 0 0 0 -20 71 0 6154572 8053420032 110534 18446744073709551615 367053612564 367053678288 549094111520 0 0 0 4612 0 1619039482 0 0 0 17 5 0 0 0 0 0 367053689224 367053689384 367741341696 549094115954 549094116001 549094116001 549094117345 0
T 61561.18
P 10417 6624 20010056 appspawn-x
10417 (com.a2hlab.brid) S 6624 0 0 0 -1 4194624 73325 0 4 0 315 261 0 0 0 -20 71 0 6154572 8070651904 110027 18446744073709551615 367053612564 367053678288 549094111520 0 0 0 4612 0 1619039482 0 0 0 17 5 0 0 0 0 0 367053689224 367053689384 367741341696 549094115954 549094116001 549094116001 549094117345 0
T 61561.34
P 10417 6624 20010056 appspawn-x
10417 (com.a2hlab.brid) S 6624 0 0 0 -1 4194624 73330 0 4 0 317 262 0 0 0 -20 71 0 6154572 8053420032 109509 18446744073709551615 367053612564 367053678288 549094111520 0 0 0 4612 0 1619039482 0 0 0 17 5 0 0 0 0 0 367053689224 367053689384 367741341696 549094115954 549094116001 549094116001 549094117345 0
