T 30658.00
T 30658.17
T 30658.36
P 31511 28981 20010056 appspawn-x
31511 (b.bridge.zigzag) R 28981 0 0 0 -1 4194624 249 0 0 0 8 3 0 0 0 -20 1 0 3065836 2197676032 1619 18446744073709551615 366539953684 366540019408 549748715216 0 0 0 0 4096 1073775866 0 0 0 17 6 0 0 0 0 0 366540030344 366540030504 366646337536 549748718194 549748718241 549748718241 549748719585 0
T 30658.59
P 31511 28981 20010056 appspawn-x
31511 (b.bridge.zigzag) R 28981 0 0 0 -1 4194624 8271 0 0 0 17 12 0 0 0 -20 1 0 3065836 2456219648 13856 18446744073709551615 366539953684 366540019408 549748715216 0 0 0 0 4096 1073775866 0 0 0 17 6 0 0 0 0 0 366540030344 366540030504 366646337536 549748718194 549748718241 549748718241 549748719585 0
T 30658.79
P 31511 28981 20010056 appspawn-x
31511 (main) D 28981 0 0 0 -1 4194624 13658 0 0 0 23 19 0 0 0 -20 10 0 3065836 3367862272 19716 18446744073709551615 366539953684 366540019408 549748715216 0 0 0 4612 0 1073779962 0 0 0 17 5 0 0 0 0 0 366540030344 366540030504 366646337536 549748718194 549748718241 549748718241 549748719585 0
T 30658.97
P 31511 28981 20010056 appspawn-x
31511 (main) R 28981 0 0 0 -1 4194624 16002 0 0 0 29 27 0 0 0 -20 10 0 3065836 3520958464 25336 18446744073709551615 366539953684 366540019408 549748715216 0 0 0 4612 0 1073779962 0 0 0 17 6 0 0 0 0 0 366540030344 366540030504 366646337536 549748718194 549748718241 549748718241 549748719585 0
T 30659.14
P 31511 28981 20010056 appspawn-x
31511 (main) R 28981 0 0 0 -1 4194624 19831 0 0 0 43 33 0 0 0 -20 10 0 3065836 3574648832 42511 18446744073709551615 366539953684 366540019408 549748715216 0 0 0 4612 0 1073779962 0 0 0 17 7 0 0 0 0 0 366540030344 366540030504 366646337536 549748718194 549748718241 549748718241 549748719585 0
T 30659.34
P 31511 28981 20010056 appspawn-x
31511 (com.a2hlab.brid) R 28981 0 0 0 -1 4194624 22054 0 0 0 54 40 0 0 0 -20 12 0 3065836 3690221568 51348 18446744073709551615 366539953684 366540019408 549748715216 0 0 0 4612 0 1073779962 0 0 0 17 7 0 0 0 0 0 366540030344 366540030504 366646337536 549748718194 549748718241 549748718241 549748719585 0
T 30659.52
P 31511 28981 20010056 appspawn-x
31511 (com.a2hlab.brid) R 28981 0 0 0 -1 4194624 30546 0 0 0 63 48 0 0 0 -20 12 0 3065836 3720720384 58960 18446744073709551615 366539953684 366540019408 549748715216 0 0 0 4612 0 1073779962 0 0 0 17 7 0 0 0 0 0 366540030344 366540030504 366646337536 549748718194 549748718241 549748718241 549748719585 0
T 30659.70
P 31511 28981 20010056 appspawn-x
31511 (com.a2hlab.brid) R 28981 0 0 0 -1 4194624 37539 0 0 0 75 54 0 0 0 -20 12 0 3065836 3742998528 64417 18446744073709551615 366539953684 366540019408 549748715216 0 0 0 4612 0 1073779962 0 0 0 17 7 0 0 0 0 0 366540030344 366540030504 366646337536 549748718194 549748718241 549748718241 549748719585 0
T 30659.88
P 31511 28981 20010056 appspawn-x
31511 (com.a2hlab.brid) R 28981 0 0 0 -1 4194624 39014 0 0 0 87 57 0 0 0 -20 12 0 3065836 3698327552 55000 18446744073709551615 366539953684 366540019408 549748715216 0 0 0 4612 0 1073779962 0 0 0 17 7 0 0 0 0 0 366540030344 366540030504 366646337536 549748718194 549748718241 549748718241 549748719585 0
T 30660.04
P 31511 28981 20010056 appspawn-x
31511 (com.a2hlab.brid) R 28981 0 0 0 -1 4194624 42929 0 0 0 99 65 0 0 0 -20 15 0 3065836 4117860352 67221 18446744073709551615 366539953684 366540019408 549748715216 0 0 0 4612 0 1073779962 0 0 0 17 4 0 0 0 0 0 366540030344 366540030504 366646337536 549748718194 549748718241 549748718241 549748719585 0
T 30660.24
P 31511 28981 20010056 appspawn-x
31511 (com.a2hlab.brid) S 28981 0 0 0 -1 1077936448 46244 0 0 0 103 76 0 0 0 -20 33 0 3065836 4314492928 73571 18446744073709551615 366539953684 366540019408 549748715216 0 0 0 4612 0 1073779962 0 0 0 17 6 0 0 0 0 0 366540030344 366540030504 366646337536 549748718194 549748718241 549748718241 549748719585 0
T 30660.44
P 31511 28981 20010056 appspawn-x
31511 (com.a2hlab.brid) S 28981 0 0 0 -1 4194624 48104 0 0 0 117 79 0 0 0 -20 38 0 3065836 6505787392 75337 18446744073709551615 366539953684 366540019408 549748715216 0 0 0 4612 0 1073779962 0 0 0 17 7 0 0 0 0 0 366540030344 366540030504 366646337536 549748718194 549748718241 549748718241 549748719585 0
T 30660.62
P 31511 28981 20010056 appspawn-x
31511 (com.a2hlab.brid) S 28981 0 0 0 -1 4194624 49992 0 0 0 134 83 0 0 0 -20 39 0 3065836 6524702720 78547 18446744073709551615 366539953684 366540019408 549748715216 0 0 0 4612 0 1619039482 0 0 0 17 2 0 0 0 0 0 366540030344 366540030504 366646337536 549748718194 549748718241 549748718241 549748719585 0
T 30660.81
P 31511 28981 20010056 appspawn-x
31511 (com.a2hlab.brid) S 28981 0 0 0 -1 4194624 53697 0 0 0 142 90 0 0 0 -20 62 0 3065836 6712631296 82873 18446744073709551615 366539953684 366540019408 549748715216 0 0 0 4612 0 1619039482 0 0 0 17 3 0 0 0 0 0 366540030344 366540030504 366646337536 549748718194 549748718241 549748718241 549748719585 0
T 30661.00
P 31511 28981 20010056 appspawn-x
31511 (com.a2hlab.brid) S 28981 0 0 0 -1 4194624 60503 0 0 0 151 99 0 0 0 -20 66 0 3065836 7587504128 93960 18446744073709551615 366539953684 366540019408 549748715216 0 0 0 4612 0 1619039482 0 0 0 17 4 0 0 0 0 0 366540030344 366540030504 366646337536 549748718194 549748718241 549748718241 549748719585 0
T 30661.20
P 31511 28981 20010056 appspawn-x
31511 (com.a2hlab.brid) S 28981 0 0 0 -1 4194624 63736 0 0 0 167 109 0 0 0 -20 67 0 3065836 7959990272 98436 18446744073709551615 366539953684 366540019408 549748715216 0 0 0 4612 0 1619039482 0 0 0 17 2 0 0 0 0 0 366540030344 366540030504 366646337536 549748718194 549748718241 549748718241 549748719585 0
T 30661.39
P 31511 28981 20010056 appspawn-x
31511 (com.a2hlab.brid) S 28981 0 0 0 -1 4194624 64246 0 0 0 171 112 0 0 0 -20 67 0 3065836 7960248320 98908 18446744073709551615 366539953684 366540019408 549748715216 0 0 0 4612 0 1619039482 0 0 0 17 2 0 0 0 0 0 366540030344 366540030504 366646337536 549748718194 549748718241 549748718241 549748719585 0
T 30661.59
P 31511 28981 20010056 appspawn-x
31511 (com.a2hlab.brid) S 28981 0 0 0 -1 4194624 64382 0 0 0 172 115 0 0 0 -20 67 0 3065836 7960248320 100002 18446744073709551615 366539953684 366540019408 549748715216 0 0 0 4612 0 1619039482 0 0 0 17 2 0 0 0 0 0 366540030344 366540030504 366646337536 549748718194 549748718241 549748718241 549748719585 0
T 30661.80
P 31511 28981 20010056 appspawn-x
31511 (com.a2hlab.brid) S 28981 0 0 0 -1 4194624 64415 0 0 0 175 117 0 0 0 -20 67 0 3065836 7960248320 99496 18446744073709551615 366539953684 366540019408 549748715216 0 0 0 4612 0 1619039482 0 0 0 17 2 0 0 0 0 0 366540030344 366540030504 366646337536 549748718194 549748718241 549748718241 549748719585 0
T 30662.00
P 31511 28981 20010056 appspawn-x
31511 (com.a2hlab.brid) S 28981 0 0 0 -1 4194624 64541 0 0 0 178 118 0 0 0 -20 67 0 3065836 7960248320 99056 18446744073709551615 366539953684 366540019408 549748715216 0 0 0 4612 0 1619039482 0 0 0 17 2 0 0 0 0 0 366540030344 366540030504 366646337536 549748718194 549748718241 549748718241 549748719585 0
T 30662.20
P 31511 28981 20010056 appspawn-x
31511 (com.a2hlab.brid) S 28981 0 0 0 -1 4194624 64653 0 0 0 179 121 0 0 0 -20 67 0 3065836 7960248320 99095 18446744073709551615 366539953684 366540019408 549748715216 0 0 0 4612 0 1619039482 0 0 0 17 2 0 0 0 0 0 366540030344 366540030504 366646337536 549748718194 549748718241 549748718241 549748719585 0
T 30662.36
P 31511 28981 20010056 appspawn-x
31511 (com.a2hlab.brid) S 28981 0 0 0 -1 4194624 64780 0 0 0 181 123 0 0 0 -20 67 0 3065836 7960248320 99165 18446744073709551615 366539953684 366540019408 549748715216 0 0 0 4612 0 1619039482 0 0 0 17 2 0 0 0 0 0 366540030344 366540030504 366646337536 549748718194 549748718241 549748718241 549748719585 0
T 30662.56
P 31511 28981 20010056 appspawn-x
31511 (com.a2hlab.brid) S 28981 0 0 0 -1 4194624 64910 0 0 0 182 126 0 0 0 -20 67 0 3065836 7960248320 99805 18446744073709551615 366539953684 366540019408 549748715216 0 0 0 4612 0 1619039482 0 0 0 17 2 0 0 0 0 0 366540030344 366540030504 366646337536 549748718194 549748718241 549748718241 549748719585 0
T 30662.74
P 31511 28981 20010056 appspawn-x
31511 (com.a2hlab.brid) S 28981 0 0 0 -1 4194624 65055 0 0 0 184 127 0 0 0 -20 67 0 3065836 7960248320 99332 18446744073709551615 366539953684 366540019408 549748715216 0 0 0 4612 0 1619039482 0 0 0 17 2 0 0 0 0 0 366540030344 366540030504 366646337536 549748718194 549748718241 549748718241 549748719585 0
T 30662.92
P 31511 28981 20010056 appspawn-x
31511 (com.a2hlab.brid) S 28981 0 0 0 -1 4194624 65083 0 0 0 186 129 0 0 0 -20 67 0 3065836 7960248320 99365 18446744073709551615 366539953684 366540019408 549748715216 0 0 0 4612 0 1619039482 0 0 0 17 2 0 0 0 0 0 366540030344 366540030504 366646337536 549748718194 549748718241 549748718241 549748719585 0
T 30663.10
P 31511 28981 20010056 appspawn-x
31511 (com.a2hlab.brid) S 28981 0 0 0 -1 4194624 65221 0 0 0 188 132 0 0 0 -20 67 0 3065836 7960248320 99398 18446744073709551615 366539953684 366540019408 549748715216 0 0 0 4612 0 1619039482 0 0 0 17 3 0 0 0 0 0 366540030344 366540030504 366646337536 549748718194 549748718241 549748718241 549748719585 0
T 30663.28
P 31511 28981 20010056 appspawn-x
31511 (com.a2hlab.brid) S 28981 0 0 0 -1 4194624 67075 0 0 0 198 136 0 0 0 -20 70 0 3065836 8046329856 102737 18446744073709551615 366539953684 366540019408 549748715216 0 0 0 4612 0 1619039482 0 0 0 17 1 0 0 0 0 0 366540030344 366540030504 366646337536 549748718194 549748718241 549748718241 549748719585 0
T 30663.46
P 31511 28981 20010056 appspawn-x
31511 (com.a2hlab.brid) S 28981 0 0 0 -1 4194624 69745 0 0 0 211 142 0 0 0 -20 71 0 3065836 8052555776 107285 18446744073709551615 366539953684 366540019408 549748715216 0 0 0 4612 0 1619039482 0 0 0 17 1 0 0 0 0 0 366540030344 366540030504 366646337536 549748718194 549748718241 549748718241 549748719585 0
T 30663.64
P 31511 28981 20010056 appspawn-x
31511 (com.a2hlab.brid) S 28981 0 0 0 -1 4194624 70048 0 0 0 213 144 0 0 0 -20 71 0 3065836 8052555776 105940 18446744073709551615 366539953684 366540019408 549748715216 0 0 0 4612 0 1619039482 0 0 0 17 1 0 0 0 0 0 366540030344 366540030504 366646337536 549748718194 549748718241 549748718241 549748719585 0
T 30663.81
P 31511 28981 20010056 appspawn-x
31511 (com.a2hlab.brid) S 28981 0 0 0 -1 4194624 70301 0 0 0 215 147 0 0 0 -20 71 0 3065836 8052555776 106140 18446744073709551615 366539953684 366540019408 549748715216 0 0 0 4612 0 1619039482 0 0 0 17 1 0 0 0 0 0 366540030344 366540030504 366646337536 549748718194 549748718241 549748718241 549748719585 0
T 30664.00
P 31511 28981 20010056 appspawn-x
31511 (com.a2hlab.brid) S 28981 0 0 0 -1 4194624 70542 0 0 0 217 148 0 0 0 -20 71 0 3065836 8052555776 106852 18446744073709551615 366539953684 366540019408 549748715216 0 0 0 4612 0 1619039482 0 0 0 17 1 0 0 0 0 0 366540030344 366540030504 366646337536 549748718194 549748718241 549748718241 549748719585 0
T 30664.18
P 31511 28981 20010056 appspawn-x
31511 (com.a2hlab.brid) S 28981 0 0 0 -1 4194624 70727 0 0 0 220 150 0 0 0 -20 71 0 3065836 8052555776 106489 18446744073709551615 366539953684 366540019408 549748715216 0 0 0 4612 0 1619039482 0 0 0 17 1 0 0 0 0 0 366540030344 366540030504 366646337536 549748718194 549748718241 549748718241 549748719585 0
T 30664.36
P 31511 28981 20010056 appspawn-x
31511 (com.a2hlab.brid) S 28981 0 0 0 -1 4194624 70916 0 0 0 223 151 0 0 0 -20 71 0 3065836 8052555776 106598 18446744073709551615 366539953684 366540019408 549748715216 0 0 0 4612 0 1619039482 0 0 0 17 1 0 0 0 0 0 366540030344 366540030504 366646337536 549748718194 549748718241 549748718241 549748719585 0
T 30664.56
P 31511 28981 20010056 appspawn-x
31511 (com.a2hlab.brid) S 28981 0 0 0 -1 4194624 71025 0 0 0 225 154 0 0 0 -20 71 0 3065836 8052555776 107812 18446744073709551615 366539953684 366540019408 549748715216 0 0 0 4612 0 1619039482 0 0 0 17 1 0 0 0 0 0 366540030344 366540030504 366646337536 549748718194 549748718241 549748718241 549748719585 0
T 30664.74
P 31511 28981 20010056 appspawn-x
31511 (com.a2hlab.brid) S 28981 0 0 0 -1 4194624 71103 0 0 0 227 156 0 0 0 -20 71 0 3065836 8052555776 106851 18446744073709551615 366539953684 366540019408 549748715216 0 0 0 4612 0 1619039482 0 0 0 17 1 0 0 0 0 0 366540030344 366540030504 366646337536 549748718194 549748718241 549748718241 549748719585 0
T 30664.92
P 31511 28981 20010056 appspawn-x
31511 (com.a2hlab.brid) S 28981 0 0 0 -1 4194624 71215 0 0 0 229 158 0 0 0 -20 71 0 3065836 8052555776 107768 18446744073709551615 366539953684 366540019408 549748715216 0 0 0 4612 0 1619039482 0 0 0 17 1 0 0 0 0 0 366540030344 366540030504 366646337536 549748718194 549748718241 549748718241 549748719585 0
T 30665.10
P 31511 28981 20010056 appspawn-x
31511 (com.a2hlab.brid) S 28981 0 0 0 -1 4194624 71266 0 0 0 231 160 0 0 0 -20 71 0 3065836 8052555776 106808 18446744073709551615 366539953684 366540019408 549748715216 0 0 0 4612 0 1619039482 0 0 0 17 1 0 0 0 0 0 366540030344 366540030504 366646337536 549748718194 549748718241 549748718241 549748719585 0
T 30665.28
P 31511 28981 20010056 appspawn-x
31511 (com.a2hlab.brid) S 28981 0 0 0 -1 4194624 71324 0 0 0 234 162 0 0 0 -20 71 0 3065836 8052555776 106876 18446744073709551615 366539953684 366540019408 549748715216 0 0 0 4612 0 1619039482 0 0 0 17 1 0 0 0 0 0 366540030344 366540030504 366646337536 549748718194 549748718241 549748718241 549748719585 0
T 30665.48
P 31511 28981 20010056 appspawn-x
31511 (com.a2hlab.brid) S 28981 0 0 0 -1 4194624 71412 0 0 0 236 163 0 0 0 -20 71 0 3065836 8052555776 106939 18446744073709551615 366539953684 366540019408 549748715216 0 0 0 4612 0 1619039482 0 0 0 17 1 0 0 0 0 0 366540030344 366540030504 366646337536 549748718194 549748718241 549748718241 549748719585 0
T 30665.65
P 31511 28981 20010056 appspawn-x
31511 (com.a2hlab.brid) S 28981 0 0 0 -1 4194624 71512 0 0 0 238 165 0 0 0 -20 71 0 3065836 8052555776 106998 18446744073709551615 366539953684 366540019408 549748715216 0 0 0 4612 0 1619039482 0 0 0 17 1 0 0 0 0 0 366540030344 366540030504 366646337536 549748718194 549748718241 549748718241 549748719585 0
T 30665.82
P 31511 28981 20010056 appspawn-x
31511 (com.a2hlab.brid) S 28981 0 0 0 -1 4194624 71580 0 0 0 240 167 0 0 0 -20 71 0 3065836 8052555776 107060 18446744073709551615 366539953684 366540019408 549748715216 0 0 0 4612 0 1619039482 0 0 0 17 1 0 0 0 0 0 366540030344 366540030504 366646337536 549748718194 549748718241 549748718241 549748719585 0
T 30666.00
P 31511 28981 20010056 appspawn-x
31511 (com.a2hlab.brid) S 28981 0 0 0 -1 4194624 71633 0 0 0 241 169 0 0 0 -20 71 0 3065836 8052555776 107126 18446744073709551615 366539953684 366540019408 549748715216 0 0 0 4612 0 1619039482 0 0 0 17 1 0 0 0 0 0 366540030344 366540030504 366646337536 549748718194 549748718241 549748718241 549748719585 0
T 30666.16
P 31511 28981 20010056 appspawn-x
31511 (com.a2hlab.brid) S 28981 0 0 0 -1 4194624 71740 0 0 0 243 171 0 0 0 -20 71 0 3065836 8052555776 107703 18446744073709551615 366539953684 366540019408 549748715216 0 0 0 4612 0 1619039482 0 0 0 17 1 0 0 0 0 0 366540030344 366540030504 366646337536 549748718194 549748718241 549748718241 549748719585 0
T 30666.34
P 31511 28981 20010056 appspawn-x
31511 (com.a2hlab.brid) S 28981 0 0 0 -1 4194624 71817 0 0 0 245 173 0 0 0 -20 71 0 3065836 8052555776 107251 18446744073709551615 366539953684 366540019408 549748715216 0 0 0 4612 0 1619039482 0 0 0 17 1 0 0 0 0 0 366540030344 366540030504 366646337536 549748718194 549748718241 549748718241 549748719585 0
T 30666.50
P 31511 28981 20010056 appspawn-x
31511 (com.a2hlab.brid) S 28981 0 0 0 -1 4194624 71898 0 0 0 248 175 0 0 0 -20 71 0 3065836 8052555776 107344 18446744073709551615 366539953684 366540019408 549748715216 0 0 0 4612 0 1619039482 0 0 0 17 1 0 0 0 0 0 366540030344 366540030504 366646337536 549748718194 549748718241 549748718241 549748719585 0
T 30666.68
P 31511 28981 20010056 appspawn-x
31511 (com.a2hlab.brid) S 28981 0 0 0 -1 4194624 71979 0 0 0 251 175 0 0 0 -20 71 0 3065836 8052555776 107407 18446744073709551615 366539953684 366540019408 549748715216 0 0 0 4612 0 1619039482 0 0 0 17 1 0 0 0 0 0 366540030344 366540030504 366646337536 549748718194 549748718241 549748718241 549748719585 0
T 30666.87
P 31511 28981 20010056 appspawn-x
31511 (com.a2hlab.brid) S 28981 0 0 0 -1 4194624 72036 0 0 0 253 178 0 0 0 -20 71 0 3065836 8052555776 107471 18446744073709551615 366539953684 366540019408 549748715216 0 0 0 4612 0 1619039482 0 0 0 17 1 0 0 0 0 0 366540030344 366540030504 366646337536 549748718194 549748718241 549748718241 549748719585 0
T 30667.05
P 31511 28981 20010056 appspawn-x
31511 (com.a2hlab.brid) S 28981 0 0 0 -1 4194624 72088 0 0 0 255 179 0 0 0 -20 71 0 3065836 8052555776 107470 18446744073709551615 366539953684 366540019408 549748715216 0 0 0 4612 0 1619039482 0 0 0 17 1 0 0 0 0 0 366540030344 366540030504 366646337536 549748718194 549748718241 549748718241 549748719585 0
T 30667.22
P 31511 28981 20010056 appspawn-x
31511 (com.a2hlab.brid) S 28981 0 0 0 -1 4194624 72140 0 0 0 256 182 0 0 0 -20 71 0 3065836 8052555776 108047 18446744073709551615 366539953684 366540019408 549748715216 0 0 0 4612 0 1619039482 0 0 0 17 1 0 0 0 0 0 366540030344 366540030504 366646337536 549748718194 549748718241 549748718241 549748719585 0
T 30667.41
P 31511 28981 20010056 appspawn-x
31511 (com.a2hlab.brid) S 28981 0 0 0 -1 4194624 72183 0 0 0 258 184 0 0 0 -20 71 0 3065836 8052555776 107601 18446744073709551615 366539953684 366540019408 549748715216 0 0 0 4612 0 1619039482 0 0 0 17 1 0 0 0 0 0 366540030344 366540030504 366646337536 549748718194 549748718241 549748718241 549748719585 0
T 30667.58
P 31511 28981 20010056 appspawn-x
31511 (com.a2hlab.brid) S 28981 0 0 0 -1 4194624 72231 0 0 0 260 186 0 0 0 -20 71 0 3065836 8052555776 107600 18446744073709551615 366539953684 366540019408 549748715216 0 0 0 4612 0 1619039482 0 0 0 17 1 0 0 0 0 0 366540030344 366540030504 366646337536 549748718194 549748718241 549748718241 549748719585 0
T 30667.76
P 31511 28981 20010056 appspawn-x
31511 (com.a2hlab.brid) S 28981 0 0 0 -1 4194624 72272 0 0 0 262 188 0 0 0 -20 71 0 3065836 8052555776 107665 18446744073709551615 366539953684 366540019408 549748715216 0 0 0 4612 0 1619039482 0 0 0 17 1 0 0 0 0 0 366540030344 366540030504 366646337536 549748718194 549748718241 549748718241 549748719585 0
T 30667.92
P 31511 28981 20010056 appspawn-x
31511 (com.a2hlab.brid) S 28981 0 0 0 -1 4194624 72325 0 0 0 264 190 0 0 0 -20 71 0 3065836 8052555776 107670 18446744073709551615 366539953684 366540019408 549748715216 0 0 0 4612 0 1619039482 0 0 0 17 1 0 0 0 0 0 366540030344 366540030504 366646337536 549748718194 549748718241 549748718241 549748719585 0
T 30668.11
P 31511 28981 20010056 appspawn-x
31511 (com.a2hlab.brid) S 28981 0 0 0 -1 4194624 72369 0 0 0 265 192 0 0 0 -20 71 0 3065836 8052555776 107735 18446744073709551615 366539953684 366540019408 549748715216 0 0 0 4612 0 1619039482 0 0 0 17 1 0 0 0 0 0 366540030344 366540030504 366646337536 549748718194 549748718241 549748718241 549748719585 0
T 30668.29
P 31511 28981 20010056 appspawn-x
31511 (com.a2hlab.brid) S 28981 0 0 0 -1 4194624 72413 0 0 0 267 194 0 0 0 -20 71 0 3065836 8052555776 107735 18446744073709551615 366539953684 366540019408 549748715216 0 0 0 4612 0 1619039482 0 0 0 17 1 0 0 0 0 0 366540030344 366540030504 366646337536 549748718194 549748718241 549748718241 549748719585 0
T 30668.48
P 31511 28981 20010056 appspawn-x
31511 (com.a2hlab.brid) S 28981 0 0 0 -1 4194624 72450 0 0 0 269 196 0 0 0 -20 71 0 3065836 8052555776 107802 18446744073709551615 366539953684 366540019408 549748715216 0 0 0 4612 0 1619039482 0 0 0 17 1 0 0 0 0 0 366540030344 366540030504 366646337536 549748718194 549748718241 549748718241 549748719585 0
T 30668.66
P 31511 28981 20010056 appspawn-x
31511 (com.a2hlab.brid) S 28981 0 0 0 -1 4194624 72495 0 0 0 271 199 0 0 0 -20 71 0 3065836 8052555776 107801 18446744073709551615 366539953684 366540019408 549748715216 0 0 0 4612 0 1619039482 0 0 0 17 1 0 0 0 0 0 366540030344 366540030504 366646337536 549748718194 549748718241 549748718241 549748719585 0
T 30668.86
P 31511 28981 20010056 appspawn-x
31511 (com.a2hlab.brid) S 28981 0 0 0 -1 4194624 72531 0 0 0 273 200 0 0 0 -20 71 0 3065836 8052555776 107867 18446744073709551615 366539953684 366540019408 549748715216 0 0 0 4612 0 1619039482 0 0 0 17 1 0 0 0 0 0 366540030344 366540030504 366646337536 549748718194 549748718241 549748718241 549748719585 0
T 30669.04
P 31511 28981 20010056 appspawn-x
31511 (com.a2hlab.brid) S 28981 0 0 0 -1 4194624 72577 0 0 0 275 203 0 0 0 -20 71 0 3065836 8052555776 108893 18446744073709551615 366539953684 366540019408 549748715216 0 0 0 4612 0 1619039482 0 0 0 17 1 0 0 0 0 0 366540030344 366540030504 366646337536 549748718194 549748718241 549748718241 549748719585 0
T 30669.21
P 31511 28981 20010056 appspawn-x
31511 (com.a2hlab.brid) S 28981 0 0 0 -1 4194624 72615 0 0 0 276 205 0 0 0 -20 71 0 3065836 8052555776 107935 18446744073709551615 366539953684 366540019408 549748715216 0 0 0 4612 0 1619039482 0 0 0 17 1 0 0 0 0 0 366540030344 366540030504 366646337536 549748718194 549748718241 549748718241 549748719585 0
T 30669.39
P 31511 28981 20010056 appspawn-x
31511 (com.a2hlab.brid) S 28981 0 0 0 -1 4194624 72652 0 0 0 277 207 0 0 0 -20 71 0 3065836 8052555776 107935 18446744073709551615 366539953684 366540019408 549748715216 0 0 0 4612 0 1619039482 0 0 0 17 1 0 0 0 0 0 366540030344 366540030504 366646337536 549748718194 549748718241 549748718241 549748719585 0
T 30669.56
P 31511 28981 20010056 appspawn-x
31511 (com.a2hlab.brid) S 28981 0 0 0 -1 4194624 72695 0 0 0 278 210 0 0 0 -20 71 0 3065836 8052555776 108001 18446744073709551615 366539953684 366540019408 549748715216 0 0 0 4612 0 1619039482 0 0 0 17 1 0 0 0 0 0 366540030344 366540030504 366646337536 549748718194 549748718241 549748718241 549748719585 0
T 30669.76
P 31511 28981 20010056 appspawn-x
31511 (com.a2hlab.brid) S 28981 0 0 0 -1 4194624 72740 0 0 0 280 213 0 0 0 -20 71 0 3065836 8052555776 108001 18446744073709551615 366539953684 366540019408 549748715216 0 0 0 4612 0 1619039482 0 0 0 17 1 0 0 0 0 0 366540030344 366540030504 366646337536 549748718194 549748718241 549748718241 549748719585 0
T 30669.96
P 31511 28981 20010056 appspawn-x
31511 (com.a2hlab.brid) S 28981 0 0 0 -1 4194624 72784 0 0 0 282 215 0 0 0 -20 71 0 3065836 8052555776 108067 18446744073709551615 366539953684 366540019408 549748715216 0 0 0 4612 0 1619039482 0 0 0 17 1 0 0 0 0 0 366540030344 366540030504 366646337536 549748718194 549748718241 549748718241 549748719585 0
T 30670.16
P 31511 28981 20010056 appspawn-x
31511 (com.a2hlab.brid) S 28981 0 0 0 -1 4194624 72828 0 0 0 285 217 0 0 0 -20 71 0 3065836 8052555776 108133 18446744073709551615 366539953684 366540019408 549748715216 0 0 0 4612 0 1619039482 0 0 0 17 1 0 0 0 0 0 366540030344 366540030504 366646337536 549748718194 549748718241 549748718241 549748719585 0
T 30670.36
P 31511 28981 20010056 appspawn-x
31511 (com.a2hlab.brid) S 28981 0 0 0 -1 4194624 72873 0 0 0 288 217 0 0 0 -20 71 0 3065836 8052555776 109157 18446744073709551615 366539953684 366540019408 549748715216 0 0 0 4612 0 1619039482 0 0 0 17 1 0 0 0 0 0 366540030344 366540030504 366646337536 549748718194 549748718241 549748718241 549748719585 0
T 30670.54
P 31511 28981 20010056 appspawn-x
31511 (com.a2hlab.brid) S 28981 0 0 0 -1 4194624 72909 0 0 0 290 219 0 0 0 -20 71 0 3065836 8052555776 108199 18446744073709551615 366539953684 366540019408 549748715216 0 0 0 4612 0 1619039482 0 0 0 17 1 0 0 0 0 0 366540030344 366540030504 366646337536 549748718194 549748718241 549748718241 549748719585 0
T 30670.72
P 31511 28981 20010056 appspawn-x
31511 (com.a2hlab.brid) S 28981 0 0 0 -1 4194624 72953 0 0 0 293 221 0 0 0 -20 71 0 3065836 8052555776 108712 18446744073709551615 366539953684 366540019408 549748715216 0 0 0 4612 0 1619039482 0 0 0 17 1 0 0 0 0 0 366540030344 366540030504 366646337536 549748718194 549748718241 549748718241 549748719585 0
T 30670.91
P 31511 28981 20010056 appspawn-x
31511 (com.a2hlab.brid) S 28981 0 0 0 -1 4194624 72991 0 0 0 295 223 0 0 0 -20 71 0 3065836 8052555776 108265 18446744073709551615 366539953684 366540019408 549748715216 0 0 0 4612 0 1619039482 0 0 0 17 1 0 0 0 0 0 366540030344 366540030504 366646337536 549748718194 549748718241 549748718241 549748719585 0
T 30671.10
P 31511 28981 20010056 appspawn-x
31511 (com.a2hlab.brid) S 28981 0 0 0 -1 4194624 73035 0 0 0 297 225 0 0 0 -20 71 0 3065836 8052555776 108265 18446744073709551615 366539953684 366540019408 549748715216 0 0 0 4612 0 1619039482 0 0 0 17 1 0 0 0 0 0 366540030344 366540030504 366646337536 549748718194 549748718241 549748718241 549748719585 0
T 30671.28
P 31511 28981 20010056 appspawn-x
31511 (com.a2hlab.brid) S 28981 0 0 0 -1 4194624 73072 0 0 0 298 227 0 0 0 -20 71 0 3065836 8052555776 108332 18446744073709551615 366539953684 366540019408 549748715216 0 0 0 4612 0 1619039482 0 0 0 17 1 0 0 0 0 0 366540030344 366540030504 366646337536 549748718194 549748718241 549748718241 549748719585 0
T 30671.46
P 31511 28981 20010056 appspawn-x
31511 (com.a2hlab.brid) S 28981 0 0 0 -1 4194624 73116 0 0 0 301 228 0 0 0 -20 71 0 3065836 8061169664 108843 18446744073709551615 366539953684 366540019408 549748715216 0 0 0 4612 0 1619039482 0 0 0 17 1 0 0 0 0 0 366540030344 366540030504 366646337536 549748718194 549748718241 549748718241 549748719585 0
T 30671.64
P 31511 28981 20010056 appspawn-x
31511 (com.a2hlab.brid) S 28981 0 0 0 -1 4194624 73152 0 0 0 304 229 0 0 0 -20 71 0 3065836 8052555776 108397 18446744073709551615 366539953684 366540019408 549748715216 0 0 0 4612 0 1619039482 0 0 0 17 1 0 0 0 0 0 366540030344 366540030504 366646337536 549748718194 549748718241 549748718241 549748719585 0
T 30671.84
P 31511 28981 20010056 appspawn-x
31511 (com.a2hlab.brid) S 28981 0 0 0 -1 4194624 73196 0 0 0 307 230 0 0 0 -20 71 0 3065836 8052555776 108397 18446744073709551615 366539953684 366540019408 549748715216 0 0 0 4612 0 1619039482 0 0 0 17 1 0 0 0 0 0 366540030344 366540030504 366646337536 549748718194 549748718241 549748718241 549748719585 0
T 30672.04
P 31511 28981 20010056 appspawn-x
31511 (com.a2hlab.brid) S 28981 0 0 0 -1 4194624 73243 0 0 0 308 233 0 0 0 -20 71 0 3065836 8052555776 108463 18446744073709551615 366539953684 366540019408 549748715216 0 0 0 4612 0 1619039482 0 0 0 17 1 0 0 0 0 0 366540030344 366540030504 366646337536 549748718194 549748718241 549748718241 549748719585 0
T 30672.22
P 31511 28981 20010056 appspawn-x
31511 (com.a2hlab.brid) S 28981 0 0 0 -1 4194624 73279 0 0 0 310 235 0 0 0 -20 71 0 3065836 8052555776 108464 18446744073709551615 366539953684 366540019408 549748715216 0 0 0 4612 0 1619039482 0 0 0 17 1 0 0 0 0 0 366540030344 366540030504 366646337536 549748718194 549748718241 549748718241 549748719585 0
T 30672.40
P 31511 28981 20010056 appspawn-x
31511 (com.a2hlab.brid) S 28981 0 0 0 -1 4194624 73346 0 0 0 311 239 0 0 0 -20 71 0 3065836 8052555776 108528 18446744073709551615 366539953684 366540019408 549748715216 0 0 0 4612 0 1619039482 0 0 0 17 1 0 0 0 0 0 366540030344 366540030504 366646337536 549748718194 549748718241 549748718241 549748719585 0
T 30672.58
P 31511 28981 20010056 appspawn-x
31511 (com.a2hlab.brid) S 28981 0 0 0 -1 4194624 73393 0 0 0 313 241 0 0 0 -20 71 0 3065836 8052555776 109104 18446744073709551615 366539953684 366540019408 549748715216 0 0 0 4612 0 1619039482 0 0 0 17 1 0 0 0 0 0 366540030344 366540030504 366646337536 549748718194 549748718241 549748718241 549748719585 0
T 30672.78
P 31511 28981 20010056 appspawn-x
31511 (com.a2hlab.brid) S 28981 0 0 0 -1 4194624 73430 0 0 0 314 243 0 0 0 -20 71 0 3065836 8052555776 108591 18446744073709551615 366539953684 366540019408 549748715216 0 0 0 4612 0 1619039482 0 0 0 17 1 0 0 0 0 0 366540030344 366540030504 366646337536 549748718194 549748718241 549748718241 549748719585 0
T 30672.96
P 31511 28981 20010056 appspawn-x
31511 (com.a2hlab.brid) S 28981 0 0 0 -1 4194624 73473 0 0 0 315 247 0 0 0 -20 71 0 3065836 8052555776 108657 18446744073709551615 366539953684 366540019408 549748715216 0 0 0 4612 0 1619039482 0 0 0 17 1 0 0 0 0 0 366540030344 366540030504 366646337536 549748718194 549748718241 549748718241 549748719585 0
T 30673.16
P 31511 28981 20010056 appspawn-x
31511 (com.a2hlab.brid) S 28981 0 0 0 -1 4194624 73510 0 0 0 317 248 0 0 0 -20 71 0 3065836 8052555776 108658 18446744073709551615 366539953684 366540019408 549748715216 0 0 0 4612 0 1619039482 0 0 0 17 1 0 0 0 0 0 366540030344 366540030504 366646337536 549748718194 549748718241 549748718241 549748719585 0
T 30673.33
P 31511 28981 20010056 appspawn-x
31511 (com.a2hlab.brid) S 28981 0 0 0 -1 4194624 73556 0 0 0 320 250 0 0 0 -20 71 0 3065836 8052555776 108723 18446744073709551615 366539953684 366540019408 549748715216 0 0 0 4612 0 1619039482 0 0 0 17 1 0 0 0 0 0 366540030344 366540030504 366646337536 549748718194 549748718241 549748718241 549748719585 0
T 30673.52
P 31511 28981 20010056 appspawn-x
31511 (com.a2hlab.brid) S 28981 0 0 0 -1 4194624 73599 0 0 0 321 252 0 0 0 -20 71 0 3065836 8052555776 108724 18446744073709551615 366539953684 366540019408 549748715216 0 0 0 4612 0 1619039482 0 0 0 17 1 0 0 0 0 0 366540030344 366540030504 366646337536 549748718194 549748718241 549748718241 549748719585 0
T 30673.72
P 31511 28981 20010056 appspawn-x
31511 (com.a2hlab.brid) S 28981 0 0 0 -1 4194624 73635 0 0 0 323 254 0 0 0 -20 71 0 3065836 8052555776 108789 18446744073709551615 366539953684 366540019408 549748715216 0 0 0 4612 0 1619039482 0 0 0 17 1 0 0 0 0 0 366540030344 366540030504 366646337536 549748718194 549748718241 549748718241 549748719585 0
T 30673.90
P 31511 28981 20010056 appspawn-x
31511 (com.a2hlab.brid) S 28981 0 0 0 -1 4194624 73676 0 0 0 326 255 0 0 0 -20 71 0 3065836 8052555776 108789 18446744073709551615 366539953684 366540019408 549748715216 0 0 0 4612 0 1619039482 0 0 0 17 1 0 0 0 0 0 366540030344 366540030504 366646337536 549748718194 549748718241 549748718241 549748719585 0
