T 56899.20
T 56899.40
T 56899.60
T 56899.81
P 28104 27088 20010055 appspawn-x
28104 (mple.helloworld) R 27088 0 0 0 -1 4194624 249 0 0 0 13 1 0 0 0 -20 1 0 5689977 2197676032 1616 18446744073709551615 367320704532 367320770256 549247548272 0 0 0 0 4096 1073775866 0 0 0 17 6 0 0 0 0 0 367320781192 367320781352 367522611200 549247552114 549247552161 549247552161 549247553505 0
T 56900.02
P 28104 27088 20010055 appspawn-x
28104 (main) R 27088 0 0 0 -1 4194624 12563 0 0 0 17 15 0 0 0 -20 1 0 5689977 3302821888 15219 18446744073709551615 367320704532 367320770256 549247548272 0 0 0 4612 0 1073779962 0 0 0 17 7 0 0 0 0 0 367320781192 367320781352 367522611200 549247552114 549247552161 549247552161 549247553505 0
T 56900.20
P 28104 27088 20010055 appspawn-x
28104 (main) R 27088 0 0 0 -1 4194624 15990 0 0 0 23 25 0 0 0 -20 10 0 5689977 3520954368 25180 18446744073709551615 367320704532 367320770256 549247548272 0 0 0 4612 0 1073779962 0 0 0 17 7 0 0 0 0 0 367320781192 367320781352 367522611200 549247552114 549247552161 549247552161 549247553505 0
T 56900.40
P 28104 27088 20010055 appspawn-x
28104 (main) R 27088 0 0 0 -1 4194624 19937 0 0 0 39 29 0 0 0 -20 10 0 5689977 3574661120 42338 18446744073709551615 367320704532 367320770256 549247548272 0 0 0 4612 0 1073779962 0 0 0 17 7 0 0 0 0 0 367320781192 367320781352 367522611200 549247552114 549247552161 549247552161 549247553505 0
T 56900.60
P 28104 27088 20010055 appspawn-x
28104 (com.example.hel) R 27088 0 0 0 -1 4194624 22947 0 0 0 51 37 0 0 0 -20 12 0 5689977 3689697280 51697 18446744073709551615 367320704532 367320770256 549247548272 0 0 0 4612 0 1073779962 0 0 0 17 7 0 0 0 0 0 367320781192 367320781352 367522611200 549247552114 549247552161 549247552161 549247553505 0
T 56900.80
P 28104 27088 20010055 appspawn-x
28104 (com.example.hel) R 27088 0 0 0 -1 4194624 32563 0 0 0 64 41 0 0 0 -20 12 0 5689977 3728633856 61191 18446744073709551615 367320704532 367320770256 549247548272 0 0 0 4612 0 1073779962 0 0 0 17 7 0 0 0 0 0 367320781192 367320781352 367522611200 549247552114 549247552161 549247552161 549247553505 0
T 56900.98
P 28104 27088 20010055 appspawn-x
28104 (com.example.hel) R 27088 0 0 0 -1 4194624 38816 0 0 0 79 46 0 0 0 -20 12 0 5689977 3747790848 65907 18446744073709551615 367320704532 367320770256 549247548272 0 0 0 4612 0 1073779962 0 0 0 17 7 0 0 0 0 0 367320781192 367320781352 367522611200 549247552114 549247552161 549247552161 549247553505 0
T 56901.18
P 28104 27088 20010055 appspawn-x
28104 (com.example.hel) R 27088 0 0 0 -1 4194624 40659 0 0 0 92 50 0 0 0 -20 14 0 5689977 3786809344 59660 18446744073709551615 367320704532 367320770256 549247548272 0 0 0 4612 0 1073779962 0 0 0 17 3 0 0 0 0 0 367320781192 367320781352 367522611200 549247552114 549247552161 549247552161 549247553505 0
T 56901.36
P 28104 27088 20010055 appspawn-x
28104 (com.example.hel) S 27088 0 0 0 -1 1077936448 42089 0 0 0 98 59 0 0 0 -20 26 0 5689977 3891347456 65002 18446744073709551615 367320704532 367320770256 549247548272 0 0 0 4612 0 1073779962 0 0 0 17 7 0 0 0 0 0 367320781192 367320781352 367522611200 549247552114 549247552161 549247552161 549247553505 0
T 56901.56
P 28104 27088 20010055 appspawn-x
28104 (com.example.hel) S 27088 0 0 0 -1 1077936448 46031 0 0 0 103 70 0 0 0 -20 34 0 5689977 4044500992 71859 18446744073709551615 367320704532 367320770256 549247548272 0 0 0 4612 0 1073779962 0 0 0 17 6 0 0 0 0 0 367320781192 367320781352 367522611200 549247552114 549247552161 549247552161 549247553505 0
T 56901.74
P 28104 27088 20010055 appspawn-x
28104 (com.example.hel) S 27088 0 0 0 -1 4194624 46061 0 0 0 103 72 0 0 0 -20 34 0 5689977 4044500992 71863 18446744073709551615 367320704532 367320770256 549247548272 0 0 0 4612 0 1073779962 0 0 0 17 6 0 0 0 0 0 367320781192 367320781352 367522611200 549247552114 549247552161 549247552161 549247553505 0
T 56901.92
P 28104 27088 20010055 appspawn-x
28104 (com.example.hel) S 27088 0 0 0 -1 4194624 46061 0 0 0 103 72 0 0 0 -20 34 0 5689977 4044500992 71863 18446744073709551615 367320704532 367320770256 549247548272 0 0 0 4612 0 1073779962 0 0 0 17 6 0 0 0 0 0 367320781192 367320781352 367522611200 549247552114 549247552161 549247552161 549247553505 0
T 56902.08
P 28104 27088 20010055 appspawn-x
28104 (com.example.hel) S 27088 0 0 0 -1 4194624 46061 0 0 0 103 72 0 0 0 -20 34 0 5689977 4043972608 71795 18446744073709551615 367320704532 367320770256 549247548272 0 0 0 4612 0 1073779962 0 0 0 17 6 0 0 0 0 0 367320781192 367320781352 367522611200 549247552114 549247552161 549247552161 549247553505 0
T 56902.24
P 28104 27088 20010055 appspawn-x
28104 (com.example.hel) S 27088 0 0 0 -1 4194624 46061 0 0 0 103 72 0 0 0 -20 34 0 5689977 4043534336 71695 18446744073709551615 367320704532 367320770256 549247548272 0 0 0 4612 0 1073779962 0 0 0 17 5 0 0 0 0 0 367320781192 367320781352 367522611200 549247552114 549247552161 549247552161 549247553505 0
T 56902.42
P 28104 27088 20010055 appspawn-x
28104 (com.example.hel) S 27088 0 0 0 -1 4194624 46061 0 0 0 103 72 0 0 0 -20 34 0 5689977 4043255808 71687 18446744073709551615 367320704532 367320770256 549247548272 0 0 0 4612 0 1073779962 0 0 0 17 5 0 0 0 0 0 367320781192 367320781352 367522611200 549247552114 549247552161 549247552161 549247553505 0
T 56902.62
P 28104 27088 20010055 appspawn-x
28104 (com.example.hel) S 27088 0 0 0 -1 4194624 46061 0 0 0 103 72 0 0 0 -20 34 0 5689977 4043247616 71687 18446744073709551615 367320704532 367320770256 549247548272 0 0 0 4612 0 1073779962 0 0 0 17 5 0 0 0 0 0 367320781192 367320781352 367522611200 549247552114 549247552161 549247552161 549247553505 0
T 56902.82
P 28104 27088 20010055 appspawn-x
28104 (com.example.hel) S 27088 0 0 0 -1 4194624 46070 0 0 0 104 72 0 0 0 -20 34 0 5689977 4043247616 71687 18446744073709551615 367320704532 367320770256 549247548272 0 0 0 4612 0 1073779962 0 0 0 17 6 0 0 0 0 0 367320781192 367320781352 367522611200 549247552114 549247552161 549247552161 549247553505 0
T 56903.02
P 28104 27088 20010055 appspawn-x
28104 (com.example.hel) S 27088 0 0 0 -1 4194624 46070 0 0 0 104 72 0 0 0 -20 34 0 5689977 4043247616 71687 18446744073709551615 367320704532 367320770256 549247548272 0 0 0 4612 0 1073779962 0 0 0 17 6 0 0 0 0 0 367320781192 367320781352 367522611200 549247552114 549247552161 549247552161 549247553505 0
T 56903.22
P 28104 27088 20010055 appspawn-x
28104 (com.example.hel) S 27088 0 0 0 -1 4194624 46071 0 0 0 104 72 0 0 0 -20 34 0 5689977 4043247616 71687 18446744073709551615 367320704532 367320770256 549247548272 0 0 0 4612 0 1073779962 0 0 0 17 6 0 0 0 0 0 367320781192 367320781352 367522611200 549247552114 549247552161 549247552161 549247553505 0
T 56903.40
P 28104 27088 20010055 appspawn-x
28104 (com.example.hel) S 27088 0 0 0 -1 4194624 46071 0 0 0 104 73 0 0 0 -20 34 0 5689977 4043247616 71687 18446744073709551615 367320704532 367320770256 549247548272 0 0 0 4612 0 1073779962 0 0 0 17 6 0 0 0 0 0 367320781192 367320781352 367522611200 549247552114 549247552161 549247552161 549247553505 0
T 56903.60
P 28104 27088 20010055 appspawn-x
28104 (com.example.hel) S 27088 0 0 0 -1 4194624 46071 0 0 0 104 73 0 0 0 -20 34 0 5689977 4043247616 71687 18446744073709551615 367320704532 367320770256 549247548272 0 0 0 4612 0 1073779962 0 0 0 17 6 0 0 0 0 0 367320781192 367320781352 367522611200 549247552114 549247552161 549247552161 549247553505 0
T 56903.78
P 28104 27088 20010055 appspawn-x
28104 (com.example.hel) S 27088 0 0 0 -1 4194624 46071 0 0 0 104 73 0 0 0 -20 34 0 5689977 4043247616 71687 18446744073709551615 367320704532 367320770256 549247548272 0 0 0 4612 0 1073779962 0 0 0 17 6 0 0 0 0 0 367320781192 367320781352 367522611200 549247552114 549247552161 549247552161 549247553505 0
T 56903.96
P 28104 27088 20010055 appspawn-x
28104 (com.example.hel) S 27088 0 0 0 -1 4194624 46071 0 0 0 104 73 0 0 0 -20 34 0 5689977 4043247616 71687 18446744073709551615 367320704532 367320770256 549247548272 0 0 0 4612 0 1073779962 0 0 0 17 6 0 0 0 0 0 367320781192 367320781352 367522611200 549247552114 549247552161 549247552161 549247553505 0
T 56904.16
P 28104 27088 20010055 appspawn-x
28104 (com.example.hel) S 27088 0 0 0 -1 4194624 46071 0 0 0 104 73 0 0 0 -20 34 0 5689977 4043247616 71687 18446744073709551615 367320704532 367320770256 549247548272 0 0 0 4612 0 1073779962 0 0 0 17 6 0 0 0 0 0 367320781192 367320781352 367522611200 549247552114 549247552161 549247552161 549247553505 0
T 56904.34
P 28104 27088 20010055 appspawn-x
28104 (com.example.hel) S 27088 0 0 0 -1 4194624 46073 0 0 0 104 73 0 0 0 -20 34 0 5689977 4043247616 71687 18446744073709551615 367320704532 367320770256 549247548272 0 0 0 4612 0 1073779962 0 0 0 17 6 0 0 0 0 0 367320781192 367320781352 367522611200 549247552114 549247552161 549247552161 549247553505 0
T 56904.54
P 28104 27088 20010055 appspawn-x
28104 (com.example.hel) S 27088 0 0 0 -1 4194624 46073 0 0 0 104 73 0 0 0 -20 34 0 5689977 4043247616 71687 18446744073709551615 367320704532 367320770256 549247548272 0 0 0 4612 0 1073779962 0 0 0 17 6 0 0 0 0 0 367320781192 367320781352 367522611200 549247552114 549247552161 549247552161 549247553505 0
T 56904.72
P 28104 27088 20010055 appspawn-x
28104 (com.example.hel) S 27088 0 0 0 -1 4194624 46073 0 0 0 104 73 0 0 0 -20 34 0 5689977 4043247616 71687 18446744073709551615 367320704532 367320770256 549247548272 0 0 0 4612 0 1073779962 0 0 0 17 6 0 0 0 0 0 367320781192 367320781352 367522611200 549247552114 549247552161 549247552161 549247553505 0
T 56904.91
P 28104 27088 20010055 appspawn-x
28104 (com.example.hel) S 27088 0 0 0 -1 4194624 46073 0 0 0 104 73 0 0 0 -20 34 0 5689977 4043247616 71687 18446744073709551615 367320704532 367320770256 549247548272 0 0 0 4612 0 1073779962 0 0 0 17 6 0 0 0 0 0 367320781192 367320781352 367522611200 549247552114 549247552161 549247552161 549247553505 0
T 56905.10
P 28104 27088 20010055 appspawn-x
28104 (com.example.hel) S 27088 0 0 0 -1 4194624 46073 0 0 0 104 73 0 0 0 -20 34 0 5689977 4043247616 71687 18446744073709551615 367320704532 367320770256 549247548272 0 0 0 4612 0 1073779962 0 0 0 17 6 0 0 0 0 0 367320781192 367320781352 367522611200 549247552114 549247552161 549247552161 549247553505 0
T 56905.28
P 28104 27088 20010055 appspawn-x
28104 (com.example.hel) S 27088 0 0 0 -1 4194624 46073 0 0 0 104 73 0 0 0 -20 34 0 5689977 4043247616 71687 18446744073709551615 367320704532 367320770256 549247548272 0 0 0 4612 0 1073779962 0 0 0 17 6 0 0 0 0 0 367320781192 367320781352 367522611200 549247552114 549247552161 549247552161 549247553505 0
T 56905.46
P 28104 27088 20010055 appspawn-x
28104 (com.example.hel) S 27088 0 0 0 -1 4194624 46073 0 0 0 104 73 0 0 0 -20 34 0 5689977 4043247616 71687 18446744073709551615 367320704532 367320770256 549247548272 0 0 0 4612 0 1073779962 0 0 0 17 6 0 0 0 0 0 367320781192 367320781352 367522611200 549247552114 549247552161 549247552161 549247553505 0
T 56905.64
P 28104 27088 20010055 appspawn-x
28104 (com.example.hel) S 27088 0 0 0 -1 4194624 46073 0 0 0 104 73 0 0 0 -20 34 0 5689977 4043247616 71687 18446744073709551615 367320704532 367320770256 549247548272 0 0 0 4612 0 1073779962 0 0 0 17 6 0 0 0 0 0 367320781192 367320781352 367522611200 549247552114 549247552161 549247552161 549247553505 0
T 56905.84
P 28104 27088 20010055 appspawn-x
28104 (com.example.hel) S 27088 0 0 0 -1 4194624 46073 0 0 0 104 73 0 0 0 -20 34 0 5689977 4043247616 71687 18446744073709551615 367320704532 367320770256 549247548272 0 0 0 4612 0 1073779962 0 0 0 17 6 0 0 0 0 0 367320781192 367320781352 367522611200 549247552114 549247552161 549247552161 549247553505 0
T 56906.02
P 28104 27088 20010055 appspawn-x
28104 (com.example.hel) S 27088 0 0 0 -1 4194624 46073 0 0 0 104 73 0 0 0 -20 34 0 5689977 4043247616 71687 18446744073709551615 367320704532 367320770256 549247548272 0 0 0 4612 0 1073779962 0 0 0 17 6 0 0 0 0 0 367320781192 367320781352 367522611200 549247552114 549247552161 549247552161 549247553505 0
T 56906.22
P 28104 27088 20010055 appspawn-x
28104 (com.example.hel) R 27088 0 0 0 -1 4194624 46089 0 0 0 104 73 0 0 0 -20 34 0 5689977 4043247616 71683 18446744073709551615 367320704532 367320770256 549247548272 0 0 0 4612 0 1073779962 0 0 0 17 5 0 0 0 0 0 367320781192 367320781352 367522611200 549247552114 549247552161 549247552161 549247553505 0
T 56906.40
P 28104 27088 20010055 appspawn-x
28104 (com.example.hel) S 27088 0 0 0 -1 4194624 46094 0 0 0 104 73 0 0 0 -20 34 0 5689977 4043247616 71683 18446744073709551615 367320704532 367320770256 549247548272 0 0 0 4612 0 1073779962 0 0 0 17 5 0 0 0 0 0 367320781192 367320781352 367522611200 549247552114 549247552161 549247552161 549247553505 0
T 56906.55
P 28104 27088 20010055 appspawn-x
28104 (com.example.hel) S 27088 0 0 0 -1 4194624 46094 0 0 0 104 73 0 0 0 -20 34 0 5689977 4043247616 71683 18446744073709551615 367320704532 367320770256 549247548272 0 0 0 4612 0 1073779962 0 0 0 17 5 0 0 0 0 0 367320781192 367320781352 367522611200 549247552114 549247552161 549247552161 549247553505 0
T 56906.73
P 28104 27088 20010055 appspawn-x
28104 (com.example.hel) S 27088 0 0 0 -1 4194624 46094 0 0 0 104 73 0 0 0 -20 34 0 5689977 4043247616 71683 18446744073709551615 367320704532 367320770256 549247548272 0 0 0 4612 0 1073779962 0 0 0 17 5 0 0 0 0 0 367320781192 367320781352 367522611200 549247552114 549247552161 549247552161 549247553505 0
T 56906.92
P 28104 27088 20010055 appspawn-x
28104 (com.example.hel) S 27088 0 0 0 -1 4194624 46094 0 0 0 104 73 0 0 0 -20 34 0 5689977 4043247616 71683 18446744073709551615 367320704532 367320770256 549247548272 0 0 0 4612 0 1073779962 0 0 0 17 5 0 0 0 0 0 367320781192 367320781352 367522611200 549247552114 549247552161 549247552161 549247553505 0
T 56907.07
P 28104 27088 20010055 appspawn-x
28104 (com.example.hel) S 27088 0 0 0 -1 4194624 46094 0 0 0 104 73 0 0 0 -20 34 0 5689977 4043247616 71683 18446744073709551615 367320704532 367320770256 549247548272 0 0 0 4612 0 1073779962 0 0 0 17 5 0 0 0 0 0 367320781192 367320781352 367522611200 549247552114 549247552161 549247552161 549247553505 0
T 56907.24
P 28104 27088 20010055 appspawn-x
28104 (com.example.hel) S 27088 0 0 0 -1 4194624 46094 0 0 0 104 73 0 0 0 -20 34 0 5689977 4043247616 71683 18446744073709551615 367320704532 367320770256 549247548272 0 0 0 4612 0 1073779962 0 0 0 17 5 0 0 0 0 0 367320781192 367320781352 367522611200 549247552114 549247552161 549247552161 549247553505 0
T 56907.41
P 28104 27088 20010055 appspawn-x
28104 (com.example.hel) S 27088 0 0 0 -1 4194624 46094 0 0 0 104 73 0 0 0 -20 34 0 5689977 4043247616 71683 18446744073709551615 367320704532 367320770256 549247548272 0 0 0 4612 0 1073779962 0 0 0 17 5 0 0 0 0 0 367320781192 367320781352 367522611200 549247552114 549247552161 549247552161 549247553505 0
T 56907.58
P 28104 27088 20010055 appspawn-x
28104 (com.example.hel) S 27088 0 0 0 -1 4194624 46094 0 0 0 104 73 0 0 0 -20 34 0 5689977 4043247616 71683 18446744073709551615 367320704532 367320770256 549247548272 0 0 0 4612 0 1073779962 0 0 0 17 5 0 0 0 0 0 367320781192 367320781352 367522611200 549247552114 549247552161 549247552161 549247553505 0
T 56907.74
P 28104 27088 20010055 appspawn-x
28104 (com.example.hel) S 27088 0 0 0 -1 4194624 46094 0 0 0 104 73 0 0 0 -20 34 0 5689977 4043247616 71683 18446744073709551615 367320704532 367320770256 549247548272 0 0 0 4612 0 1073779962 0 0 0 17 5 0 0 0 0 0 367320781192 367320781352 367522611200 549247552114 549247552161 549247552161 549247553505 0
T 56907.91
P 28104 27088 20010055 appspawn-x
28104 (com.example.hel) S 27088 0 0 0 -1 4194624 46094 0 0 0 104 73 0 0 0 -20 34 0 5689977 4043247616 71683 18446744073709551615 367320704532 367320770256 549247548272 0 0 0 4612 0 1073779962 0 0 0 17 5 0 0 0 0 0 367320781192 367320781352 367522611200 549247552114 549247552161 549247552161 549247553505 0
T 56908.07
P 28104 27088 20010055 appspawn-x
28104 (com.example.hel) S 27088 0 0 0 -1 4194624 46094 0 0 0 104 73 0 0 0 -20 34 0 5689977 4043247616 71683 18446744073709551615 367320704532 367320770256 549247548272 0 0 0 4612 0 1073779962 0 0 0 17 5 0 0 0 0 0 367320781192 367320781352 367522611200 549247552114 549247552161 549247552161 549247553505 0
T 56908.23
P 28104 27088 20010055 appspawn-x
28104 (com.example.hel) S 27088 0 0 0 -1 4194624 46094 0 0 0 104 73 0 0 0 -20 34 0 5689977 4043247616 71683 18446744073709551615 367320704532 367320770256 549247548272 0 0 0 4612 0 1073779962 0 0 0 17 5 0 0 0 0 0 367320781192 367320781352 367522611200 549247552114 549247552161 549247552161 549247553505 0
T 56908.38
P 28104 27088 20010055 appspawn-x
28104 (com.example.hel) S 27088 0 0 0 -1 4194624 46094 0 0 0 104 73 0 0 0 -20 34 0 5689977 4043247616 71683 18446744073709551615 367320704532 367320770256 549247548272 0 0 0 4612 0 1073779962 0 0 0 17 5 0 0 0 0 0 367320781192 367320781352 367522611200 549247552114 549247552161 549247552161 549247553505 0
T 56908.54
P 28104 27088 20010055 appspawn-x
28104 (com.example.hel) S 27088 0 0 0 -1 4194624 46094 0 0 0 104 73 0 0 0 -20 34 0 5689977 4043247616 71683 18446744073709551615 367320704532 367320770256 549247548272 0 0 0 4612 0 1073779962 0 0 0 17 5 0 0 0 0 0 367320781192 367320781352 367522611200 549247552114 549247552161 549247552161 549247553505 0
T 56908.72
P 28104 27088 20010055 appspawn-x
28104 (com.example.hel) S 27088 0 0 0 -1 4194624 46094 0 0 0 104 73 0 0 0 -20 34 0 5689977 4043247616 71683 18446744073709551615 367320704532 367320770256 549247548272 0 0 0 4612 0 1073779962 0 0 0 17 5 0 0 0 0 0 367320781192 367320781352 367522611200 549247552114 549247552161 549247552161 549247553505 0
T 56908.88
P 28104 27088 20010055 appspawn-x
28104 (com.example.hel) S 27088 0 0 0 -1 4194624 46094 0 0 0 105 73 0 0 0 -20 34 0 5689977 4043247616 71683 18446744073709551615 367320704532 367320770256 549247548272 0 0 0 4612 0 1073779962 0 0 0 17 5 0 0 0 0 0 367320781192 367320781352 367522611200 549247552114 549247552161 549247552161 549247553505 0
T 56909.04
P 28104 27088 20010055 appspawn-x
28104 (com.example.hel) S 27088 0 0 0 -1 4194624 46094 0 0 0 105 73 0 0 0 -20 34 0 5689977 4043247616 71683 18446744073709551615 367320704532 367320770256 549247548272 0 0 0 4612 0 1073779962 0 0 0 17 5 0 0 0 0 0 367320781192 367320781352 367522611200 549247552114 549247552161 549247552161 549247553505 0
T 56909.19
P 28104 27088 20010055 appspawn-x
28104 (com.example.hel) S 27088 0 0 0 -1 4194624 46094 0 0 0 105 73 0 0 0 -20 34 0 5689977 4043247616 71683 18446744073709551615 367320704532 367320770256 549247548272 0 0 0 4612 0 1073779962 0 0 0 17 5 0 0 0 0 0 367320781192 367320781352 367522611200 549247552114 549247552161 549247552161 549247553505 0
T 56909.36
P 28104 27088 20010055 appspawn-x
28104 (com.example.hel) S 27088 0 0 0 -1 4194624 46152 0 0 0 105 73 0 0 0 -20 34 0 5689977 4043247616 71831 18446744073709551615 367320704532 367320770256 549247548272 0 0 0 4612 0 1073779962 0 0 0 17 6 0 0 0 0 0 367320781192 367320781352 367522611200 549247552114 549247552161 549247552161 549247553505 0
T 56909.52
P 28104 27088 20010055 appspawn-x
28104 (com.example.hel) S 27088 0 0 0 -1 4194624 46152 0 0 0 105 73 0 0 0 -20 34 0 5689977 4043247616 71831 18446744073709551615 367320704532 367320770256 549247548272 0 0 0 4612 0 1073779962 0 0 0 17 6 0 0 0 0 0 367320781192 367320781352 367522611200 549247552114 549247552161 549247552161 549247553505 0
T 56909.68
P 28104 27088 20010055 appspawn-x
28104 (com.example.hel) S 27088 0 0 0 -1 4194624 46152 0 0 0 105 73 0 0 0 -20 34 0 5689977 4043247616 71831 18446744073709551615 367320704532 367320770256 549247548272 0 0 0 4612 0 1073779962 0 0 0 17 6 0 0 0 0 0 367320781192 367320781352 367522611200 549247552114 549247552161 549247552161 549247553505 0
T 56909.83
P 28104 27088 20010055 appspawn-x
28104 (com.example.hel) S 27088 0 0 0 -1 4194624 46152 0 0 0 105 73 0 0 0 -20 34 0 5689977 4043247616 71831 18446744073709551615 367320704532 367320770256 549247548272 0 0 0 4612 0 1073779962 0 0 0 17 6 0 0 0 0 0 367320781192 367320781352 367522611200 549247552114 549247552161 549247552161 549247553505 0
T 56909.99
P 28104 27088 20010055 appspawn-x
28104 (com.example.hel) S 27088 0 0 0 -1 4194624 46152 0 0 0 105 73 0 0 0 -20 34 0 5689977 4043247616 71831 18446744073709551615 367320704532 367320770256 549247548272 0 0 0 4612 0 1073779962 0 0 0 17 6 0 0 0 0 0 367320781192 367320781352 367522611200 549247552114 549247552161 549247552161 549247553505 0
T 56910.14
P 28104 27088 20010055 appspawn-x
28104 (com.example.hel) S 27088 0 0 0 -1 4194624 46152 0 0 0 105 73 0 0 0 -20 34 0 5689977 4043247616 71831 18446744073709551615 367320704532 367320770256 549247548272 0 0 0 4612 0 1073779962 0 0 0 17 6 0 0 0 0 0 367320781192 367320781352 367522611200 549247552114 549247552161 549247552161 549247553505 0
T 56910.30
P 28104 27088 20010055 appspawn-x
28104 (com.example.hel) S 27088 0 0 0 -1 4194624 46152 0 0 0 105 73 0 0 0 -20 34 0 5689977 4043247616 71831 18446744073709551615 367320704532 367320770256 549247548272 0 0 0 4612 0 1073779962 0 0 0 17 6 0 0 0 0 0 367320781192 367320781352 367522611200 549247552114 549247552161 549247552161 549247553505 0
T 56910.46
P 28104 27088 20010055 appspawn-x
28104 (com.example.hel) S 27088 0 0 0 -1 4194624 46152 0 0 0 105 73 0 0 0 -20 34 0 5689977 4043247616 71831 18446744073709551615 367320704532 367320770256 549247548272 0 0 0 4612 0 1073779962 0 0 0 17 6 0 0 0 0 0 367320781192 367320781352 367522611200 549247552114 549247552161 549247552161 549247553505 0
T 56910.61
P 28104 27088 20010055 appspawn-x
28104 (com.example.hel) S 27088 0 0 0 -1 4194624 46152 0 0 0 105 73 0 0 0 -20 34 0 5689977 4043247616 71831 18446744073709551615 367320704532 367320770256 549247548272 0 0 0 4612 0 1073779962 0 0 0 17 6 0 0 0 0 0 367320781192 367320781352 367522611200 549247552114 549247552161 549247552161 549247553505 0
T 56910.79
P 28104 27088 20010055 appspawn-x
28104 (com.example.hel) S 27088 0 0 0 -1 4194624 46152 0 0 0 105 73 0 0 0 -20 34 0 5689977 4043247616 71831 18446744073709551615 367320704532 367320770256 549247548272 0 0 0 4612 0 1073779962 0 0 0 17 6 0 0 0 0 0 367320781192 367320781352 367522611200 549247552114 549247552161 549247552161 549247553505 0
T 56910.95
P 28104 27088 20010055 appspawn-x
28104 (com.example.hel) S 27088 0 0 0 -1 4194624 46152 0 0 0 105 73 0 0 0 -20 34 0 5689977 4043247616 71831 18446744073709551615 367320704532 367320770256 549247548272 0 0 0 4612 0 1073779962 0 0 0 17 6 0 0 0 0 0 367320781192 367320781352 367522611200 549247552114 549247552161 549247552161 549247553505 0
T 56911.10
P 28104 27088 20010055 appspawn-x
28104 (com.example.hel) S 27088 0 0 0 -1 4194624 46152 0 0 0 105 73 0 0 0 -20 34 0 5689977 4043247616 71831 18446744073709551615 367320704532 367320770256 549247548272 0 0 0 4612 0 1073779962 0 0 0 17 6 0 0 0 0 0 367320781192 367320781352 367522611200 549247552114 549247552161 549247552161 549247553505 0
T 56911.26
P 28104 27088 20010055 appspawn-x
28104 (com.example.hel) S 27088 0 0 0 -1 4194624 46152 0 0 0 105 73 0 0 0 -20 34 0 5689977 4043247616 71831 18446744073709551615 367320704532 367320770256 549247548272 0 0 0 4612 0 1073779962 0 0 0 17 6 0 0 0 0 0 367320781192 367320781352 367522611200 549247552114 549247552161 549247552161 549247553505 0
T 56911.43
P 28104 27088 20010055 appspawn-x
28104 (com.example.hel) S 27088 0 0 0 -1 4194624 46152 0 0 0 105 73 0 0 0 -20 34 0 5689977 4043247616 71831 18446744073709551615 367320704532 367320770256 549247548272 0 0 0 4612 0 1073779962 0 0 0 17 6 0 0 0 0 0 367320781192 367320781352 367522611200 549247552114 549247552161 549247552161 549247553505 0
T 56911.59
P 28104 27088 20010055 appspawn-x
28104 (com.example.hel) S 27088 0 0 0 -1 4194624 46152 0 0 0 105 73 0 0 0 -20 34 0 5689977 4043247616 71831 18446744073709551615 367320704532 367320770256 549247548272 0 0 0 4612 0 1073779962 0 0 0 17 6 0 0 0 0 0 367320781192 367320781352 367522611200 549247552114 549247552161 549247552161 549247553505 0
T 56911.74
P 28104 27088 20010055 appspawn-x
28104 (com.example.hel) S 27088 0 0 0 -1 4194624 46152 0 0 0 105 73 0 0 0 -20 34 0 5689977 4043247616 71831 18446744073709551615 367320704532 367320770256 549247548272 0 0 0 4612 0 1073779962 0 0 0 17 6 0 0 0 0 0 367320781192 367320781352 367522611200 549247552114 549247552161 549247552161 549247553505 0
T 56911.90
P 28104 27088 20010055 appspawn-x
28104 (com.example.hel) S 27088 0 0 0 -1 4194624 46152 0 0 0 105 73 0 0 0 -20 34 0 5689977 4043247616 71831 18446744073709551615 367320704532 367320770256 549247548272 0 0 0 4612 0 1073779962 0 0 0 17 6 0 0 0 0 0 367320781192 367320781352 367522611200 549247552114 549247552161 549247552161 549247553505 0
T 56912.06
P 28104 27088 20010055 appspawn-x
28104 (com.example.hel) S 27088 0 0 0 -1 4194624 46152 0 0 0 105 73 0 0 0 -20 34 0 5689977 4043247616 71831 18446744073709551615 367320704532 367320770256 549247548272 0 0 0 4612 0 1073779962 0 0 0 17 6 0 0 0 0 0 367320781192 367320781352 367522611200 549247552114 549247552161 549247552161 549247553505 0
T 56912.21
P 28104 27088 20010055 appspawn-x
28104 (com.example.hel) S 27088 0 0 0 -1 4194624 46152 0 0 0 105 73 0 0 0 -20 34 0 5689977 4043247616 71831 18446744073709551615 367320704532 367320770256 549247548272 0 0 0 4612 0 1073779962 0 0 0 17 6 0 0 0 0 0 367320781192 367320781352 367522611200 549247552114 549247552161 549247552161 549247553505 0
T 56912.36
P 28104 27088 20010055 appspawn-x
28104 (com.example.hel) S 27088 0 0 0 -1 4194624 46152 0 0 0 105 73 0 0 0 -20 34 0 5689977 4043247616 71831 18446744073709551615 367320704532 367320770256 549247548272 0 0 0 4612 0 1073779962 0 0 0 17 6 0 0 0 0 0 367320781192 367320781352 367522611200 549247552114 549247552161 549247552161 549247553505 0
T 56912.52
P 28104 27088 20010055 appspawn-x
28104 (com.example.hel) S 27088 0 0 0 -1 4194624 46152 0 0 0 105 73 0 0 0 -20 34 0 5689977 4043247616 71831 18446744073709551615 367320704532 367320770256 549247548272 0 0 0 4612 0 1073779962 0 0 0 17 6 0 0 0 0 0 367320781192 367320781352 367522611200 549247552114 549247552161 549247552161 549247553505 0
T 56912.68
P 28104 27088 20010055 appspawn-x
28104 (com.example.hel) S 27088 0 0 0 -1 4194624 46152 0 0 0 105 73 0 0 0 -20 34 0 5689977 4043247616 71831 18446744073709551615 367320704532 367320770256 549247548272 0 0 0 4612 0 1073779962 0 0 0 17 6 0 0 0 0 0 367320781192 367320781352 367522611200 549247552114 549247552161 549247552161 549247553505 0
T 56912.83
P 28104 27088 20010055 appspawn-x
28104 (com.example.hel) S 27088 0 0 0 -1 4194624 46152 0 0 0 105 73 0 0 0 -20 34 0 5689977 4043247616 71831 18446744073709551615 367320704532 367320770256 549247548272 0 0 0 4612 0 1073779962 0 0 0 17 6 0 0 0 0 0 367320781192 367320781352 367522611200 549247552114 549247552161 549247552161 549247553505 0
T 56913.00
P 28104 27088 20010055 appspawn-x
28104 (com.example.hel) S 27088 0 0 0 -1 4194624 46152 0 0 0 105 73 0 0 0 -20 34 0 5689977 4043247616 71831 18446744073709551615 367320704532 367320770256 549247548272 0 0 0 4612 0 1073779962 0 0 0 17 6 0 0 0 0 0 367320781192 367320781352 367522611200 549247552114 549247552161 549247552161 549247553505 0
T 56913.16
P 28104 27088 20010055 appspawn-x
28104 (com.example.hel) S 27088 0 0 0 -1 4194624 46152 0 0 0 105 73 0 0 0 -20 34 0 5689977 4043247616 71831 18446744073709551615 367320704532 367320770256 549247548272 0 0 0 4612 0 1073779962 0 0 0 17 6 0 0 0 0 0 367320781192 367320781352 367522611200 549247552114 549247552161 549247552161 549247553505 0
T 56913.31
P 28104 27088 20010055 appspawn-x
28104 (com.example.hel) S 27088 0 0 0 -1 4194624 46152 0 0 0 105 73 0 0 0 -20 34 0 5689977 4043247616 71831 18446744073709551615 367320704532 367320770256 549247548272 0 0 0 4612 0 1073779962 0 0 0 17 6 0 0 0 0 0 367320781192 367320781352 367522611200 549247552114 549247552161 549247552161 549247553505 0
T 56913.47
P 28104 27088 20010055 appspawn-x
28104 (com.example.hel) S 27088 0 0 0 -1 4194624 46152 0 0 0 105 73 0 0 0 -20 34 0 5689977 4043247616 71831 18446744073709551615 367320704532 367320770256 549247548272 0 0 0 4612 0 1073779962 0 0 0 17 6 0 0 0 0 0 367320781192 367320781352 367522611200 549247552114 549247552161 549247552161 549247553505 0
T 56913.63
P 28104 27088 20010055 appspawn-x
28104 (com.example.hel) S 27088 0 0 0 -1 4194624 46152 0 0 0 105 73 0 0 0 -20 34 0 5689977 4043247616 71831 18446744073709551615 367320704532 367320770256 549247548272 0 0 0 4612 0 1073779962 0 0 0 17 6 0 0 0 0 0 367320781192 367320781352 367522611200 549247552114 549247552161 549247552161 549247553505 0
T 56913.78
P 28104 27088 20010055 appspawn-x
28104 (com.example.hel) S 27088 0 0 0 -1 4194624 46152 0 0 0 105 73 0 0 0 -20 34 0 5689977 4043247616 71831 18446744073709551615 367320704532 367320770256 549247548272 0 0 0 4612 0 1073779962 0 0 0 17 6 0 0 0 0 0 367320781192 367320781352 367522611200 549247552114 549247552161 549247552161 549247553505 0
T 56913.94
P 28104 27088 20010055 appspawn-x
28104 (com.example.hel) S 27088 0 0 0 -1 4194624 46152 0 0 0 105 73 0 0 0 -20 34 0 5689977 4043247616 71831 18446744073709551615 367320704532 367320770256 549247548272 0 0 0 4612 0 1073779962 0 0 0 17 6 0 0 0 0 0 367320781192 367320781352 367522611200 549247552114 549247552161 549247552161 549247553505 0
T 56914.09
P 28104 27088 20010055 appspawn-x
28104 (com.example.hel) S 27088 0 0 0 -1 4194624 46152 0 0 0 105 73 0 0 0 -20 34 0 5689977 4043247616 71831 18446744073709551615 367320704532 367320770256 549247548272 0 0 0 4612 0 1073779962 0 0 0 17 6 0 0 0 0 0 367320781192 367320781352 367522611200 549247552114 549247552161 549247552161 549247553505 0
T 56914.25
P 28104 27088 20010055 appspawn-x
28104 (com.example.hel) S 27088 0 0 0 -1 4194624 46152 0 0 0 105 73 0 0 0 -20 34 0 5689977 4043247616 71766 18446744073709551615 367320704532 367320770256 549247548272 0 0 0 4612 0 1073779962 0 0 0 17 6 0 0 0 0 0 367320781192 367320781352 367522611200 549247552114 549247552161 549247552161 549247553505 0
T 56914.40
P 28104 27088 20010055 appspawn-x
28104 (com.example.hel) S 27088 0 0 0 -1 4194624 46152 0 0 0 105 73 0 0 0 -20 34 0 5689977 4043247616 71766 18446744073709551615 367320704532 367320770256 549247548272 0 0 0 4612 0 1073779962 0 0 0 17 6 0 0 0 0 0 367320781192 367320781352 367522611200 549247552114 549247552161 549247552161 549247553505 0
T 56914.56
P 28104 27088 20010055 appspawn-x
28104 (com.example.hel) S 27088 0 0 0 -1 4194624 46152 0 0 0 105 73 0 0 0 -20 34 0 5689977 4043247616 71766 18446744073709551615 367320704532 367320770256 549247548272 0 0 0 4612 0 1073779962 0 0 0 17 6 0 0 0 0 0 367320781192 367320781352 367522611200 549247552114 549247552161 549247552161 549247553505 0
T 56914.71
P 28104 27088 20010055 appspawn-x
28104 (com.example.hel) S 27088 0 0 0 -1 4194624 46152 0 0 0 105 73 0 0 0 -20 34 0 5689977 4043247616 71766 18446744073709551615 367320704532 367320770256 549247548272 0 0 0 4612 0 1073779962 0 0 0 17 6 0 0 0 0 0 367320781192 367320781352 367522611200 549247552114 549247552161 549247552161 549247553505 0
T 56914.89
P 28104 27088 20010055 appspawn-x
28104 (com.example.hel) S 27088 0 0 0 -1 4194624 46152 0 0 0 105 73 0 0 0 -20 34 0 5689977 4043247616 71766 18446744073709551615 367320704532 367320770256 549247548272 0 0 0 4612 0 1073779962 0 0 0 17 6 0 0 0 0 0 367320781192 367320781352 367522611200 549247552114 549247552161 549247552161 549247553505 0
T 56915.05
P 28104 27088 20010055 appspawn-x
28104 (com.example.hel) S 27088 0 0 0 -1 4194624 46152 0 0 0 105 73 0 0 0 -20 34 0 5689977 4043247616 71766 18446744073709551615 367320704532 367320770256 549247548272 0 0 0 4612 0 1073779962 0 0 0 17 6 0 0 0 0 0 367320781192 367320781352 367522611200 549247552114 549247552161 549247552161 549247553505 0
T 56915.20
P 28104 27088 20010055 appspawn-x
28104 (com.example.hel) S 27088 0 0 0 -1 4194624 46152 0 0 0 106 73 0 0 0 -20 34 0 5689977 4043247616 71766 18446744073709551615 367320704532 367320770256 549247548272 0 0 0 4612 0 1073779962 0 0 0 17 6 0 0 0 0 0 367320781192 367320781352 367522611200 549247552114 549247552161 549247552161 549247553505 0
