T 11763.29
T 11763.46
T 11763.66
P 13687 10027 20010056 appspawn-x
13687 (b.bridge.zigzag) R 10027 0 0 0 -1 4194624 4260 0 0 0 2 9 0 0 0 -20 1 0 1176366 2454016000 7416 18446744073709551615 367162721748 367162788064 549493576976 0 0 0 0 4096 1073775866 0 0 0 17 6 0 0 0 0 0 367162799000 367162799160 367184830464 549493578333 549493578380 549493578380 549493579745 0
T 11763.89
P 13687 10027 20010056 appspawn-x
13687 (main) R 10027 0 0 0 -1 4194624 13449 0 0 0 9 20 0 0 0 -20 10 0 1176366 3364651008 19391 18446744073709551615 367162721748 367162788064 549493576976 0 0 0 4612 0 1073779962 0 0 0 17 6 0 0 0 0 0 367162799000 367162799160 367184830464 549493578333 549493578380 549493578380 549493579745 0
T 11764.10
P 13687 10027 20010056 appspawn-x
13687 (main) R 10027 0 0 0 -1 4194624 15913 0 0 0 13 29 0 0 0 -20 10 0 1176366 3519021056 25093 18446744073709551615 367162721748 367162788064 549493576976 0 0 0 4612 0 1073779962 0 0 0 17 5 0 0 0 0 0 367162799000 367162799160 367184830464 549493578333 549493578380 549493578380 549493579745 0
T 11764.28
P 13687 10027 20010056 appspawn-x
13687 (main) R 10027 0 0 0 -1 4194624 17234 0 0 0 28 32 0 0 0 -20 10 0 1176366 3519062016 27605 18446744073709551615 367162721748 367162788064 549493576976 0 0 0 4612 0 1073779962 0 0 0 17 5 0 0 0 0 0 367162799000 367162799160 367184830464 549493578333 549493578380 549493578380 549493579745 0
T 11764.45
P 13687 10027 20010056 appspawn-x
13687 (com.a2hlab.brid) R 10027 0 0 0 -1 4194624 22043 0 0 0 40 39 0 0 0 -20 12 0 1176366 3689295872 52449 18446744073709551615 367162721748 367162788064 549493576976 0 0 0 4612 0 1073779962 0 0 0 17 7 0 0 0 0 0 367162799000 367162799160 367184830464 549493578333 549493578380 549493578380 549493579745 0
T 11764.64
P 13687 10027 20010056 appspawn-x
13687 (com.a2hlab.brid) R 10027 0 0 0 -1 4194624 32780 0 0 0 52 46 0 0 0 -20 12 0 1176366 3729899520 62363 18446744073709551615 367162721748 367162788064 549493576976 0 0 0 4612 0 1073779962 0 0 0 17 7 0 0 0 0 0 367162799000 367162799160 367184830464 549493578333 549493578380 549493578380 549493579745 0
T 11764.84
P 13687 10027 20010056 appspawn-x
13687 (com.a2hlab.brid) R 10027 0 0 0 -1 4194624 38658 0 0 0 67 50 0 0 0 -20 12 0 1176366 3745755136 66261 18446744073709551615 367162721748 367162788064 549493576976 0 0 0 4612 0 1073779962 0 0 0 17 7 0 0 0 0 0 367162799000 367162799160 367184830464 549493578333 549493578380 549493578380 549493579745 0
T 11765.03
P 13687 10027 20010056 appspawn-x
13687 (com.a2hlab.brid) R 10027 0 0 0 -1 4194624 40437 0 0 0 77 57 0 0 0 -20 13 0 1176366 3778592768 61168 18446744073709551615 367162721748 367162788064 549493576976 0 0 0 4612 0 1073779962 0 0 0 17 7 0 0 0 0 0 367162799000 367162799160 367184830464 549493578333 549493578380 549493578380 549493579745 0
T 11765.20
P 13687 10027 20010056 appspawn-x
13687 (com.a2hlab.brid) R 10027 0 0 0 -1 4194624 42897 0 0 0 84 67 0 0 0 -20 19 0 1176366 4153475072 70496 18446744073709551615 367162721748 367162788064 549493576976 0 0 0 4612 0 1073779962 0 0 0 17 2 0 0 0 0 0 367162799000 367162799160 367184830464 549493578333 549493578380 549493578380 549493579745 0
T 11765.40
P 13687 10027 20010056 appspawn-x
13687 (com.a2hlab.brid) S 10027 0 0 0 -1 4194624 47904 0 0 0 87 77 0 0 0 -20 38 0 1176366 6506717184 77612 18446744073709551615 367162721748 367162788064 549493576976 0 0 0 4612 0 1073779962 0 0 0 17 5 0 0 0 0 0 367162799000 367162799160 367184830464 549493578333 549493578380 549493578380 549493579745 0
T 11765.57
P 13687 10027 20010056 appspawn-x
13687 (com.a2hlab.brid) S 10027 0 0 0 -1 4194624 47951 0 0 0 105 77 0 0 0 -20 38 0 1176366 6506717184 77612 18446744073709551615 367162721748 367162788064 549493576976 0 0 0 4612 0 1073779962 0 0 0 17 5 0 0 0 0 0 367162799000 367162799160 367184830464 549493578333 549493578380 549493578380 549493579745 0
T 11765.76
P 13687 10027 20010056 appspawn-x
13687 (com.a2hlab.brid) S 10027 0 0 0 -1 4194624 50988 0 0 0 119 83 0 0 0 -20 40 0 1176366 6546259968 81911 18446744073709551615 367162721748 367162788064 549493576976 0 0 0 4612 0 1619039482 0 0 0 17 1 0 0 0 0 0 367162799000 367162799160 367184830464 549493578333 549493578380 549493578380 549493579745 0
T 11765.96
P 13687 10027 20010056 appspawn-x
13687 (com.a2hlab.brid) S 10027 0 0 0 -1 4194624 55409 0 0 0 122 91 0 0 0 -20 62 0 1176366 7002435584 85582 18446744073709551615 367162721748 367162788064 549493576976 0 0 0 4612 0 1619039482 0 0 0 17 1 0 0 0 0 0 367162799000 367162799160 367184830464 549493578333 549493578380 549493578380 549493579745 0
T 11766.13
P 13687 10027 20010056 appspawn-x
13687 (com.a2hlab.brid) S 10027 0 0 0 -1 4194624 55409 0 0 0 123 91 0 0 0 -20 62 0 1176366 7002435584 85582 18446744073709551615 367162721748 367162788064 549493576976 0 0 0 4612 0 1619039482 0 0 0 17 1 0 0 0 0 0 367162799000 367162799160 367184830464 549493578333 549493578380 549493578380 549493579745 0
T 11766.30
P 13687 10027 20010056 appspawn-x
13687 (com.a2hlab.brid) S 10027 0 0 0 -1 4194624 55409 0 0 0 123 91 0 0 0 -20 62 0 1176366 7001759744 85564 18446744073709551615 367162721748 367162788064 549493576976 0 0 0 4612 0 1619039482 0 0 0 17 1 0 0 0 0 0 367162799000 367162799160 367184830464 549493578333 549493578380 549493578380 549493579745 0
T 11766.49
P 13687 10027 20010056 appspawn-x
13687 (com.a2hlab.brid) S 10027 0 0 0 -1 4194624 55409 0 0 0 123 91 0 0 0 -20 62 0 1176366 7001227264 85432 18446744073709551615 367162721748 367162788064 549493576976 0 0 0 4612 0 1619039482 0 0 0 17 1 0 0 0 0 0 367162799000 367162799160 367184830464 549493578333 549493578380 549493578380 549493579745 0
T 11766.68
P 13687 10027 20010056 appspawn-x
13687 (com.a2hlab.brid) S 10027 0 0 0 -1 4194624 55410 0 0 0 123 91 0 0 0 -20 62 0 1176366 7000834048 85333 18446744073709551615 367162721748 367162788064 549493576976 0 0 0 4612 0 1619039482 0 0 0 17 1 0 0 0 0 0 367162799000 367162799160 367184830464 549493578333 549493578380 549493578380 549493579745 0
T 11766.86
P 13687 10027 20010056 appspawn-x
13687 (com.a2hlab.brid) S 10027 0 0 0 -1 4194624 55410 0 0 0 123 91 0 0 0 -20 62 0 1176366 7000702976 85299 18446744073709551615 367162721748 367162788064 549493576976 0 0 0 4612 0 1619039482 0 0 0 17 1 0 0 0 0 0 367162799000 367162799160 367184830464 549493578333 549493578380 549493578380 549493579745 0
T 11767.03
P 13687 10027 20010056 appspawn-x
13687 (com.a2hlab.brid) S 10027 0 0 0 -1 4194624 55411 0 0 0 123 91 0 0 0 -20 62 0 1176366 7000702976 85299 18446744073709551615 367162721748 367162788064 549493576976 0 0 0 4612 0 1619039482 0 0 0 17 1 0 0 0 0 0 367162799000 367162799160 367184830464 549493578333 549493578380 549493578380 549493579745 0
T 11767.20
P 13687 10027 20010056 appspawn-x
13687 (com.a2hlab.brid) S 10027 0 0 0 -1 4194624 55411 0 0 0 123 91 0 0 0 -20 62 0 1176366 7000702976 85299 18446744073709551615 367162721748 367162788064 549493576976 0 0 0 4612 0 1619039482 0 0 0 17 1 0 0 0 0 0 367162799000 367162799160 367184830464 549493578333 549493578380 549493578380 549493579745 0
T 11767.37
P 13687 10027 20010056 appspawn-x
13687 (com.a2hlab.brid) S 10027 0 0 0 -1 4194624 55411 0 0 0 123 91 0 0 0 -20 62 0 1176366 7000702976 85299 18446744073709551615 367162721748 367162788064 549493576976 0 0 0 4612 0 1619039482 0 0 0 17 1 0 0 0 0 0 367162799000 367162799160 367184830464 549493578333 549493578380 549493578380 549493579745 0
T 11767.56
P 13687 10027 20010056 appspawn-x
13687 (com.a2hlab.brid) S 10027 0 0 0 -1 4194624 57809 0 0 0 127 96 0 0 0 -20 66 0 1176366 7047090176 88413 18446744073709551615 367162721748 367162788064 549493576976 0 0 0 4612 0 1619039482 0 0 0 17 1 0 0 0 0 0 367162799000 367162799160 367184830464 549493578333 549493578380 549493578380 549493579745 0
T 11767.73
P 13687 10027 20010056 appspawn-x
13687 (com.a2hlab.brid) S 10027 0 0 0 -1 4194624 60675 0 0 0 133 99 0 0 0 -20 66 0 1176366 7587094528 91734 18446744073709551615 367162721748 367162788064 549493576976 0 0 0 4612 0 1619039482 0 0 0 17 1 0 0 0 0 0 367162799000 367162799160 367184830464 549493578333 549493578380 549493578380 549493579745 0
T 11767.90
P 13687 10027 20010056 appspawn-x
13687 (com.a2hlab.brid) S 10027 0 0 0 -1 4194624 60773 0 0 0 134 99 0 0 0 -20 66 0 1176366 7587094528 91800 18446744073709551615 367162721748 367162788064 549493576976 0 0 0 4612 0 1619039482 0 0 0 17 1 0 0 0 0 0 367162799000 367162799160 367184830464 549493578333 549493578380 549493578380 549493579745 0
T 11768.06
P 13687 10027 20010056 appspawn-x
13687 (com.a2hlab.brid) S 10027 0 0 0 -1 4194624 60899 0 0 0 134 99 0 0 0 -20 66 0 1176366 7586426880 91787 18446744073709551615 367162721748 367162788064 549493576976 0 0 0 4612 0 1619039482 0 0 0 17 1 0 0 0 0 0 367162799000 367162799160 367184830464 549493578333 549493578380 549493578380 549493579745 0
T 11768.25
P 13687 10027 20010056 appspawn-x
13687 (com.a2hlab.brid) S 10027 0 0 0 -1 4194624 61012 0 0 0 134 99 0 0 0 -20 66 0 1176366 7586164736 91788 18446744073709551615 367162721748 367162788064 549493576976 0 0 0 4612 0 1619039482 0 0 0 17 1 0 0 0 0 0 367162799000 367162799160 367184830464 549493578333 549493578380 549493578380 549493579745 0
T 11768.42
P 13687 10027 20010056 appspawn-x
13687 (com.a2hlab.brid) S 10027 0 0 0 -1 4194624 61138 0 0 0 134 99 0 0 0 -20 66 0 1176366 7585964032 91786 18446744073709551615 367162721748 367162788064 549493576976 0 0 0 4612 0 1619039482 0 0 0 17 1 0 0 0 0 0 367162799000 367162799160 367184830464 549493578333 549493578380 549493578380 549493579745 0
T 11768.62
P 13687 10027 20010056 appspawn-x
13687 (com.a2hlab.brid) S 10027 0 0 0 -1 4194624 61250 0 0 0 134 100 0 0 0 -20 66 0 1176366 7585964032 91852 18446744073709551615 367162721748 367162788064 549493576976 0 0 0 4612 0 1619039482 0 0 0 17 1 0 0 0 0 0 367162799000 367162799160 367184830464 549493578333 549493578380 549493578380 549493579745 0
T 11768.78
P 13687 10027 20010056 appspawn-x
13687 (com.a2hlab.brid) S 10027 0 0 0 -1 4194624 61322 0 0 0 134 100 0 0 0 -20 66 0 1176366 7585964032 91885 18446744073709551615 367162721748 367162788064 549493576976 0 0 0 4612 0 1619039482 0 0 0 17 1 0 0 0 0 0 367162799000 367162799160 367184830464 549493578333 549493578380 549493578380 549493579745 0
T 11768.96
P 13687 10027 20010056 appspawn-x
13687 (com.a2hlab.brid) S 10027 0 0 0 -1 4194624 61322 0 0 0 134 100 0 0 0 -20 66 0 1176366 7585964032 91885 18446744073709551615 367162721748 367162788064 549493576976 0 0 0 4612 0 1619039482 0 0 0 17 1 0 0 0 0 0 367162799000 367162799160 367184830464 549493578333 549493578380 549493578380 549493579745 0
T 11769.14
P 13687 10027 20010056 appspawn-x
13687 (com.a2hlab.brid) S 10027 0 0 0 -1 4194624 61322 0 0 0 134 100 0 0 0 -20 66 0 1176366 7585964032 91885 18446744073709551615 367162721748 367162788064 549493576976 0 0 0 4612 0 1619039482 0 0 0 17 1 0 0 0 0 0 367162799000 367162799160 367184830464 549493578333 549493578380 549493578380 549493579745 0
T 11769.31
P 13687 10027 20010056 appspawn-x
13687 (com.a2hlab.brid) S 10027 0 0 0 -1 4194624 63961 0 0 0 142 110 0 0 0 -20 67 0 1176366 7882137600 95138 18446744073709551615 367162721748 367162788064 549493576976 0 0 0 4612 0 1619039482 0 0 0 17 1 0 0 0 0 0 367162799000 367162799160 367184830464 549493578333 549493578380 549493578380 549493579745 0
T 11769.50
P 13687 10027 20010056 appspawn-x
13687 (com.a2hlab.brid) S 10027 0 0 0 -1 4194624 64224 0 0 0 142 111 0 0 0 -20 67 0 1176366 7882117120 95324 18446744073709551615 367162721748 367162788064 549493576976 0 0 0 4612 0 1619039482 0 0 0 17 1 0 0 0 0 0 367162799000 367162799160 367184830464 549493578333 549493578380 549493578380 549493579745 0
T 11769.68
P 13687 10027 20010056 appspawn-x
13687 (com.a2hlab.brid) S 10027 0 0 0 -1 4194624 64350 0 0 0 142 111 0 0 0 -20 67 0 1176366 7881646080 95285 18446744073709551615 367162721748 367162788064 549493576976 0 0 0 4612 0 1619039482 0 0 0 17 1 0 0 0 0 0 367162799000 367162799160 367184830464 549493578333 549493578380 549493578380 549493579745 0
T 11769.86
P 13687 10027 20010056 appspawn-x
13687 (com.a2hlab.brid) S 10027 0 0 0 -1 4194624 64353 0 0 0 142 111 0 0 0 -20 67 0 1176366 7880912896 95119 18446744073709551615 367162721748 367162788064 549493576976 0 0 0 4612 0 1619039482 0 0 0 17 1 0 0 0 0 0 367162799000 367162799160 367184830464 549493578333 549493578380 549493578380 549493579745 0
T 11770.04
P 13687 10027 20010056 appspawn-x
13687 (com.a2hlab.brid) S 10027 0 0 0 -1 4194624 64447 0 0 0 142 112 0 0 0 -20 67 0 1176366 7880630272 95070 18446744073709551615 367162721748 367162788064 549493576976 0 0 0 4612 0 1619039482 0 0 0 17 1 0 0 0 0 0 367162799000 367162799160 367184830464 549493578333 549493578380 549493578380 549493579745 0
T 11770.24
P 13687 10027 20010056 appspawn-x
13687 (com.a2hlab.brid) S 10027 0 0 0 -1 4194624 64563 0 0 0 142 112 0 0 0 -20 67 0 1176366 7880364032 95086 18446744073709551615 367162721748 367162788064 549493576976 0 0 0 4612 0 1619039482 0 0 0 17 4 0 0 0 0 0 367162799000 367162799160 367184830464 549493578333 549493578380 549493578380 549493579745 0
T 11770.42
P 13687 10027 20010056 appspawn-x
13687 (com.a2hlab.brid) S 10027 0 0 0 -1 4194624 64675 0 0 0 142 112 0 0 0 -20 67 0 1176366 7880364032 95152 18446744073709551615 367162721748 367162788064 549493576976 0 0 0 4612 0 1619039482 0 0 0 17 4 0 0 0 0 0 367162799000 367162799160 367184830464 549493578333 549493578380 549493578380 549493579745 0
T 11770.59
P 13687 10027 20010056 appspawn-x
13687 (com.a2hlab.brid) S 10027 0 0 0 -1 4194624 64779 0 0 0 143 112 0 0 0 -20 67 0 1176366 7880364032 95218 18446744073709551615 367162721748 367162788064 549493576976 0 0 0 4612 0 1619039482 0 0 0 17 4 0 0 0 0 0 367162799000 367162799160 367184830464 549493578333 549493578380 549493578380 549493579745 0
T 11770.78
P 13687 10027 20010056 appspawn-x
13687 (com.a2hlab.brid) S 10027 0 0 0 -1 4194624 64989 0 0 0 143 113 0 0 0 -20 67 0 1176366 7884058624 95939 18446744073709551615 367162721748 367162788064 549493576976 0 0 0 4612 0 1619039482 0 0 0 17 4 0 0 0 0 0 367162799000 367162799160 367184830464 549493578333 549493578380 549493578380 549493579745 0
T 11770.96
P 13687 10027 20010056 appspawn-x
13687 (com.a2hlab.brid) S 10027 0 0 0 -1 4194624 65051 0 0 0 143 113 0 0 0 -20 67 0 1176366 7884107776 95974 18446744073709551615 367162721748 367162788064 549493576976 0 0 0 4612 0 1619039482 0 0 0 17 4 0 0 0 0 0 367162799000 367162799160 367184830464 549493578333 549493578380 549493578380 549493579745 0
T 11771.13
P 13687 10027 20010056 appspawn-x
13687 (com.a2hlab.brid) S 10027 0 0 0 -1 4194624 65135 0 0 0 143 113 0 0 0 -20 67 0 1176366 7884107776 96007 18446744073709551615 367162721748 367162788064 549493576976 0 0 0 4612 0 1619039482 0 0 0 17 4 0 0 0 0 0 367162799000 367162799160 367184830464 549493578333 549493578380 549493578380 549493579745 0
T 11771.32
P 13687 10027 20010056 appspawn-x
13687 (com.a2hlab.brid) S 10027 0 0 0 -1 4194624 65205 0 0 0 143 114 0 0 0 -20 67 0 1176366 7882702848 95828 18446744073709551615 367162721748 367162788064 549493576976 0 0 0 4612 0 1619039482 0 0 0 17 4 0 0 0 0 0 367162799000 367162799160 367184830464 549493578333 549493578380 549493578380 549493579745 0
T 11771.50
P 13687 10027 20010056 appspawn-x
13687 (com.a2hlab.brid) S 10027 0 0 0 -1 4194624 65205 0 0 0 143 114 0 0 0 -20 67 0 1176366 7881830400 95697 18446744073709551615 367162721748 367162788064 549493576976 0 0 0 4612 0 1619039482 0 0 0 17 4 0 0 0 0 0 367162799000 367162799160 367184830464 549493578333 549493578380 549493578380 549493579745 0
T 11771.70
P 13687 10027 20010056 appspawn-x
13687 (com.a2hlab.brid) S 10027 0 0 0 -1 4194624 65205 0 0 0 143 114 0 0 0 -20 67 0 1176366 7881297920 95566 18446744073709551615 367162721748 367162788064 549493576976 0 0 0 4612 0 1619039482 0 0 0 17 4 0 0 0 0 0 367162799000 367162799160 367184830464 549493578333 549493578380 549493578380 549493579745 0
T 11771.88
P 13687 10027 20010056 appspawn-x
13687 (com.a2hlab.brid) S 10027 0 0 0 -1 4194624 65205 0 0 0 143 114 0 0 0 -20 67 0 1176366 7881097216 95531 18446744073709551615 367162721748 367162788064 549493576976 0 0 0 4612 0 1619039482 0 0 0 17 4 0 0 0 0 0 367162799000 367162799160 367184830464 549493578333 549493578380 549493578380 549493579745 0
T 11772.05
P 13687 10027 20010056 appspawn-x
13687 (com.a2hlab.brid) S 10027 0 0 0 -1 4194624 65205 0 0 0 143 114 0 0 0 -20 67 0 1176366 7881097216 95531 18446744073709551615 367162721748 367162788064 549493576976 0 0 0 4612 0 1619039482 0 0 0 17 4 0 0 0 0 0 367162799000 367162799160 367184830464 549493578333 549493578380 549493578380 549493579745 0
T 11772.24
P 13687 10027 20010056 appspawn-x
13687 (com.a2hlab.brid) S 10027 0 0 0 -1 4194624 65205 0 0 0 144 114 0 0 0 -20 67 0 1176366 7881097216 95531 18446744073709551615 367162721748 367162788064 549493576976 0 0 0 4612 0 1619039482 0 0 0 17 4 0 0 0 0 0 367162799000 367162799160 367184830464 549493578333 549493578380 549493578380 549493579745 0
T 11772.43
P 13687 10027 20010056 appspawn-x
13687 (com.a2hlab.brid) S 10027 0 0 0 -1 4194624 65281 0 0 0 144 115 0 0 0 -20 67 0 1176366 7882301440 95831 18446744073709551615 367162721748 367162788064 549493576976 0 0 0 4612 0 1619039482 0 0 0 17 4 0 0 0 0 0 367162799000 367162799160 367184830464 549493578333 549493578380 549493578380 549493579745 0
T 11772.62
P 13687 10027 20010056 appspawn-x
13687 (com.a2hlab.brid) S 10027 0 0 0 -1 4194624 65281 0 0 0 144 115 0 0 0 -20 67 0 1176366 7882301440 95831 18446744073709551615 367162721748 367162788064 549493576976 0 0 0 4612 0 1619039482 0 0 0 17 4 0 0 0 0 0 367162799000 367162799160 367184830464 549493578333 549493578380 549493578380 549493579745 0
T 11772.80
P 13687 10027 20010056 appspawn-x
13687 (com.a2hlab.brid) S 10027 0 0 0 -1 4194624 65281 0 0 0 144 115 0 0 0 -20 67 0 1176366 7882031104 95766 18446744073709551615 367162721748 367162788064 549493576976 0 0 0 4612 0 1619039482 0 0 0 17 4 0 0 0 0 0 367162799000 367162799160 367184830464 549493578333 549493578380 549493578380 549493579745 0
T 11772.97
P 13687 10027 20010056 appspawn-x
13687 (com.a2hlab.brid) S 10027 0 0 0 -1 4194624 65281 0 0 0 144 115 0 0 0 -20 67 0 1176366 7881564160 95724 18446744073709551615 367162721748 367162788064 549493576976 0 0 0 4612 0 1619039482 0 0 0 17 4 0 0 0 0 0 367162799000 367162799160 367184830464 549493578333 549493578380 549493578380 549493579745 0
T 11773.16
P 13687 10027 20010056 appspawn-x
13687 (com.a2hlab.brid) S 10027 0 0 0 -1 4194624 65297 0 0 0 144 116 0 0 0 -20 67 0 1176366 7881433088 95691 18446744073709551615 367162721748 367162788064 549493576976 0 0 0 4612 0 1619039482 0 0 0 17 1 0 0 0 0 0 367162799000 367162799160 367184830464 549493578333 549493578380 549493578380 549493579745 0
T 11773.35
P 13687 10027 20010056 appspawn-x
13687 (com.a2hlab.brid) S 10027 0 0 0 -1 4194624 65297 0 0 0 144 116 0 0 0 -20 67 0 1176366 7881433088 95691 18446744073709551615 367162721748 367162788064 549493576976 0 0 0 4612 0 1619039482 0 0 0 17 1 0 0 0 0 0 367162799000 367162799160 367184830464 549493578333 549493578380 549493578380 549493579745 0
T 11773.52
P 13687 10027 20010056 appspawn-x
13687 (com.a2hlab.brid) S 10027 0 0 0 -1 4194624 65297 0 0 0 144 116 0 0 0 -20 67 0 1176366 7881433088 95691 18446744073709551615 367162721748 367162788064 549493576976 0 0 0 4612 0 1619039482 0 0 0 17 1 0 0 0 0 0 367162799000 367162799160 367184830464 549493578333 549493578380 549493578380 549493579745 0
T 11773.72
P 13687 10027 20010056 appspawn-x
13687 (com.a2hlab.brid) S 10027 0 0 0 -1 4194624 65297 0 0 0 144 116 0 0 0 -20 67 0 1176366 7881433088 95691 18446744073709551615 367162721748 367162788064 549493576976 0 0 0 4612 0 1619039482 0 0 0 17 1 0 0 0 0 0 367162799000 367162799160 367184830464 549493578333 549493578380 549493578380 549493579745 0
T 11773.88
P 13687 10027 20010056 appspawn-x
13687 (com.a2hlab.brid) S 10027 0 0 0 -1 4194624 66782 0 0 0 147 119 0 0 0 -20 68 0 1176366 7957553152 99105 18446744073709551615 367162721748 367162788064 549493576976 0 0 0 4612 0 1619039482 0 0 0 17 1 0 0 0 0 0 367162799000 367162799160 367184830464 549493578333 549493578380 549493578380 549493579745 0
T 11774.08
P 13687 10027 20010056 appspawn-x
13687 (com.a2hlab.brid) S 10027 0 0 0 -1 4194624 66894 0 0 0 148 120 0 0 0 -20 68 0 1176366 7957487616 99267 18446744073709551615 367162721748 367162788064 549493576976 0 0 0 4612 0 1619039482 0 0 0 17 6 0 0 0 0 0 367162799000 367162799160 367184830464 549493578333 549493578380 549493578380 549493579745 0
T 11774.25
P 13687 10027 20010056 appspawn-x
13687 (com.a2hlab.brid) S 10027 0 0 0 -1 4194624 66932 0 0 0 148 120 0 0 0 -20 68 0 1176366 7957487616 99267 18446744073709551615 367162721748 367162788064 549493576976 0 0 0 4612 0 1619039482 0 0 0 17 6 0 0 0 0 0 367162799000 367162799160 367184830464 549493578333 549493578380 549493578380 549493579745 0
T 11774.43
P 13687 10027 20010056 appspawn-x
13687 (com.a2hlab.brid) S 10027 0 0 0 -1 4194624 66932 0 0 0 148 120 0 0 0 -20 68 0 1176366 7957487616 99267 18446744073709551615 367162721748 367162788064 549493576976 0 0 0 4612 0 1619039482 0 0 0 17 6 0 0 0 0 0 367162799000 367162799160 367184830464 549493578333 549493578380 549493578380 549493579745 0
T 11774.60
P 13687 10027 20010056 appspawn-x
13687 (com.a2hlab.brid) S 10027 0 0 0 -1 4194624 66932 0 0 0 148 120 0 0 0 -20 68 0 1176366 7957487616 99267 18446744073709551615 367162721748 367162788064 549493576976 0 0 0 4612 0 1619039482 0 0 0 17 6 0 0 0 0 0 367162799000 367162799160 367184830464 549493578333 549493578380 549493578380 549493579745 0
T 11774.79
P 13687 10027 20010056 appspawn-x
13687 (com.a2hlab.brid) S 10027 0 0 0 -1 4194624 66932 0 0 0 148 120 0 0 0 -20 68 0 1176366 7957487616 99267 18446744073709551615 367162721748 367162788064 549493576976 0 0 0 4612 0 1619039482 0 0 0 17 6 0 0 0 0 0 367162799000 367162799160 367184830464 549493578333 549493578380 549493578380 549493579745 0
T 11774.98
P 13687 10027 20010056 appspawn-x
13687 (com.a2hlab.brid) S 10027 0 0 0 -1 4194624 66932 0 0 0 148 120 0 0 0 -20 68 0 1176366 7957487616 99267 18446744073709551615 367162721748 367162788064 549493576976 0 0 0 4612 0 1619039482 0 0 0 17 6 0 0 0 0 0 367162799000 367162799160 367184830464 549493578333 549493578380 549493578380 549493579745 0
T 11775.14
P 13687 10027 20010056 appspawn-x
13687 (com.a2hlab.brid) S 10027 0 0 0 -1 4194624 66932 0 0 0 148 120 0 0 0 -20 68 0 1176366 7957487616 99267 18446744073709551615 367162721748 367162788064 549493576976 0 0 0 4612 0 1619039482 0 0 0 17 6 0 0 0 0 0 367162799000 367162799160 367184830464 549493578333 549493578380 549493578380 549493579745 0
T 11775.32
P 13687 10027 20010056 appspawn-x
13687 (com.a2hlab.brid) S 10027 0 0 0 -1 4194624 66932 0 0 0 148 120 0 0 0 -20 68 0 1176366 7957487616 99267 18446744073709551615 367162721748 367162788064 549493576976 0 0 0 4612 0 1619039482 0 0 0 17 6 0 0 0 0 0 367162799000 367162799160 367184830464 549493578333 549493578380 549493578380 549493579745 0
T 11775.48
P 13687 10027 20010056 appspawn-x
13687 (com.a2hlab.brid) S 10027 0 0 0 -1 4194624 66955 0 0 0 148 121 0 0 0 -20 70 0 1176366 7967113216 99273 18446744073709551615 367162721748 367162788064 549493576976 0 0 0 4612 0 1619039482 0 0 0 17 6 0 0 0 0 0 367162799000 367162799160 367184830464 549493578333 549493578380 549493578380 549493579745 0
T 11775.67
P 13687 10027 20010056 appspawn-x
13687 (com.a2hlab.brid) S 10027 0 0 0 -1 4194624 66955 0 0 0 148 122 0 0 0 -20 70 0 1176366 7967113216 99273 18446744073709551615 367162721748 367162788064 549493576976 0 0 0 4612 0 1619039482 0 0 0 17 6 0 0 0 0 0 367162799000 367162799160 367184830464 549493578333 549493578380 549493578380 549493579745 0
T 11775.85
P 13687 10027 20010056 appspawn-x
13687 (com.a2hlab.brid) S 10027 0 0 0 -1 4194624 66955 0 0 0 148 122 0 0 0 -20 70 0 1176366 7967113216 99273 18446744073709551615 367162721748 367162788064 549493576976 0 0 0 4612 0 1619039482 0 0 0 17 6 0 0 0 0 0 367162799000 367162799160 367184830464 549493578333 549493578380 549493578380 549493579745 0
T 11776.04
P 13687 10027 20010056 appspawn-x
13687 (com.a2hlab.brid) S 10027 0 0 0 -1 4194624 66956 0 0 0 149 122 0 0 0 -20 70 0 1176366 7967113216 99273 18446744073709551615 367162721748 367162788064 549493576976 0 0 0 4612 0 1619039482 0 0 0 17 6 0 0 0 0 0 367162799000 367162799160 367184830464 549493578333 549493578380 549493578380 549493579745 0
T 11776.22
P 13687 10027 20010056 appspawn-x
13687 (com.a2hlab.brid) S 10027 0 0 0 -1 4194624 66956 0 0 0 149 122 0 0 0 -20 70 0 1176366 7967113216 99273 18446744073709551615 367162721748 367162788064 549493576976 0 0 0 4612 0 1619039482 0 0 0 17 6 0 0 0 0 0 367162799000 367162799160 367184830464 549493578333 549493578380 549493578380 549493579745 0
T 11776.41
P 13687 10027 20010056 appspawn-x
13687 (com.a2hlab.brid) S 10027 0 0 0 -1 4194624 66956 0 0 0 150 123 0 0 0 -20 70 0 1176366 7967113216 99273 18446744073709551615 367162721748 367162788064 549493576976 0 0 0 4612 0 1619039482 0 0 0 17 6 0 0 0 0 0 367162799000 367162799160 367184830464 549493578333 549493578380 549493578380 549493579745 0
T 11776.59
P 13687 10027 20010056 appspawn-x
13687 (com.a2hlab.brid) S 10027 0 0 0 -1 4194624 66956 0 0 0 150 123 0 0 0 -20 70 0 1176366 7967113216 99273 18446744073709551615 367162721748 367162788064 549493576976 0 0 0 4612 0 1619039482 0 0 0 17 6 0 0 0 0 0 367162799000 367162799160 367184830464 549493578333 549493578380 549493578380 549493579745 0
T 11776.78
P 13687 10027 20010056 appspawn-x
13687 (com.a2hlab.brid) S 10027 0 0 0 -1 4194624 66957 0 0 0 150 123 0 0 0 -20 70 0 1176366 7967113216 99273 18446744073709551615 367162721748 367162788064 549493576976 0 0 0 4612 0 1619039482 0 0 0 17 6 0 0 0 0 0 367162799000 367162799160 367184830464 549493578333 549493578380 549493578380 549493579745 0
T 11776.95
P 13687 10027 20010056 appspawn-x
13687 (com.a2hlab.brid) S 10027 0 0 0 -1 4194624 67238 0 0 0 151 125 0 0 0 -20 70 0 1176366 7967289344 99331 18446744073709551615 367162721748 367162788064 549493576976 0 0 0 4612 0 1619039482 0 0 0 17 6 0 0 0 0 0 367162799000 367162799160 367184830464 549493578333 549493578380 549493578380 549493579745 0
T 11777.13
P 13687 10027 20010056 appspawn-x
13687 (com.a2hlab.brid) S 10027 0 0 0 -1 4194624 69170 0 0 0 156 130 0 0 0 -20 70 0 1176366 7971454976 101305 18446744073709551615 367162721748 367162788064 549493576976 0 0 0 4612 0 1619039482 0 0 0 17 6 0 0 0 0 0 367162799000 367162799160 367184830464 549493578333 549493578380 549493578380 549493579745 0
T 11777.32
P 13687 10027 20010056 appspawn-x
13687 (com.a2hlab.brid) S 10027 0 0 0 -1 4194624 69172 0 0 0 157 130 0 0 0 -20 70 0 1176366 7971454976 101305 18446744073709551615 367162721748 367162788064 549493576976 0 0 0 4612 0 1619039482 0 0 0 17 6 0 0 0 0 0 367162799000 367162799160 367184830464 549493578333 549493578380 549493578380 549493579745 0
T 11777.52
P 13687 10027 20010056 appspawn-x
13687 (com.a2hlab.brid) S 10027 0 0 0 -1 4194624 69173 0 0 0 158 130 0 0 0 -20 70 0 1176366 7969808384 100976 18446744073709551615 367162721748 367162788064 549493576976 0 0 0 4612 0 1619039482 0 0 0 17 6 0 0 0 0 0 367162799000 367162799160 367184830464 549493578333 549493578380 549493578380 549493579745 0
T 11777.72
P 13687 10027 20010056 appspawn-x
13687 (com.a2hlab.brid) S 10027 0 0 0 -1 4194624 69173 0 0 0 158 130 0 0 0 -20 70 0 1176366 7969607680 100941 18446744073709551615 367162721748 367162788064 549493576976 0 0 0 4612 0 1619039482 0 0 0 17 6 0 0 0 0 0 367162799000 367162799160 367184830464 549493578333 549493578380 549493578380 549493579745 0
T 11777.90
P 13687 10027 20010056 appspawn-x
13687 (com.a2hlab.brid) S 10027 0 0 0 -1 4194624 69327 0 0 0 158 130 0 0 0 -20 70 0 1176366 7969607680 101007 18446744073709551615 367162721748 367162788064 549493576976 0 0 0 4612 0 1619039482 0 0 0 17 6 0 0 0 0 0 367162799000 367162799160 367184830464 549493578333 549493578380 549493578380 549493579745 0
T 11778.10
P 13687 10027 20010056 appspawn-x
13687 (com.a2hlab.brid) S 10027 0 0 0 -1 4194624 69427 0 0 0 159 130 0 0 0 -20 70 0 1176366 7969607680 101073 18446744073709551615 367162721748 367162788064 549493576976 0 0 0 4612 0 1619039482 0 0 0 17 6 0 0 0 0 0 367162799000 367162799160 367184830464 549493578333 549493578380 549493578380 549493579745 0
T 11778.28
P 13687 10027 20010056 appspawn-x
13687 (com.a2hlab.brid) S 10027 0 0 0 -1 4194624 69427 0 0 0 159 131 0 0 0 -20 70 0 1176366 7969607680 101073 18446744073709551615 367162721748 367162788064 549493576976 0 0 0 4612 0 1619039482 0 0 0 17 6 0 0 0 0 0 367162799000 367162799160 367184830464 549493578333 549493578380 549493578380 549493579745 0
T 11778.45
P 13687 10027 20010056 appspawn-x
13687 (com.a2hlab.brid) S 10027 0 0 0 -1 4194624 69427 0 0 0 160 131 0 0 0 -20 70 0 1176366 7969607680 101073 18446744073709551615 367162721748 367162788064 549493576976 0 0 0 4612 0 1619039482 0 0 0 17 6 0 0 0 0 0 367162799000 367162799160 367184830464 549493578333 549493578380 549493578380 549493579745 0
T 11778.63
P 13687 10027 20010056 appspawn-x
13687 (com.a2hlab.brid) S 10027 0 0 0 -1 4194624 69437 0 0 0 160 131 0 0 0 -20 71 0 1176366 7970758656 101075 18446744073709551615 367162721748 367162788064 549493576976 0 0 0 4612 0 1619039482 0 0 0 17 6 0 0 0 0 0 367162799000 367162799160 367184830464 549493578333 549493578380 549493578380 549493579745 0
T 11778.81
P 13687 10027 20010056 appspawn-x
13687 (com.a2hlab.brid) S 10027 0 0 0 -1 4194624 69437 0 0 0 160 131 0 0 0 -20 71 0 1176366 7970758656 101075 18446744073709551615 367162721748 367162788064 549493576976 0 0 0 4612 0 1619039482 0 0 0 17 6 0 0 0 0 0 367162799000 367162799160 367184830464 549493578333 549493578380 549493578380 549493579745 0
T 11778.98
P 13687 10027 20010056 appspawn-x
13687 (com.a2hlab.brid) S 10027 0 0 0 -1 4194624 69437 0 0 0 161 131 0 0 0 -20 71 0 1176366 7970758656 101075 18446744073709551615 367162721748 367162788064 549493576976 0 0 0 4612 0 1619039482 0 0 0 17 6 0 0 0 0 0 367162799000 367162799160 367184830464 549493578333 549493578380 549493578380 549493579745 0
T 11779.17
P 13687 10027 20010056 appspawn-x
13687 (com.a2hlab.brid) S 10027 0 0 0 -1 4194624 69438 0 0 0 161 132 0 0 0 -20 71 0 1176366 7970758656 101075 18446744073709551615 367162721748 367162788064 549493576976 0 0 0 4612 0 1619039482 0 0 0 17 6 0 0 0 0 0 367162799000 367162799160 367184830464 549493578333 549493578380 549493578380 549493579745 0
T 11779.35
P 13687 10027 20010056 appspawn-x
13687 (com.a2hlab.brid) S 10027 0 0 0 -1 4194624 69439 0 0 0 161 132 0 0 0 -20 71 0 1176366 7970758656 101075 18446744073709551615 367162721748 367162788064 549493576976 0 0 0 4612 0 1619039482 0 0 0 17 6 0 0 0 0 0 367162799000 367162799160 367184830464 549493578333 549493578380 549493578380 549493579745 0
T 11779.54
P 13687 10027 20010056 appspawn-x
13687 (com.a2hlab.brid) S 10027 0 0 0 -1 4194624 69444 0 0 0 161 133 0 0 0 -20 71 0 1176366 7970824192 101075 18446744073709551615 367162721748 367162788064 549493576976 0 0 0 4612 0 1619039482 0 0 0 17 6 0 0 0 0 0 367162799000 367162799160 367184830464 549493578333 549493578380 549493578380 549493579745 0
T 11779.72
P 13687 10027 20010056 appspawn-x
13687 (com.a2hlab.brid) S 10027 0 0 0 -1 4194624 69444 0 0 0 161 133 0 0 0 -20 71 0 1176366 7970824192 101075 18446744073709551615 367162721748 367162788064 549493576976 0 0 0 4612 0 1619039482 0 0 0 17 6 0 0 0 0 0 367162799000 367162799160 367184830464 549493578333 549493578380 549493578380 549493579745 0
T 11779.88
P 13687 10027 20010056 appspawn-x
13687 (com.a2hlab.brid) S 10027 0 0 0 -1 4194624 69444 0 0 0 161 133 0 0 0 -20 71 0 1176366 7970824192 101075 18446744073709551615 367162721748 367162788064 549493576976 0 0 0 4612 0 1619039482 0 0 0 17 6 0 0 0 0 0 367162799000 367162799160 367184830464 549493578333 549493578380 549493578380 549493579745 0
T 11780.04
P 13687 10027 20010056 appspawn-x
13687 (com.a2hlab.brid) S 10027 0 0 0 -1 4194624 69446 0 0 0 162 133 0 0 0 -20 71 0 1176366 7970824192 101075 18446744073709551615 367162721748 367162788064 549493576976 0 0 0 4612 0 1619039482 0 0 0 17 6 0 0 0 0 0 367162799000 367162799160 367184830464 549493578333 549493578380 549493578380 549493579745 0
T 11780.23
P 13687 10027 20010056 appspawn-x
13687 (com.a2hlab.brid) S 10027 0 0 0 -1 4194624 69498 0 0 0 162 134 0 0 0 -20 71 0 1176366 7970824192 101078 18446744073709551615 367162721748 367162788064 549493576976 0 0 0 4612 0 1619039482 0 0 0 17 6 0 0 0 0 0 367162799000 367162799160 367184830464 549493578333 549493578380 549493578380 549493579745 0
T 11780.42
P 13687 10027 20010056 appspawn-x
13687 (com.a2hlab.brid) S 10027 0 0 0 -1 4194624 69498 0 0 0 162 135 0 0 0 -20 71 0 1176366 7970824192 101078 18446744073709551615 367162721748 367162788064 549493576976 0 0 0 4612 0 1619039482 0 0 0 17 6 0 0 0 0 0 367162799000 367162799160 367184830464 549493578333 549493578380 549493578380 549493579745 0
T 11780.60
P 13687 10027 20010056 appspawn-x
13687 (com.a2hlab.brid) S 10027 0 0 0 -1 4194624 69498 0 0 0 162 135 0 0 0 -20 71 0 1176366 7970824192 101078 18446744073709551615 367162721748 367162788064 549493576976 0 0 0 4612 0 1619039482 0 0 0 17 6 0 0 0 0 0 367162799000 367162799160 367184830464 549493578333 549493578380 549493578380 549493579745 0
T 11780.76
P 13687 10027 20010056 appspawn-x
13687 (com.a2hlab.brid) S 10027 0 0 0 -1 4194624 69499 0 0 0 162 136 0 0 0 -20 71 0 1176366 7970824192 101078 18446744073709551615 367162721748 367162788064 549493576976 0 0 0 4612 0 1619039482 0 0 0 17 6 0 0 0 0 0 367162799000 367162799160 367184830464 549493578333 549493578380 549493578380 549493579745 0
T 11780.96
P 13687 10027 20010056 appspawn-x
13687 (com.a2hlab.brid) S 10027 0 0 0 -1 4194624 69501 0 0 0 163 136 0 0 0 -20 71 0 1176366 7970824192 101078 18446744073709551615 367162721748 367162788064 549493576976 0 0 0 4612 0 1619039482 0 0 0 17 6 0 0 0 0 0 367162799000 367162799160 367184830464 549493578333 549493578380 549493578380 549493579745 0
T 11781.14
P 13687 10027 20010056 appspawn-x
13687 (com.a2hlab.brid) S 10027 0 0 0 -1 4194624 69501 0 0 0 163 136 0 0 0 -20 71 0 1176366 7970824192 101078 18446744073709551615 367162721748 367162788064 549493576976 0 0 0 4612 0 1619039482 0 0 0 17 6 0 0 0 0 0 367162799000 367162799160 367184830464 549493578333 549493578380 549493578380 549493579745 0
T 11781.33
P 13687 10027 20010056 appspawn-x
13687 (com.a2hlab.brid) S 10027 0 0 0 -1 4194624 69502 0 0 0 163 137 0 0 0 -20 71 0 1176366 7970824192 101078 18446744073709551615 367162721748 367162788064 549493576976 0 0 0 4612 0 1619039482 0 0 0 17 6 0 0 0 0 0 367162799000 367162799160 367184830464 549493578333 549493578380 549493578380 549493579745 0
T 11781.52
P 13687 10027 20010056 appspawn-x
13687 (com.a2hlab.brid) S 10027 0 0 0 -1 4194624 69504 0 0 0 163 137 0 0 0 -20 71 0 1176366 7970824192 101078 18446744073709551615 367162721748 367162788064 549493576976 0 0 0 4612 0 1619039482 0 0 0 17 6 0 0 0 0 0 367162799000 367162799160 367184830464 549493578333 549493578380 549493578380 549493579745 0
T 11781.71
P 13687 10027 20010056 appspawn-x
13687 (com.a2hlab.brid) S 10027 0 0 0 -1 4194624 69505 0 0 0 163 137 0 0 0 -20 71 0 1176366 7970824192 101078 18446744073709551615 367162721748 367162788064 549493576976 0 0 0 4612 0 1619039482 0 0 0 17 6 0 0 0 0 0 367162799000 367162799160 367184830464 549493578333 549493578380 549493578380 549493579745 0
T 11781.90
P 13687 10027 20010056 appspawn-x
13687 (com.a2hlab.brid) S 10027 0 0 0 -1 4194624 69505 0 0 0 164 137 0 0 0 -20 71 0 1176366 7970824192 101078 18446744073709551615 367162721748 367162788064 549493576976 0 0 0 4612 0 1619039482 0 0 0 17 6 0 0 0 0 0 367162799000 367162799160 367184830464 549493578333 549493578380 549493578380 549493579745 0
T 11782.09
P 13687 10027 20010056 appspawn-x
13687 (com.a2hlab.brid) S 10027 0 0 0 -1 4194624 69506 0 0 0 164 137 0 0 0 -20 71 0 1176366 7970824192 101078 18446744073709551615 367162721748 367162788064 549493576976 0 0 0 4612 0 1619039482 0 0 0 17 6 0 0 0 0 0 367162799000 367162799160 367184830464 549493578333 549493578380 549493578380 549493579745 0
T 11782.28
P 13687 10027 20010056 appspawn-x
13687 (com.a2hlab.brid) S 10027 0 0 0 -1 4194624 69506 0 0 0 164 138 0 0 0 -20 71 0 1176366 7970824192 101078 18446744073709551615 367162721748 367162788064 549493576976 0 0 0 4612 0 1619039482 0 0 0 17 6 0 0 0 0 0 367162799000 367162799160 367184830464 549493578333 549493578380 549493578380 549493579745 0
T 11782.45
P 13687 10027 20010056 appspawn-x
13687 (com.a2hlab.brid) S 10027 0 0 0 -1 4194624 69508 0 0 0 164 138 0 0 0 -20 71 0 1176366 7970824192 101078 18446744073709551615 367162721748 367162788064 549493576976 0 0 0 4612 0 1619039482 0 0 0 17 6 0 0 0 0 0 367162799000 367162799160 367184830464 549493578333 549493578380 549493578380 549493579745 0
T 11782.63
P 13687 10027 20010056 appspawn-x
13687 (com.a2hlab.brid) S 10027 0 0 0 -1 4194624 69508 0 0 0 165 138 0 0 0 -20 71 0 1176366 7970824192 101078 18446744073709551615 367162721748 367162788064 549493576976 0 0 0 4612 0 1619039482 0 0 0 17 6 0 0 0 0 0 367162799000 367162799160 367184830464 549493578333 549493578380 549493578380 549493579745 0
T 11782.80
P 13687 10027 20010056 appspawn-x
13687 (com.a2hlab.brid) S 10027 0 0 0 -1 4194624 69509 0 0 0 165 138 0 0 0 -20 71 0 1176366 7970824192 101078 18446744073709551615 367162721748 367162788064 549493576976 0 0 0 4612 0 1619039482 0 0 0 17 6 0 0 0 0 0 367162799000 367162799160 367184830464 549493578333 549493578380 549493578380 549493579745 0
T 11782.98
P 13687 10027 20010056 appspawn-x
13687 (com.a2hlab.brid) S 10027 0 0 0 -1 4194624 69511 0 0 0 166 138 0 0 0 -20 71 0 1176366 7970824192 101078 18446744073709551615 367162721748 367162788064 549493576976 0 0 0 4612 0 1619039482 0 0 0 17 6 0 0 0 0 0 367162799000 367162799160 367184830464 549493578333 549493578380 549493578380 549493579745 0
T 11783.16
P 13687 10027 20010056 appspawn-x
13687 (com.a2hlab.brid) S 10027 0 0 0 -1 4194624 69520 0 0 0 166 139 0 0 0 -20 71 0 1176366 7970824192 101079 18446744073709551615 367162721748 367162788064 549493576976 0 0 0 4612 0 1619039482 0 0 0 17 6 0 0 0 0 0 367162799000 367162799160 367184830464 549493578333 549493578380 549493578380 549493579745 0
T 11783.31
P 13687 10027 20010056 appspawn-x
13687 (com.a2hlab.brid) S 10027 0 0 0 -1 4194624 69520 0 0 0 166 139 0 0 0 -20 71 0 1176366 7970824192 101079 18446744073709551615 367162721748 367162788064 549493576976 0 0 0 4612 0 1619039482 0 0 0 17 6 0 0 0 0 0 367162799000 367162799160 367184830464 549493578333 549493578380 549493578380 549493579745 0
T 11783.48
P 13687 10027 20010056 appspawn-x
13687 (com.a2hlab.brid) S 10027 0 0 0 -1 4194624 69520 0 0 0 167 139 0 0 0 -20 71 0 1176366 7970824192 101079 18446744073709551615 367162721748 367162788064 549493576976 0 0 0 4612 0 1619039482 0 0 0 17 6 0 0 0 0 0 367162799000 367162799160 367184830464 549493578333 549493578380 549493578380 549493579745 0
T 11783.67
P 13687 10027 20010056 appspawn-x
13687 (com.a2hlab.brid) S 10027 0 0 0 -1 4194624 69521 0 0 0 167 139 0 0 0 -20 71 0 1176366 7970824192 101079 18446744073709551615 367162721748 367162788064 549493576976 0 0 0 4612 0 1619039482 0 0 0 17 6 0 0 0 0 0 367162799000 367162799160 367184830464 549493578333 549493578380 549493578380 549493579745 0
T 11783.83
P 13687 10027 20010056 appspawn-x
13687 (com.a2hlab.brid) S 10027 0 0 0 -1 4194624 69522 0 0 0 167 139 0 0 0 -20 71 0 1176366 7970824192 101079 18446744073709551615 367162721748 367162788064 549493576976 0 0 0 4612 0 1619039482 0 0 0 17 6 0 0 0 0 0 367162799000 367162799160 367184830464 549493578333 549493578380 549493578380 549493579745 0
T 11783.99
P 13687 10027 20010056 appspawn-x
13687 (com.a2hlab.brid) S 10027 0 0 0 -1 4194624 69522 0 0 0 168 140 0 0 0 -20 71 0 1176366 7970824192 101079 18446744073709551615 367162721748 367162788064 549493576976 0 0 0 4612 0 1619039482 0 0 0 17 6 0 0 0 0 0 367162799000 367162799160 367184830464 549493578333 549493578380 549493578380 549493579745 0
T 11784.14
P 13687 10027 20010056 appspawn-x
13687 (com.a2hlab.brid) S 10027 0 0 0 -1 4194624 69524 0 0 0 168 140 0 0 0 -20 71 0 1176366 7970824192 101079 18446744073709551615 367162721748 367162788064 549493576976 0 0 0 4612 0 1619039482 0 0 0 17 6 0 0 0 0 0 367162799000 367162799160 367184830464 549493578333 549493578380 549493578380 549493579745 0
T 11784.30
P 13687 10027 20010056 appspawn-x
13687 (com.a2hlab.brid) S 10027 0 0 0 -1 4194624 69524 0 0 0 168 140 0 0 0 -20 71 0 1176366 7970824192 101079 18446744073709551615 367162721748 367162788064 549493576976 0 0 0 4612 0 1619039482 0 0 0 17 6 0 0 0 0 0 367162799000 367162799160 367184830464 549493578333 549493578380 549493578380 549493579745 0
