T 10301.74
T 10301.94
T 10302.12
P 20434 16848 20010079 appspawn-x
20434 (derbird.android) R 16848 0 0 0 -1 4194624 1439 0 0 0 0 7 0 0 0 -20 1 0 1030214 2453344256 4494 18446744073709551615 366763173332 366763239648 549753948320 0 0 0 0 4096 1073775866 0 0 0 17 6 0 0 0 0 0 366763250584 366763250744 367247994880 549753952861 549753952908 549753952908 549753954273 0
T 10302.35
P 20434 16848 20010079 appspawn-x
20434 (main) R 16848 0 0 0 -1 4194624 12861 0 0 0 5 21 0 0 0 -20 1 0 1030214 3340931072 17401 18446744073709551615 366763173332 366763239648 549753948320 0 0 0 4612 0 1073779962 0 0 0 17 4 0 0 0 0 0 366763250584 366763250744 367247994880 549753952861 549753952908 549753952908 549753954273 0
T 10302.55
P 20434 16848 20010079 appspawn-x
20434 (main) R 16848 0 0 0 -1 4194624 15864 0 0 0 11 29 0 0 0 -20 10 0 1030214 3519021056 24976 18446744073709551615 366763173332 366763239648 549753948320 0 0 0 4612 0 1073779962 0 0 0 17 7 0 0 0 0 0 366763250584 366763250744 367247994880 549753952861 549753952908 549753952908 549753954273 0
T 10302.74
P 20434 16848 20010079 appspawn-x
20434 (main) R 16848 0 0 0 -1 4194624 17912 0 0 0 24 33 0 0 0 -20 10 0 1030214 3520110592 31480 18446744073709551615 366763173332 366763239648 549753948320 0 0 0 4612 0 1073779962 0 0 0 17 7 0 0 0 0 0 366763250584 366763250744 367247994880 549753952861 549753952908 549753952908 549753954273 0
T 10302.90
P 20434 16848 20010079 appspawn-x
20434 (net.thunderbird) R 16848 0 0 0 -1 4194624 22052 0 0 0 31 43 0 0 0 -20 12 0 1030214 3689484288 52152 18446744073709551615 366763173332 366763239648 549753948320 0 0 0 4612 0 1073779962 0 0 0 17 7 0 0 0 0 0 366763250584 366763250744 367247994880 549753952861 549753952908 549753952908 549753954273 0
T 10303.08
P 20434 16848 20010079 appspawn-x
20434 (net.thunderbird) R 16848 0 0 0 -1 4194624 31450 0 0 0 41 49 0 0 0 -20 12 0 1030214 3724087296 60628 18446744073709551615 366763173332 366763239648 549753948320 0 0 0 4612 0 1073779962 0 0 0 17 7 0 0 0 0 0 366763250584 366763250744 367247994880 549753952861 549753952908 549753952908 549753954273 0
T 10303.26
P 20434 16848 20010079 appspawn-x
20434 (net.thunderbird) R 16848 0 0 0 -1 4194624 38130 0 0 0 55 54 0 0 0 -20 12 0 1030214 3745099776 65789 18446744073709551615 366763173332 366763239648 549753948320 0 0 0 4612 0 1073779962 0 0 0 17 7 0 0 0 0 0 366763250584 366763250744 367247994880 549753952861 549753952908 549753952908 549753954273 0
T 10303.44
P 20434 16848 20010079 appspawn-x
20434 (net.thunderbird) R 16848 0 0 0 -1 4194624 40520 0 0 0 66 63 0 0 0 -20 13 0 1030214 3777937408 60008 18446744073709551615 366763173332 366763239648 549753948320 0 0 0 4612 0 1073779962 0 0 0 17 6 0 0 0 0 0 366763250584 366763250744 367247994880 549753952861 549753952908 549753952908 549753954273 0
T 10303.64
P 20434 16848 20010079 appspawn-x
20434 (net.thunderbird) R 16848 0 0 0 -1 4194624 43959 0 0 0 84 65 0 0 0 -20 13 0 1030214 3789529088 63480 18446744073709551615 366763173332 366763239648 549753948320 0 0 0 4612 0 1073779962 0 0 0 17 7 0 0 0 0 0 366763250584 366763250744 367247994880 549753952861 549753952908 549753952908 549753954273 0
T 10303.84
P 20434 16848 20010079 appspawn-x
20434 (net.thunderbird) R 16848 0 0 0 -1 4194624 44595 0 0 0 93 71 0 0 0 -20 13 0 1030214 3794223104 64464 18446744073709551615 366763173332 366763239648 549753948320 0 0 0 4612 0 1073779962 0 0 0 17 7 0 0 0 0 0 366763250584 366763250744 367247994880 549753952861 549753952908 549753952908 549753954273 0
T 10304.04
P 20434 16848 20010079 appspawn-x
20434 (net.thunderbird) R 16848 0 0 0 -1 4194624 44834 0 0 0 102 82 0 0 0 -20 13 0 1030214 3794481152 64658 18446744073709551615 366763173332 366763239648 549753948320 0 0 0 4612 0 1073779962 0 0 0 17 7 0 0 0 0 0 366763250584 366763250744 367247994880 549753952861 549753952908 549753952908 549753954273 0
T 10304.22
P 20434 16848 20010079 appspawn-x
20434 (net.thunderbird) R 16848 0 0 0 -1 4194624 45112 0 0 0 114 88 0 0 0 -20 13 0 1030214 3794886656 64843 18446744073709551615 366763173332 366763239648 549753948320 0 0 0 4612 0 1073779962 0 0 0 17 7 0 0 0 0 0 366763250584 366763250744 367247994880 549753952861 549753952908 549753952908 549753954273 0
T 10304.40
P 20434 16848 20010079 appspawn-x
20434 (net.thunderbird) R 16848 0 0 0 -1 4194624 45480 0 0 0 125 96 0 0 0 -20 14 0 1030214 3803701248 65489 18446744073709551615 366763173332 366763239648 549753948320 0 0 0 4612 0 1073779962 0 0 0 17 7 0 0 0 0 0 366763250584 366763250744 367247994880 549753952861 549753952908 549753952908 549753954273 0
T 10304.59
P 20434 16848 20010079 appspawn-x
20434 (net.thunderbird) R 16848 0 0 0 -1 4194624 45970 0 0 0 138 104 0 0 0 -20 14 0 1030214 3804139520 66905 18446744073709551615 366763173332 366763239648 549753948320 0 0 0 4612 0 1073779962 0 0 0 17 7 0 0 0 0 0 366763250584 366763250744 367247994880 549753952861 549753952908 549753952908 549753954273 0
T 10304.78
P 20434 16848 20010079 appspawn-x
20434 (net.thunderbird) D 16848 0 0 0 -1 4194624 47181 0 0 0 143 110 0 0 0 -20 14 0 1030214 3804385280 67679 18446744073709551615 366763173332 366763239648 549753948320 0 0 0 4612 0 1073779962 0 0 0 17 5 0 0 0 0 0 366763250584 366763250744 367247994880 549753952861 549753952908 549753952908 549753954273 0
T 10304.96
P 20434 16848 20010079 appspawn-x
20434 (net.thunderbird) R 16848 0 0 0 -1 4194624 48606 0 0 0 149 116 0 0 0 -20 19 0 1030214 3811225600 68246 18446744073709551615 366763173332 366763239648 549753948320 0 0 0 4612 0 1073779962 0 0 0 17 7 0 0 0 0 0 366763250584 366763250744 367247994880 549753952861 549753952908 549753952908 549753954273 0
T 10305.16
T 10305.35
T 10305.51
T 10305.70
T 10305.90
T 10306.06
T 10306.24
T 10306.41
T 10306.58
T 10306.77
T 10306.96
T 10307.14
T 10307.32
T 10307.50
T 10307.68
T 10307.87
T 10308.05
T 10308.24
T 10308.42
T 10308.58
T 10308.76
T 10308.94
T 10309.09
T 10309.26
T 10309.45
T 10309.62
T 10309.77
T 10309.94
T 10310.13
T 10310.30
T 10310.48
T 10310.66
T 10310.84
T 10311.04
T 10311.21
T 10311.39
T 10311.58
T 10311.77
T 10311.96
T 10312.14
T 10312.33
T 10312.52
T 10312.70
T 10312.89
T 10313.08
T 10313.24
T 10313.41
T 10313.60
T 10313.77
T 10313.94
T 10314.12
T 10314.30
T 10314.48
T 10314.67
T 10314.86
T 10315.04
T 10315.22
T 10315.40
T 10315.59
T 10315.78
T 10315.96
T 10316.15
T 10316.34
T 10316.53
T 10316.72
T 10316.90
T 10317.09
T 10317.27
T 10317.46
T 10317.65
T 10317.83
T 10317.98
