T 4188.53
T 4188.69
T 4188.87
P 11325 8894 20010079 appspawn-x
11325 (derbird.android) R 8894 0 0 0 -1 4194624 248 0 0 0 7 3 0 0 0 -20 1 0 418890 2197676032 1615 18446744073709551615 367199651604 367199718272 549414198448 0 0 0 0 4096 1073775866 0 0 0 17 4 0 0 0 0 0 367199729208 367199729368 368069349376 549414201949 549414201996 549414201996 549414203361 0
T 4189.11
P 11325 8894 20010079 appspawn-x
11325 (derbird.android) R 8894 0 0 0 -1 4194624 9737 0 0 0 15 14 0 0 0 -20 1 0 418890 2454024192 13894 18446744073709551615 367199651604 367199718272 549414198448 0 0 0 0 4096 1073775866 0 0 0 17 4 0 0 0 0 0 367199729208 367199729368 368069349376 549414201949 549414201996 549414201996 549414203361 0
T 4189.30
P 11325 8894 20010079 appspawn-x
11325 (main) R 8894 0 0 0 -1 4194624 14684 0 0 0 19 25 0 0 0 -20 10 0 418890 3436306432 21280 18446744073709551615 367199651604 367199718272 549414198448 0 0 0 4612 0 1073779962 0 0 0 17 7 0 0 0 0 0 367199729208 367199729368 368069349376 549414201949 549414201996 549414201996 549414203361 0
T 4189.49
P 11325 8894 20010079 appspawn-x
11325 (main) R 8894 0 0 0 -1 4194624 16802 0 0 0 34 28 0 0 0 -20 10 0 418890 3518779392 26268 18446744073709551615 367199651604 367199718272 549414198448 0 0 0 4612 0 1073779962 0 0 0 17 7 0 0 0 0 0 367199729208 367199729368 368069349376 549414201949 549414201996 549414201996 549414203361 0
T 4189.68
P 11325 8894 20010079 appspawn-x
11325 (main) R 8894 0 0 0 -1 4194624 20501 0 0 0 46 34 0 0 0 -20 10 0 418890 3582726144 45600 18446744073709551615 367199651604 367199718272 549414198448 0 0 0 4612 0 1073779962 0 0 0 17 7 0 0 0 0 0 367199729208 367199729368 368069349376 549414201949 549414201996 549414201996 549414203361 0
T 4189.86
P 11325 8894 20010079 appspawn-x
11325 (net.thunderbird) R 8894 0 0 0 -1 4194624 25601 0 0 0 57 41 0 0 0 -20 12 0 418890 3699847168 54961 18446744073709551615 367199651604 367199718272 549414198448 0 0 0 4612 0 1073779962 0 0 0 17 7 0 0 0 0 0 367199729208 367199729368 368069349376 549414201949 549414201996 549414201996 549414203361 0
T 4190.04
P 11325 8894 20010079 appspawn-x
11325 (net.thunderbird) R 8894 0 0 0 -1 4194624 35371 0 0 0 72 45 0 0 0 -20 12 0 418890 3739840512 64729 18446744073709551615 367199651604 367199718272 549414198448 0 0 0 4612 0 1073779962 0 0 0 17 7 0 0 0 0 0 367199729208 367199729368 368069349376 549414201949 549414201996 549414201996 549414203361 0
T 4190.24
P 11325 8894 20010079 appspawn-x
11325 (net.thunderbird) R 8894 0 0 0 -1 4194624 38688 0 0 0 88 47 0 0 0 -20 12 0 418890 3717345280 59249 18446744073709551615 367199651604 367199718272 549414198448 0 0 0 4612 0 1073779962 0 0 0 17 7 0 0 0 0 0 367199729208 367199729368 368069349376 549414201949 549414201996 549414201996 549414203361 0
T 4190.42
P 11325 8894 20010079 appspawn-x
11325 (net.thunderbird) R 8894 0 0 0 -1 4194624 42143 0 0 0 97 56 0 0 0 -20 13 0 418890 3788148736 62174 18446744073709551615 367199651604 367199718272 549414198448 0 0 0 4612 0 1073779962 0 0 0 17 7 0 0 0 0 0 367199729208 367199729368 368069349376 549414201949 549414201996 549414201996 549414203361 0
T 4190.60
P 11325 8894 20010079 appspawn-x
11325 (net.thunderbird) S 8894 0 0 0 -1 1077936448 43874 0 0 0 109 58 0 0 0 -20 13 0 418890 3793096704 63210 18446744073709551615 367199651604 367199718272 549414198448 0 0 0 4612 0 1073779962 0 0 0 17 6 0 0 0 0 0 367199729208 367199729368 368069349376 549414201949 549414201996 549414201996 549414203361 0
T 4190.75
P 11325 8894 20010079 appspawn-x
11325 (net.thunderbird) R 8894 0 0 0 -1 4194624 44902 0 0 0 117 63 0 0 0 -20 14 0 418890 3801997312 64500 18446744073709551615 367199651604 367199718272 549414198448 0 0 0 4612 0 1073779962 0 0 0 17 7 0 0 0 0 0 367199729208 367199729368 368069349376 549414201949 549414201996 549414201996 549414203361 0
T 4190.93
P 11325 8894 20010079 appspawn-x
11325 (net.thunderbird) R 8894 0 0 0 -1 4194624 45774 0 0 0 129 72 0 0 0 -20 14 0 418890 3802402816 64757 18446744073709551615 367199651604 367199718272 549414198448 0 0 0 4612 0 1073779962 0 0 0 17 7 0 0 0 0 0 367199729208 367199729368 368069349376 549414201949 549414201996 549414201996 549414203361 0
T 4191.13
T 4191.32
T 4191.48
T 4191.64
T 4191.80
T 4191.97
T 4192.16
T 4192.34
T 4192.51
T 4192.68
T 4192.87
T 4193.04
T 4193.23
T 4193.41
T 4193.60
T 4193.78
T 4193.96
T 4194.14
T 4194.32
T 4194.50
T 4194.69
T 4194.87
T 4195.06
T 4195.24
T 4195.42
T 4195.60
T 4195.76
T 4195.96
T 4196.13
T 4196.32
T 4196.49
T 4196.68
T 4196.87
T 4197.06
T 4197.22
T 4197.41
T 4197.60
T 4197.78
T 4197.95
T 4198.14
T 4198.32
T 4198.50
T 4198.68
T 4198.86
T 4199.04
T 4199.22
T 4199.41
T 4199.59
T 4199.78
T 4199.96
T 4200.14
T 4200.32
T 4200.51
T 4200.70
T 4200.88
T 4201.06
T 4201.24
T 4201.42
T 4201.58
T 4201.77
T 4201.95
T 4202.14
T 4202.32
T 4202.51
T 4202.69
T 4202.87
T 4203.06
T 4203.26
T 4203.43
T 4203.62
T 4203.79
T 4203.98
T 4204.17
T 4204.36
T 4204.54
T 4204.74
