T 7617.42
T 7617.60
T 7617.77
P 7270 1402 20010080 appspawn-x
7270 (atory.ooniprobe) R 1402 0 0 0 -1 4194624 966 0 0 0 0 7 0 0 0 -20 1 0 761777 2212745216 3933 18446744073709551615 367306638804 367306705120 549462225152 0 0 0 0 4096 1073775866 0 0 0 17 5 0 0 0 0 0 367306716056 367306716216 367548850176 549462227549 549462227596 549462227596 549462228961 0
T 7617.97
P 7270 1402 20010080 appspawn-x
7270 (main) R 1402 0 0 0 -1 4194624 13084 0 0 0 7 22 0 0 0 -20 10 0 761777 3355680768 18859 18446744073709551615 367306638804 367306705120 549462225152 0 0 0 4612 0 1073779962 0 0 0 17 4 0 0 0 0 0 367306716056 367306716216 367548850176 549462227549 549462227596 549462227596 549462228961 0
T 7618.19
P 7270 1402 20010080 appspawn-x
7270 (main) R 1402 0 0 0 -1 4194624 15774 0 0 0 11 30 0 0 0 -20 10 0 761777 3518963712 24885 18446744073709551615 367306638804 367306705120 549462225152 0 0 0 4612 0 1073779962 0 0 0 17 4 0 0 0 0 0 367306716056 367306716216 367548850176 549462227549 549462227596 549462227596 549462228961 0
T 7618.36
P 7270 1402 20010080 appspawn-x
7270 (main) R 1402 0 0 0 -1 4194624 16866 0 0 0 26 32 0 0 0 -20 10 0 761777 3518984192 26250 18446744073709551615 367306638804 367306705120 549462225152 0 0 0 4612 0 1073779962 0 0 0 17 4 0 0 0 0 0 367306716056 367306716216 367548850176 549462227549 549462227596 549462227596 549462228961 0
T 7618.53
P 7270 1402 20010080 appspawn-x
7270 (main) R 1402 0 0 0 -1 4194624 21631 0 0 0 36 40 0 0 0 -20 10 0 761777 3670511616 50334 18446744073709551615 367306638804 367306705120 549462225152 0 0 0 4612 0 1073779962 0 0 0 17 7 0 0 0 0 0 367306716056 367306716216 367548850176 549462227549 549462227596 549462227596 549462228961 0
T 7618.73
P 7270 1402 20010080 appspawn-x
7270 (org.openobserva) R 1402 0 0 0 -1 4194624 29527 0 0 0 46 46 0 0 0 -20 13 0 761777 3724386304 58969 18446744073709551615 367306638804 367306705120 549462225152 0 0 0 4612 0 1073779962 0 0 0 17 7 0 0 0 0 0 367306716056 367306716216 367548850176 549462227549 549462227596 549462227596 549462228961 0
T 7618.88
P 7270 1402 20010080 appspawn-x
7270 (org.openobserva) R 1402 0 0 0 -1 4194624 37096 0 0 0 56 52 0 0 0 -20 13 0 761777 3749052416 65000 18446744073709551615 367306638804 367306705120 549462225152 0 0 0 4612 0 1073779962 0 0 0 17 7 0 0 0 0 0 367306716056 367306716216 367548850176 549462227549 549462227596 549462227596 549462228961 0
T 7619.04
P 7270 1402 20010080 appspawn-x
7270 (org.openobserva) R 1402 0 0 0 -1 4194624 38779 0 0 0 67 56 0 0 0 -20 13 0 761777 3715592192 56843 18446744073709551615 367306638804 367306705120 549462225152 0 0 0 4612 0 1073779962 0 0 0 17 7 0 0 0 0 0 367306716056 367306716216 367548850176 549462227549 549462227596 549462227596 549462228961 0
T 7619.20
P 7270 1402 20010080 appspawn-x
7270 (org.openobserva) R 1402 0 0 0 -1 4194624 42029 0 0 0 80 62 0 0 0 -20 14 0 761777 3793211392 62707 18446744073709551615 367306638804 367306705120 549462225152 0 0 0 4612 0 1073779962 0 0 0 17 7 0 0 0 0 0 367306716056 367306716216 367548850176 549462227549 549462227596 549462227596 549462228961 0
T 7619.37
P 7270 1402 20010080 appspawn-x
7270 (org.openobserva) R 1402 0 0 0 -1 4194624 42720 0 0 0 90 68 0 0 0 -20 15 0 761777 3802845184 63544 18446744073709551615 367306638804 367306705120 549462225152 0 0 0 4612 0 1073779962 0 0 0 17 7 0 0 0 0 0 367306716056 367306716216 367548850176 549462227549 549462227596 549462227596 549462228961 0
T 7619.54
P 7270 1402 20010080 appspawn-x
7270 (org.openobserva) R 1402 0 0 0 -1 4194624 42986 0 0 0 103 74 0 0 0 -20 15 0 761777 3803115520 63832 18446744073709551615 367306638804 367306705120 549462225152 0 0 0 4612 0 1073779962 0 0 0 17 7 0 0 0 0 0 367306716056 367306716216 367548850176 549462227549 549462227596 549462227596 549462228961 0
T 7619.74
P 7270 1402 20010080 appspawn-x
7270 (org.openobserva) R 1402 0 0 0 -1 4194624 43658 0 0 0 118 79 0 0 0 -20 15 0 761777 3804209152 66079 18446744073709551615 367306638804 367306705120 549462225152 0 0 0 4612 0 1073779962 0 0 0 17 3 0 0 0 0 0 367306716056 367306716216 367548850176 549462227549 549462227596 549462227596 549462228961 0
T 7619.94
P 7270 1402 20010080 appspawn-x
7270 (org.openobserva) R 1402 0 0 0 -1 4194624 44211 0 0 0 126 83 0 0 0 -20 20 0 761777 3848777728 68013 18446744073709551615 367306638804 367306705120 549462225152 0 0 0 4612 0 1073779962 0 0 0 17 7 0 0 0 0 0 367306716056 367306716216 367548850176 549462227549 549462227596 549462227596 549462228961 0
T 7620.10
P 7270 1402 20010080 appspawn-x
7270 (org.openobserva) R 1402 0 0 0 -1 4194624 44374 0 0 0 136 90 0 0 0 -20 20 0 761777 3849039872 68151 18446744073709551615 367306638804 367306705120 549462225152 0 0 0 4612 0 1073779962 0 0 0 17 7 0 0 0 0 0 367306716056 367306716216 367548850176 549462227549 549462227596 549462227596 549462228961 0
T 7620.28
P 7270 1402 20010080 appspawn-x
7270 (org.openobserva) R 1402 0 0 0 -1 4194624 44761 0 0 0 147 95 0 0 0 -20 20 0 761777 3849338880 68321 18446744073709551615 367306638804 367306705120 549462225152 0 0 0 4612 0 1073779962 0 0 0 17 7 0 0 0 0 0 367306716056 367306716216 367548850176 549462227549 549462227596 549462227596 549462228961 0
T 7620.44
P 7270 1402 20010080 [org.openobserva]
7270 (org.openobserva) Z 1402 0 0 0 -1 4227396 45117 0 0 0 154 103 0 0 0 -20 2 0 761777 0 0 18446744073709551615 0 0 0 0 0 0 4612 0 1073779962 0 0 0 17 4 0 0 0 0 0 0 0 0 0 0 0 0 256
T 7620.59
T 7620.77
T 7620.97
T 7621.14
T 7621.34
T 7621.50
T 7621.70
T 7621.87
T 7622.04
T 7622.22
T 7622.41
T 7622.60
T 7622.77
T 7622.96
T 7623.14
T 7623.33
T 7623.52
T 7623.70
T 7623.90
T 7624.06
T 7624.26
T 7624.44
T 7624.62
T 7624.80
T 7624.99
T 7625.18
T 7625.36
T 7625.54
T 7625.73
T 7625.92
T 7626.10
T 7626.28
T 7626.46
T 7626.63
T 7626.82
T 7627.00
T 7627.18
T 7627.37
T 7627.55
T 7627.73
T 7627.90
T 7628.09
T 7628.28
T 7628.45
T 7628.64
T 7628.84
T 7629.02
T 7629.19
T 7629.38
T 7629.55
T 7629.74
T 7629.92
T 7630.07
T 7630.22
T 7630.39
T 7630.58
T 7630.75
T 7630.92
T 7631.10
T 7631.26
T 7631.41
T 7631.57
T 7631.72
T 7631.88
T 7632.03
T 7632.19
T 7632.34
T 7632.50
T 7632.65
T 7632.81
T 7632.96
T 7633.11
T 7633.27
T 7633.42
T 7633.59
