T 27955.87
T 27956.06
T 27956.24
P 15878 13399 20010056 appspawn-x
15878 (b.bridge.zigzag) R 13399 0 0 0 -1 4194624 247 0 0 0 5 3 0 0 0 -20 1 0 2795625 2197676032 1607 18446744073709551615 366669075988 366669141712 549056330064 0 0 0 0 4096 1073775866 0 0 0 17 6 0 0 0 0 0 366669152648 366669152808 366738956288 549056334450 549056334497 549056334497 549056335841 0
T 27956.46
P 15878 13399 20010056 appspawn-x
15878 (b.bridge.zigzag) R 13399 0 0 0 -1 4194624 8438 0 0 0 13 15 0 0 0 -20 1 0 2795625 2456219648 13985 18446744073709551615 366669075988 366669141712 549056330064 0 0 0 0 4096 1073775866 0 0 0 17 6 0 0 0 0 0 366669152648 366669152808 366738956288 549056334450 549056334497 549056334497 549056335841 0
T 27956.67
P 15878 13399 20010056 appspawn-x
15878 (main) R 13399 0 0 0 -1 4194624 13389 0 0 0 18 24 0 0 0 -20 10 0 2795625 3365273600 19392 18446744073709551615 366669075988 366669141712 549056330064 0 0 0 4612 0 1073779962 0 0 0 17 4 0 0 0 0 0 366669152648 366669152808 366738956288 549056334450 549056334497 549056334497 549056335841 0
T 27956.84
P 15878 13399 20010056 appspawn-x
15878 (main) R 13399 0 0 0 -1 4194624 16030 0 0 0 27 30 0 0 0 -20 10 0 2795625 3520966656 25364 18446744073709551615 366669075988 366669141712 549056330064 0 0 0 4612 0 1073779962 0 0 0 17 6 0 0 0 0 0 366669152648 366669152808 366738956288 549056334450 549056334497 549056334497 549056335841 0
T 27957.03
P 15878 13399 20010056 appspawn-x
15878 (main) R 13399 0 0 0 -1 4194624 19835 0 0 0 41 36 0 0 0 -20 10 0 2795625 3574648832 42234 18446744073709551615 366669075988 366669141712 549056330064 0 0 0 4612 0 1073779962 0 0 0 17 7 0 0 0 0 0 366669152648 366669152808 366738956288 549056334450 549056334497 549056334497 549056335841 0
T 27957.22
P 15878 13399 20010056 appspawn-x
15878 (com.a2hlab.brid) R 13399 0 0 0 -1 4194624 21905 0 0 0 54 41 0 0 0 -20 12 0 2795625 3689525248 50967 18446744073709551615 366669075988 366669141712 549056330064 0 0 0 4612 0 1073779962 0 0 0 17 4 0 0 0 0 0 366669152648 366669152808 366738956288 549056334450 549056334497 549056334497 549056335841 0
T 27957.40
P 15878 13399 20010056 appspawn-x
15878 (com.a2hlab.brid) R 13399 0 0 0 -1 4194624 31428 0 0 0 63 49 0 0 0 -20 12 0 2795625 3724255232 59573 18446744073709551615 366669075988 366669141712 549056330064 0 0 0 4612 0 1073779962 0 0 0 17 7 0 0 0 0 0 366669152648 366669152808 366738956288 549056334450 549056334497 549056334497 549056335841 0
T 27957.58
P 15878 13399 20010056 appspawn-x
15878 (com.a2hlab.brid) R 13399 0 0 0 -1 4194624 38405 0 0 0 79 54 0 0 0 -20 12 0 2795625 3746504704 65016 18446744073709551615 366669075988 366669141712 549056330064 0 0 0 4612 0 1073779962 0 0 0 17 7 0 0 0 0 0 366669152648 366669152808 366738956288 549056334450 549056334497 549056334497 549056335841 0
T 27957.78
P 15878 13399 20010056 appspawn-x
15878 (com.a2hlab.brid) S 13399 0 0 0 -1 1077936448 40969 0 0 0 92 61 0 0 0 -20 14 0 2795625 3787689984 59331 18446744073709551615 366669075988 366669141712 549056330064 0 0 0 4612 0 1073779962 0 0 0 17 7 0 0 0 0 0 366669152648 366669152808 366738956288 549056334450 549056334497 549056334497 549056335841 0
T 27957.99
P 15878 13399 20010056 appspawn-x
15878 (com.a2hlab.brid) S 13399 0 0 0 -1 1077936448 42970 0 0 0 101 64 0 0 0 -20 16 0 2795625 4126433280 67833 18446744073709551615 366669075988 366669141712 549056330064 0 0 0 4612 0 1073779962 0 0 0 17 4 0 0 0 0 0 366669152648 366669152808 366738956288 549056334450 549056334497 549056334497 549056335841 0
T 27958.15
P 15878 13399 20010056 appspawn-x
15878 (com.a2hlab.brid) S 13399 0 0 0 -1 4194624 46455 0 0 0 106 73 0 0 0 -20 35 0 2795625 4332523520 73795 18446744073709551615 366669075988 366669141712 549056330064 0 0 0 4612 0 1073779962 0 0 0 17 1 0 0 0 0 0 366669152648 366669152808 366738956288 549056334450 549056334497 549056334497 549056335841 0
T 27958.32
P 15878 13399 20010056 appspawn-x
15878 (com.a2hlab.brid) S 13399 0 0 0 -1 4194624 48035 0 0 0 121 75 0 0 0 -20 39 0 2795625 6514188288 75244 18446744073709551615 366669075988 366669141712 549056330064 0 0 0 4612 0 1073779962 0 0 0 17 1 0 0 0 0 0 366669152648 366669152808 366738956288 549056334450 549056334497 549056334497 549056335841 0
T 27958.50
P 15878 13399 20010056 appspawn-x
15878 (com.a2hlab.brid) S 13399 0 0 0 -1 4194624 50662 0 0 0 136 80 0 0 0 -20 41 0 2795625 6534017024 79075 18446744073709551615 366669075988 366669141712 549056330064 0 0 0 4612 0 1619039482 0 0 0 17 1 0 0 0 0 0 366669152648 366669152808 366738956288 549056334450 549056334497 549056334497 549056335841 0
T 27958.70
P 15878 13399 20010056 appspawn-x
15878 (com.a2hlab.brid) S 13399 0 0 0 -1 4194624 54928 0 0 0 144 86 0 0 0 -20 63 0 2795625 6728491008 84191 18446744073709551615 366669075988 366669141712 549056330064 0 0 0 4612 0 1619039482 0 0 0 17 3 0 0 0 0 0 366669152648 366669152808 366738956288 549056334450 549056334497 549056334497 549056335841 0
T 27958.89
P 15878 13399 20010056 appspawn-x
15878 (com.a2hlab.brid) S 13399 0 0 0 -1 4194624 60685 0 0 0 153 93 0 0 0 -20 67 0 2795625 7595507712 94123 18446744073709551615 366669075988 366669141712 549056330064 0 0 0 4612 0 1619039482 0 0 0 17 3 0 0 0 0 0 366669152648 366669152808 366738956288 549056334450 549056334497 549056334497 549056335841 0
T 27959.08
P 15878 13399 20010056 appspawn-x
15878 (com.a2hlab.brid) S 13399 0 0 0 -1 4194624 63974 0 0 0 165 104 0 0 0 -20 68 0 2795625 7950790656 98749 18446744073709551615 366669075988 366669141712 549056330064 0 0 0 4612 0 1619039482 0 0 0 17 6 0 0 0 0 0 366669152648 366669152808 366738956288 549056334450 549056334497 549056334497 549056335841 0
T 27959.30
P 15878 13399 20010056 appspawn-x
15878 (com.a2hlab.brid) S 13399 0 0 0 -1 4194624 64133 0 0 0 167 105 0 0 0 -20 68 0 2795625 7950790656 98822 18446744073709551615 366669075988 366669141712 549056330064 0 0 0 4612 0 1619039482 0 0 0 17 6 0 0 0 0 0 366669152648 366669152808 366738956288 549056334450 549056334497 549056334497 549056335841 0
T 27959.48
P 15878 13399 20010056 appspawn-x
15878 (com.a2hlab.brid) S 13399 0 0 0 -1 4194624 64250 0 0 0 168 107 0 0 0 -20 68 0 2795625 7950790656 98858 18446744073709551615 366669075988 366669141712 549056330064 0 0 0 4612 0 1619039482 0 0 0 17 6 0 0 0 0 0 366669152648 366669152808 366738956288 549056334450 549056334497 549056334497 549056335841 0
T 27959.63
P 15878 13399 20010056 appspawn-x
15878 (com.a2hlab.brid) S 13399 0 0 0 -1 4194624 64279 0 0 0 169 109 0 0 0 -20 68 0 2795625 7950790656 98860 18446744073709551615 366669075988 366669141712 549056330064 0 0 0 4612 0 1619039482 0 0 0 17 6 0 0 0 0 0 366669152648 366669152808 366738956288 549056334450 549056334497 549056334497 549056335841 0
T 27959.81
P 15878 13399 20010056 appspawn-x
15878 (com.a2hlab.brid) S 13399 0 0 0 -1 4194624 64439 0 0 0 170 112 0 0 0 -20 68 0 2795625 7950790656 98929 18446744073709551615 366669075988 366669141712 549056330064 0 0 0 4612 0 1619039482 0 0 0 17 6 0 0 0 0 0 366669152648 366669152808 366738956288 549056334450 549056334497 549056334497 549056335841 0
T 27959.98
P 15878 13399 20010056 appspawn-x
15878 (com.a2hlab.brid) S 13399 0 0 0 -1 4194624 64584 0 0 0 172 114 0 0 0 -20 68 0 2795625 7950790656 98969 18446744073709551615 366669075988 366669141712 549056330064 0 0 0 4612 0 1619039482 0 0 0 17 6 0 0 0 0 0 366669152648 366669152808 366738956288 549056334450 549056334497 549056334497 549056335841 0
T 27960.18
P 15878 13399 20010056 appspawn-x
15878 (com.a2hlab.brid) S 13399 0 0 0 -1 4194624 64768 0 0 0 174 116 0 0 0 -20 68 0 2795625 7950790656 99099 18446744073709551615 366669075988 366669141712 549056330064 0 0 0 4612 0 1619039482 0 0 0 17 6 0 0 0 0 0 366669152648 366669152808 366738956288 549056334450 549056334497 549056334497 549056335841 0
T 27960.38
P 15878 13399 20010056 appspawn-x
15878 (com.a2hlab.brid) S 13399 0 0 0 -1 4194624 64905 0 0 0 176 117 0 0 0 -20 68 0 2795625 7950790656 99135 18446744073709551615 366669075988 366669141712 549056330064 0 0 0 4612 0 1619039482 0 0 0 17 6 0 0 0 0 0 366669152648 366669152808 366738956288 549056334450 549056334497 549056334497 549056335841 0
T 27960.55
P 15878 13399 20010056 appspawn-x
15878 (com.a2hlab.brid) S 13399 0 0 0 -1 4194624 65090 0 0 0 178 119 0 0 0 -20 68 0 2795625 7950790656 99206 18446744073709551615 366669075988 366669141712 549056330064 0 0 0 4612 0 1619039482 0 0 0 17 6 0 0 0 0 0 366669152648 366669152808 366738956288 549056334450 549056334497 549056334497 549056335841 0
T 27960.74
P 15878 13399 20010056 appspawn-x
15878 (com.a2hlab.brid) S 13399 0 0 0 -1 4194624 65169 0 0 0 180 122 0 0 0 -20 68 0 2795625 7950790656 99212 18446744073709551615 366669075988 366669141712 549056330064 0 0 0 4612 0 1619039482 0 0 0 17 6 0 0 0 0 0 366669152648 366669152808 366738956288 549056334450 549056334497 549056334497 549056335841 0
T 27960.92
P 15878 13399 20010056 appspawn-x
15878 (com.a2hlab.brid) S 13399 0 0 0 -1 4194624 65317 0 0 0 181 124 0 0 0 -20 68 0 2795625 7950790656 99279 18446744073709551615 366669075988 366669141712 549056330064 0 0 0 4612 0 1619039482 0 0 0 17 3 0 0 0 0 0 366669152648 366669152808 366738956288 549056334450 549056334497 549056334497 549056335841 0
T 27961.08
P 15878 13399 20010056 appspawn-x
15878 (com.a2hlab.brid) S 13399 0 0 0 -1 4194624 66872 0 0 0 186 128 0 0 0 -20 69 0 2795625 8026877952 102319 18446744073709551615 366669075988 366669141712 549056330064 0 0 0 4612 0 1619039482 0 0 0 17 3 0 0 0 0 0 366669152648 366669152808 366738956288 549056334450 549056334497 549056334497 549056335841 0
T 27961.25
P 15878 13399 20010056 appspawn-x
15878 (com.a2hlab.brid) S 13399 0 0 0 -1 4194624 69634 0 0 0 199 134 0 0 0 -20 71 0 2795625 8040448000 104606 18446744073709551615 366669075988 366669141712 549056330064 0 0 0 4612 0 1619039482 0 0 0 17 3 0 0 0 0 0 366669152648 366669152808 366738956288 549056334450 549056334497 549056334497 549056335841 0
T 27961.44
P 15878 13399 20010056 appspawn-x
15878 (com.a2hlab.brid) S 13399 0 0 0 -1 4194624 70207 0 0 0 204 138 0 0 0 -20 72 0 2795625 8042770432 105763 18446744073709551615 366669075988 366669141712 549056330064 0 0 0 4612 0 1619039482 0 0 0 17 0 0 0 0 0 0 366669152648 366669152808 366738956288 549056334450 549056334497 549056334497 549056335841 0
T 27961.62
P 15878 13399 20010056 appspawn-x
15878 (com.a2hlab.brid) S 13399 0 0 0 -1 4194624 70542 0 0 0 206 141 0 0 0 -20 72 0 2795625 8042770432 106044 18446744073709551615 366669075988 366669141712 549056330064 0 0 0 4612 0 1619039482 0 0 0 17 0 0 0 0 0 0 366669152648 366669152808 366738956288 549056334450 549056334497 549056334497 549056335841 0
T 27961.82
P 15878 13399 20010056 appspawn-x
15878 (com.a2hlab.brid) S 13399 0 0 0 -1 4194624 70845 0 0 0 209 143 0 0 0 -20 72 0 2795625 8042770432 106274 18446744073709551615 366669075988 366669141712 549056330064 0 0 0 4612 0 1619039482 0 0 0 17 0 0 0 0 0 0 366669152648 366669152808 366738956288 549056334450 549056334497 549056334497 549056335841 0
T 27962.01
P 15878 13399 20010056 appspawn-x
15878 (com.a2hlab.brid) S 13399 0 0 0 -1 4194624 70966 0 0 0 209 146 0 0 0 -20 72 0 2795625 8042770432 106333 18446744073709551615 366669075988 366669141712 549056330064 0 0 0 4612 0 1619039482 0 0 0 17 0 0 0 0 0 0 366669152648 366669152808 366738956288 549056334450 549056334497 549056334497 549056335841 0
T 27962.20
P 15878 13399 20010056 appspawn-x
15878 (com.a2hlab.brid) S 13399 0 0 0 -1 4194624 71094 0 0 0 212 148 0 0 0 -20 72 0 2795625 8042774528 106513 18446744073709551615 366669075988 366669141712 549056330064 0 0 0 4612 0 1619039482 0 0 0 17 0 0 0 0 0 0 366669152648 366669152808 366738956288 549056334450 549056334497 549056334497 549056335841 0
T 27962.40
P 15878 13399 20010056 appspawn-x
15878 (com.a2hlab.brid) S 13399 0 0 0 -1 4194624 71313 0 0 0 213 152 0 0 0 -20 72 0 2795625 8042774528 106622 18446744073709551615 366669075988 366669141712 549056330064 0 0 0 4612 0 1619039482 0 0 0 17 0 0 0 0 0 0 366669152648 366669152808 366738956288 549056334450 549056334497 549056334497 549056335841 0
T 27962.60
P 15878 13399 20010056 appspawn-x
15878 (com.a2hlab.brid) S 13399 0 0 0 -1 4194624 71409 0 0 0 215 154 0 0 0 -20 72 0 2795625 8042774528 106737 18446744073709551615 366669075988 366669141712 549056330064 0 0 0 4612 0 1619039482 0 0 0 17 0 0 0 0 0 0 366669152648 366669152808 366738956288 549056334450 549056334497 549056334497 549056335841 0
T 27962.80
P 15878 13399 20010056 appspawn-x
15878 (com.a2hlab.brid) S 13399 0 0 0 -1 4194624 71456 0 0 0 217 156 0 0 0 -20 72 0 2795625 8042774528 106621 18446744073709551615 366669075988 366669141712 549056330064 0 0 0 4612 0 1619039482 0 0 0 17 0 0 0 0 0 0 366669152648 366669152808 366738956288 549056334450 549056334497 549056334497 549056335841 0
T 27962.98
P 15878 13399 20010056 appspawn-x
15878 (com.a2hlab.brid) S 13399 0 0 0 -1 4194624 71519 0 0 0 220 158 0 0 0 -20 72 0 2795625 8042774528 106690 18446744073709551615 366669075988 366669141712 549056330064 0 0 0 4612 0 1619039482 0 0 0 17 3 0 0 0 0 0 366669152648 366669152808 366738956288 549056334450 549056334497 549056334497 549056335841 0
T 27963.16
P 15878 13399 20010056 appspawn-x
15878 (com.a2hlab.brid) S 13399 0 0 0 -1 4194624 71576 0 0 0 222 160 0 0 0 -20 72 0 2795625 8042774528 107718 18446744073709551615 366669075988 366669141712 549056330064 0 0 0 4612 0 1619039482 0 0 0 17 3 0 0 0 0 0 366669152648 366669152808 366738956288 549056334450 549056334497 549056334497 549056335841 0
T 27963.34
P 15878 13399 20010056 appspawn-x
15878 (com.a2hlab.brid) S 13399 0 0 0 -1 4194624 71615 0 0 0 224 161 0 0 0 -20 72 0 2795625 8042774528 106760 18446744073709551615 366669075988 366669141712 549056330064 0 0 0 4612 0 1619039482 0 0 0 17 3 0 0 0 0 0 366669152648 366669152808 366738956288 549056334450 549056334497 549056334497 549056335841 0
T 27963.51
P 15878 13399 20010056 appspawn-x
15878 (com.a2hlab.brid) S 13399 0 0 0 -1 4194624 71661 0 0 0 227 162 0 0 0 -20 72 0 2795625 8042774528 107823 18446744073709551615 366669075988 366669141712 549056330064 0 0 0 4612 0 1619039482 0 0 0 17 3 0 0 0 0 0 366669152648 366669152808 366738956288 549056334450 549056334497 549056334497 549056335841 0
T 27963.67
P 15878 13399 20010056 appspawn-x
15878 (com.a2hlab.brid) S 13399 0 0 0 -1 4194624 71707 0 0 0 229 164 0 0 0 -20 72 0 2795625 8042774528 106865 18446744073709551615 366669075988 366669141712 549056330064 0 0 0 4612 0 1619039482 0 0 0 17 3 0 0 0 0 0 366669152648 366669152808 366738956288 549056334450 549056334497 549056334497 549056335841 0
T 27963.85
P 15878 13399 20010056 appspawn-x
15878 (com.a2hlab.brid) S 13399 0 0 0 -1 4194624 71751 0 0 0 230 166 0 0 0 -20 72 0 2795625 8042774528 106866 18446744073709551615 366669075988 366669141712 549056330064 0 0 0 4612 0 1619039482 0 0 0 17 3 0 0 0 0 0 366669152648 366669152808 366738956288 549056334450 549056334497 549056334497 549056335841 0
T 27964.02
P 15878 13399 20010056 appspawn-x
15878 (com.a2hlab.brid) S 13399 0 0 0 -1 4194624 71791 0 0 0 232 167 0 0 0 -20 72 0 2795625 8042774528 106931 18446744073709551615 366669075988 366669141712 549056330064 0 0 0 4612 0 1619039482 0 0 0 17 3 0 0 0 0 0 366669152648 366669152808 366738956288 549056334450 549056334497 549056334497 549056335841 0
T 27964.18
P 15878 13399 20010056 appspawn-x
15878 (com.a2hlab.brid) S 13399 0 0 0 -1 4194624 71827 0 0 0 233 170 0 0 0 -20 72 0 2795625 8042774528 106932 18446744073709551615 366669075988 366669141712 549056330064 0 0 0 4612 0 1619039482 0 0 0 17 3 0 0 0 0 0 366669152648 366669152808 366738956288 549056334450 549056334497 549056334497 549056335841 0
T 27964.35
P 15878 13399 20010056 appspawn-x
15878 (com.a2hlab.brid) S 13399 0 0 0 -1 4194624 71862 0 0 0 234 173 0 0 0 -20 72 0 2795625 8042774528 106997 18446744073709551615 366669075988 366669141712 549056330064 0 0 0 4612 0 1619039482 0 0 0 17 3 0 0 0 0 0 366669152648 366669152808 366738956288 549056334450 549056334497 549056334497 549056335841 0
T 27964.51
P 15878 13399 20010056 appspawn-x
15878 (com.a2hlab.brid) S 13399 0 0 0 -1 4194624 71897 0 0 0 237 174 0 0 0 -20 72 0 2795625 8042774528 108022 18446744073709551615 366669075988 366669141712 549056330064 0 0 0 4612 0 1619039482 0 0 0 17 3 0 0 0 0 0 366669152648 366669152808 366738956288 549056334450 549056334497 549056334497 549056335841 0
T 27964.67
P 15878 13399 20010056 appspawn-x
15878 (com.a2hlab.brid) S 13399 0 0 0 -1 4194624 71933 0 0 0 240 174 0 0 0 -20 72 0 2795625 8042770432 107062 18446744073709551615 366669075988 366669141712 549056330064 0 0 0 4612 0 1619039482 0 0 0 17 3 0 0 0 0 0 366669152648 366669152808 366738956288 549056334450 549056334497 549056334497 549056335841 0
T 27964.86
P 15878 13399 20010056 appspawn-x
15878 (com.a2hlab.brid) S 13399 0 0 0 -1 4194624 71968 0 0 0 242 176 0 0 0 -20 72 0 2795625 8042770432 107063 18446744073709551615 366669075988 366669141712 549056330064 0 0 0 4612 0 1619039482 0 0 0 17 3 0 0 0 0 0 366669152648 366669152808 366738956288 549056334450 549056334497 549056334497 549056335841 0
T 27965.02
P 15878 13399 20010056 appspawn-x
15878 (com.a2hlab.brid) S 13399 0 0 0 -1 4194624 72004 0 0 0 243 178 0 0 0 -20 72 0 2795625 8042770432 107574 18446744073709551615 366669075988 366669141712 549056330064 0 0 0 4612 0 1619039482 0 0 0 17 3 0 0 0 0 0 366669152648 366669152808 366738956288 549056334450 549056334497 549056334497 549056335841 0
T 27965.18
P 15878 13399 20010056 appspawn-x
15878 (com.a2hlab.brid) S 13399 0 0 0 -1 4194624 72038 0 0 0 246 179 0 0 0 -20 72 0 2795625 8042770432 107128 18446744073709551615 366669075988 366669141712 549056330064 0 0 0 4612 0 1619039482 0 0 0 17 3 0 0 0 0 0 366669152648 366669152808 366738956288 549056334450 549056334497 549056334497 549056335841 0
T 27965.35
P 15878 13399 20010056 appspawn-x
15878 (com.a2hlab.brid) S 13399 0 0 0 -1 4194624 72100 0 0 0 248 182 0 0 0 -20 72 0 2795625 8042770432 108154 18446744073709551615 366669075988 366669141712 549056330064 0 0 0 4612 0 1619039482 0 0 0 17 3 0 0 0 0 0 366669152648 366669152808 366738956288 549056334450 549056334497 549056334497 549056335841 0
T 27965.54
P 15878 13399 20010056 appspawn-x
15878 (com.a2hlab.brid) S 13399 0 0 0 -1 4194624 72142 0 0 0 249 184 0 0 0 -20 72 0 2795625 8042770432 107705 18446744073709551615 366669075988 366669141712 549056330064 0 0 0 4612 0 1619039482 0 0 0 17 3 0 0 0 0 0 366669152648 366669152808 366738956288 549056334450 549056334497 549056334497 549056335841 0
T 27965.71
P 15878 13399 20010056 appspawn-x
15878 (com.a2hlab.brid) S 13399 0 0 0 -1 4194624 72177 0 0 0 249 187 0 0 0 -20 72 0 2795625 8042770432 107193 18446744073709551615 366669075988 366669141712 549056330064 0 0 0 4612 0 1619039482 0 0 0 17 3 0 0 0 0 0 366669152648 366669152808 366738956288 549056334450 549056334497 549056334497 549056335841 0
T 27965.88
P 15878 13399 20010056 appspawn-x
15878 (com.a2hlab.brid) S 13399 0 0 0 -1 4194624 72211 0 0 0 250 190 0 0 0 -20 72 0 2795625 8042770432 108283 18446744073709551615 366669075988 366669141712 549056330064 0 0 0 4612 0 1619039482 0 0 0 17 3 0 0 0 0 0 366669152648 366669152808 366738956288 549056334450 549056334497 549056334497 549056335841 0
T 27966.04
P 15878 13399 20010056 appspawn-x
15878 (com.a2hlab.brid) S 13399 0 0 0 -1 4194624 72248 0 0 0 251 192 0 0 0 -20 72 0 2795625 8042770432 107258 18446744073709551615 366669075988 366669141712 549056330064 0 0 0 4612 0 1619039482 0 0 0 17 3 0 0 0 0 0 366669152648 366669152808 366738956288 549056334450 549056334497 549056334497 549056335841 0
T 27966.20
P 15878 13399 20010056 appspawn-x
15878 (com.a2hlab.brid) S 13399 0 0 0 -1 4194624 72283 0 0 0 253 194 0 0 0 -20 72 0 2795625 8042770432 107325 18446744073709551615 366669075988 366669141712 549056330064 0 0 0 4612 0 1619039482 0 0 0 17 3 0 0 0 0 0 366669152648 366669152808 366738956288 549056334450 549056334497 549056334497 549056335841 0
T 27966.36
P 15878 13399 20010056 appspawn-x
15878 (com.a2hlab.brid) S 13399 0 0 0 -1 4194624 72319 0 0 0 256 195 0 0 0 -20 72 0 2795625 8042770432 107324 18446744073709551615 366669075988 366669141712 549056330064 0 0 0 4612 0 1619039482 0 0 0 17 3 0 0 0 0 0 366669152648 366669152808 366738956288 549056334450 549056334497 549056334497 549056335841 0
T 27966.52
P 15878 13399 20010056 appspawn-x
15878 (com.a2hlab.brid) S 13399 0 0 0 -1 4194624 72355 0 0 0 258 197 0 0 0 -20 72 0 2795625 8042770432 107389 18446744073709551615 366669075988 366669141712 549056330064 0 0 0 4612 0 1619039482 0 0 0 17 3 0 0 0 0 0 366669152648 366669152808 366738956288 549056334450 549056334497 549056334497 549056335841 0
T 27966.68
P 15878 13399 20010056 appspawn-x
15878 (com.a2hlab.brid) S 13399 0 0 0 -1 4194624 72390 0 0 0 259 199 0 0 0 -20 72 0 2795625 8042770432 107389 18446744073709551615 366669075988 366669141712 549056330064 0 0 0 4612 0 1619039482 0 0 0 17 3 0 0 0 0 0 366669152648 366669152808 366738956288 549056334450 549056334497 549056334497 549056335841 0
T 27966.86
P 15878 13399 20010056 appspawn-x
15878 (com.a2hlab.brid) S 13399 0 0 0 -1 4194624 72437 0 0 0 262 200 0 0 0 -20 72 0 2795625 8042770432 107455 18446744073709551615 366669075988 366669141712 549056330064 0 0 0 4612 0 1619039482 0 0 0 17 3 0 0 0 0 0 366669152648 366669152808 366738956288 549056334450 549056334497 549056334497 549056335841 0
T 27967.02
P 15878 13399 20010056 appspawn-x
15878 (com.a2hlab.brid) S 13399 0 0 0 -1 4194624 72474 0 0 0 262 203 0 0 0 -20 72 0 2795625 8042770432 107454 18446744073709551615 366669075988 366669141712 549056330064 0 0 0 4612 0 1619039482 0 0 0 17 3 0 0 0 0 0 366669152648 366669152808 366738956288 549056334450 549056334497 549056334497 549056335841 0
T 27967.18
P 15878 13399 20010056 appspawn-x
15878 (com.a2hlab.brid) S 13399 0 0 0 -1 4194624 72515 0 0 0 264 205 0 0 0 -20 72 0 2795625 8042770432 108479 18446744073709551615 366669075988 366669141712 549056330064 0 0 0 4612 0 1619039482 0 0 0 17 3 0 0 0 0 0 366669152648 366669152808 366738956288 549056334450 549056334497 549056334497 549056335841 0
T 27967.38
P 15878 13399 20010056 appspawn-x
15878 (com.a2hlab.brid) S 13399 0 0 0 -1 4194624 72548 0 0 0 266 206 0 0 0 -20 72 0 2795625 8042770432 107520 18446744073709551615 366669075988 366669141712 549056330064 0 0 0 4612 0 1619039482 0 0 0 17 3 0 0 0 0 0 366669152648 366669152808 366738956288 549056334450 549056334497 549056334497 549056335841 0
T 27967.54
P 15878 13399 20010056 appspawn-x
15878 (com.a2hlab.brid) S 13399 0 0 0 -1 4194624 72577 0 0 0 268 208 0 0 0 -20 72 0 2795625 8042770432 107521 18446744073709551615 366669075988 366669141712 549056330064 0 0 0 4612 0 1619039482 0 0 0 17 3 0 0 0 0 0 366669152648 366669152808 366738956288 549056334450 549056334497 549056334497 549056335841 0
T 27967.70
P 15878 13399 20010056 appspawn-x
15878 (com.a2hlab.brid) S 13399 0 0 0 -1 4194624 72621 0 0 0 270 210 0 0 0 -20 72 0 2795625 8042770432 108611 18446744073709551615 366669075988 366669141712 549056330064 0 0 0 4612 0 1619039482 0 0 0 17 3 0 0 0 0 0 366669152648 366669152808 366738956288 549056334450 549056334497 549056334497 549056335841 0
T 27967.88
P 15878 13399 20010056 appspawn-x
15878 (com.a2hlab.brid) S 13399 0 0 0 -1 4194624 72655 0 0 0 273 211 0 0 0 -20 72 0 2795625 8042770432 107586 18446744073709551615 366669075988 366669141712 549056330064 0 0 0 4612 0 1619039482 0 0 0 17 3 0 0 0 0 0 366669152648 366669152808 366738956288 549056334450 549056334497 549056334497 549056335841 0
T 27968.05
P 15878 13399 20010056 appspawn-x
15878 (com.a2hlab.brid) S 13399 0 0 0 -1 4194624 72696 0 0 0 274 213 0 0 0 -20 72 0 2795625 8042770432 108166 18446744073709551615 366669075988 366669141712 549056330064 0 0 0 4612 0 1619039482 0 0 0 17 3 0 0 0 0 0 366669152648 366669152808 366738956288 549056334450 549056334497 549056334497 549056335841 0
T 27968.24
P 15878 13399 20010056 appspawn-x
15878 (com.a2hlab.brid) S 13399 0 0 0 -1 4194624 72732 0 0 0 275 216 0 0 0 -20 72 0 2795625 8042770432 107652 18446744073709551615 366669075988 366669141712 549056330064 0 0 0 4612 0 1619039482 0 0 0 17 3 0 0 0 0 0 366669152648 366669152808 366738956288 549056334450 549056334497 549056334497 549056335841 0
T 27968.42
P 15878 13399 20010056 appspawn-x
15878 (com.a2hlab.brid) S 13399 0 0 0 -1 4194624 72769 0 0 0 277 217 0 0 0 -20 72 0 2795625 8042770432 107718 18446744073709551615 366669075988 366669141712 549056330064 0 0 0 4612 0 1619039482 0 0 0 17 3 0 0 0 0 0 366669152648 366669152808 366738956288 549056334450 549056334497 549056334497 549056335841 0
T 27968.60
P 15878 13399 20010056 appspawn-x
15878 (com.a2hlab.brid) S 13399 0 0 0 -1 4194624 72811 0 0 0 279 220 0 0 0 -20 72 0 2795625 8042770432 107718 18446744073709551615 366669075988 366669141712 549056330064 0 0 0 4612 0 1619039482 0 0 0 17 3 0 0 0 0 0 366669152648 366669152808 366738956288 549056334450 549056334497 549056334497 549056335841 0
T 27968.80
P 15878 13399 20010056 appspawn-x
15878 (com.a2hlab.brid) S 13399 0 0 0 -1 4194624 72853 0 0 0 281 223 0 0 0 -20 72 0 2795625 8042770432 107784 18446744073709551615 366669075988 366669141712 549056330064 0 0 0 4612 0 1619039482 0 0 0 17 3 0 0 0 0 0 366669152648 366669152808 366738956288 549056334450 549056334497 549056334497 549056335841 0
T 27968.98
P 15878 13399 20010056 appspawn-x
15878 (com.a2hlab.brid) S 13399 0 0 0 -1 4194624 72888 0 0 0 282 225 0 0 0 -20 72 0 2795625 8042770432 107785 18446744073709551615 366669075988 366669141712 549056330064 0 0 0 4612 0 1619039482 0 0 0 17 3 0 0 0 0 0 366669152648 366669152808 366738956288 549056334450 549056334497 549056334497 549056335841 0
T 27969.16
P 15878 13399 20010056 appspawn-x
15878 (com.a2hlab.brid) S 13399 0 0 0 -1 4194624 72931 0 0 0 284 227 0 0 0 -20 72 0 2795625 8051388416 108368 18446744073709551615 366669075988 366669141712 549056330064 0 0 0 4612 0 1619039482 0 0 0 17 3 0 0 0 0 0 366669152648 366669152808 366738956288 549056334450 549056334497 549056334497 549056335841 0
T 27969.34
P 15878 13399 20010056 appspawn-x
15878 (com.a2hlab.brid) S 13399 0 0 0 -1 4194624 72958 0 0 0 286 229 0 0 0 -20 72 0 2795625 8042770432 107850 18446744073709551615 366669075988 366669141712 549056330064 0 0 0 4612 0 1619039482 0 0 0 17 3 0 0 0 0 0 366669152648 366669152808 366738956288 549056334450 549056334497 549056334497 549056335841 0
T 27969.50
P 15878 13399 20010056 appspawn-x
15878 (com.a2hlab.brid) S 13399 0 0 0 -1 4194624 73000 0 0 0 288 230 0 0 0 -20 72 0 2795625 8042770432 107917 18446744073709551615 366669075988 366669141712 549056330064 0 0 0 4612 0 1619039482 0 0 0 17 3 0 0 0 0 0 366669152648 366669152808 366738956288 549056334450 549056334497 549056334497 549056335841 0
T 27969.69
P 15878 13399 20010056 appspawn-x
15878 (com.a2hlab.brid) S 13399 0 0 0 -1 4194624 73042 0 0 0 292 231 0 0 0 -20 72 0 2795625 8042770432 108941 18446744073709551615 366669075988 366669141712 549056330064 0 0 0 4612 0 1619039482 0 0 0 17 3 0 0 0 0 0 366669152648 366669152808 366738956288 549056334450 549056334497 549056334497 549056335841 0
T 27969.88
P 15878 13399 20010056 appspawn-x
15878 (com.a2hlab.brid) S 13399 0 0 0 -1 4194624 73079 0 0 0 293 233 0 0 0 -20 72 0 2795625 8042770432 107982 18446744073709551615 366669075988 366669141712 549056330064 0 0 0 4612 0 1619039482 0 0 0 17 3 0 0 0 0 0 366669152648 366669152808 366738956288 549056334450 549056334497 549056334497 549056335841 0
T 27970.06
P 15878 13399 20010056 appspawn-x
15878 (com.a2hlab.brid) S 13399 0 0 0 -1 4194624 73121 0 0 0 296 235 0 0 0 -20 72 0 2795625 8042770432 107982 18446744073709551615 366669075988 366669141712 549056330064 0 0 0 4612 0 1619039482 0 0 0 17 3 0 0 0 0 0 366669152648 366669152808 366738956288 549056334450 549056334497 549056334497 549056335841 0
T 27970.25
P 15878 13399 20010056 appspawn-x
15878 (com.a2hlab.brid) S 13399 0 0 0 -1 4194624 73157 0 0 0 299 235 0 0 0 -20 72 0 2795625 8042770432 108048 18446744073709551615 366669075988 366669141712 549056330064 0 0 0 4612 0 1619039482 0 0 0 17 3 0 0 0 0 0 366669152648 366669152808 366738956288 549056334450 549056334497 549056334497 549056335841 0
T 27970.42
P 15878 13399 20010056 appspawn-x
15878 (com.a2hlab.brid) S 13399 0 0 0 -1 4194624 73193 0 0 0 301 236 0 0 0 -20 72 0 2795625 8042770432 108048 18446744073709551615 366669075988 366669141712 549056330064 0 0 0 4612 0 1619039482 0 0 0 17 3 0 0 0 0 0 366669152648 366669152808 366738956288 549056334450 549056334497 549056334497 549056335841 0
T 27970.59
P 15878 13399 20010056 appspawn-x
15878 (com.a2hlab.brid) S 13399 0 0 0 -1 4194624 73228 0 0 0 303 239 0 0 0 -20 72 0 2795625 8042770432 108115 18446744073709551615 366669075988 366669141712 549056330064 0 0 0 4612 0 1619039482 0 0 0 17 3 0 0 0 0 0 366669152648 366669152808 366738956288 549056334450 549056334497 549056334497 549056335841 0
T 27970.76
P 15878 13399 20010056 appspawn-x
15878 (com.a2hlab.brid) S 13399 0 0 0 -1 4194624 73262 0 0 0 304 241 0 0 0 -20 72 0 2795625 8042770432 108114 18446744073709551615 366669075988 366669141712 549056330064 0 0 0 4612 0 1619039482 0 0 0 17 3 0 0 0 0 0 366669152648 366669152808 366738956288 549056334450 549056334497 549056334497 549056335841 0
T 27970.92
P 15878 13399 20010056 appspawn-x
15878 (com.a2hlab.brid) S 13399 0 0 0 -1 4194624 73297 0 0 0 307 242 0 0 0 -20 72 0 2795625 8042770432 108114 18446744073709551615 366669075988 366669141712 549056330064 0 0 0 4612 0 1619039482 0 0 0 17 3 0 0 0 0 0 366669152648 366669152808 366738956288 549056334450 549056334497 549056334497 549056335841 0
T 27971.10
P 15878 13399 20010056 appspawn-x
15878 (com.a2hlab.brid) S 13399 0 0 0 -1 4194624 73332 0 0 0 309 243 0 0 0 -20 72 0 2795625 8042770432 108180 18446744073709551615 366669075988 366669141712 549056330064 0 0 0 4612 0 1619039482 0 0 0 17 3 0 0 0 0 0 366669152648 366669152808 366738956288 549056334450 549056334497 549056334497 549056335841 0
T 27971.26
P 15878 13399 20010056 appspawn-x
15878 (com.a2hlab.brid) S 13399 0 0 0 -1 4194624 73372 0 0 0 312 244 0 0 0 -20 72 0 2795625 8042770432 108181 18446744073709551615 366669075988 366669141712 549056330064 0 0 0 4612 0 1619039482 0 0 0 17 3 0 0 0 0 0 366669152648 366669152808 366738956288 549056334450 549056334497 549056334497 549056335841 0
T 27971.42
P 15878 13399 20010056 appspawn-x
15878 (com.a2hlab.brid) S 13399 0 0 0 -1 4194624 73406 0 0 0 314 246 0 0 0 -20 72 0 2795625 8042770432 108245 18446744073709551615 366669075988 366669141712 549056330064 0 0 0 4612 0 1619039482 0 0 0 17 3 0 0 0 0 0 366669152648 366669152808 366738956288 549056334450 549056334497 549056334497 549056335841 0
T 27971.58
P 15878 13399 20010056 appspawn-x
15878 (com.a2hlab.brid) S 13399 0 0 0 -1 4194624 73442 0 0 0 315 248 0 0 0 -20 72 0 2795625 8042770432 109270 18446744073709551615 366669075988 366669141712 549056330064 0 0 0 4612 0 1619039482 0 0 0 17 3 0 0 0 0 0 366669152648 366669152808 366738956288 549056334450 549056334497 549056334497 549056335841 0
T 27971.75
P 15878 13399 20010056 appspawn-x
15878 (com.a2hlab.brid) S 13399 0 0 0 -1 4194624 73478 0 0 0 318 249 0 0 0 -20 72 0 2795625 8042770432 108311 18446744073709551615 366669075988 366669141712 549056330064 0 0 0 4612 0 1619039482 0 0 0 17 3 0 0 0 0 0 366669152648 366669152808 366738956288 549056334450 549056334497 549056334497 549056335841 0
T 27971.92
P 15878 13399 20010056 appspawn-x
15878 (com.a2hlab.brid) S 13399 0 0 0 -1 4194624 73515 0 0 0 319 251 0 0 0 -20 72 0 2795625 8042770432 108824 18446744073709551615 366669075988 366669141712 549056330064 0 0 0 4612 0 1619039482 0 0 0 17 3 0 0 0 0 0 366669152648 366669152808 366738956288 549056334450 549056334497 549056334497 549056335841 0
