T 7422.26
T 7422.42
T 7422.60
P 3615 1402 20010079 appspawn-x
3615 (derbird.android) R 1402 0 0 0 -1 4194624 1159 0 0 0 2 6 0 0 0 -20 1 0 742261 2215645184 4007 18446744073709551615 367306638804 367306705120 549462225152 0 0 0 0 4096 1073775866 0 0 0 17 6 0 0 0 0 0 367306716056 367306716216 367548850176 549462227549 549462227596 549462227596 549462228961 0
T 7422.82
P 3615 1402 20010079 appspawn-x
3615 (main) R 1402 0 0 0 -1 4194624 12705 0 0 0 7 18 0 0 0 -20 1 0 742261 3305451520 16481 18446744073709551615 367306638804 367306705120 549462225152 0 0 0 4612 0 1073779962 0 0 0 17 5 0 0 0 0 0 367306716056 367306716216 367548850176 549462227549 549462227596 549462227596 549462228961 0
T 7423.01
P 3615 1402 20010079 appspawn-x
3615 (main) R 1402 0 0 0 -1 4194624 15882 0 0 0 14 27 0 0 0 -20 10 0 742261 3518967808 25082 18446744073709551615 367306638804 367306705120 549462225152 0 0 0 4612 0 1073779962 0 0 0 17 7 0 0 0 0 0 367306716056 367306716216 367548850176 549462227549 549462227596 549462227596 549462228961 0
T 7423.20
P 3615 1402 20010079 appspawn-x
3615 (main) R 1402 0 0 0 -1 4194624 19932 0 0 0 29 31 0 0 0 -20 10 0 742261 3577864192 42369 18446744073709551615 367306638804 367306705120 549462225152 0 0 0 4612 0 1073779962 0 0 0 17 7 0 0 0 0 0 367306716056 367306716216 367548850176 549462227549 549462227596 549462227596 549462228961 0
T 7423.40
P 3615 1402 20010079 appspawn-x
3615 (net.thunderbird) R 1402 0 0 0 -1 4194624 25626 0 0 0 39 38 0 0 0 -20 12 0 742261 3700514816 55111 18446744073709551615 367306638804 367306705120 549462225152 0 0 0 4612 0 1073779962 0 0 0 17 7 0 0 0 0 0 367306716056 367306716216 367548850176 549462227549 549462227596 549462227596 549462228961 0
T 7423.58
P 3615 1402 20010079 appspawn-x
3615 (net.thunderbird) R 1402 0 0 0 -1 4194624 35382 0 0 0 52 46 0 0 0 -20 12 0 742261 3740459008 64813 18446744073709551615 367306638804 367306705120 549462225152 0 0 0 4612 0 1073779962 0 0 0 17 7 0 0 0 0 0 367306716056 367306716216 367548850176 549462227549 549462227596 549462227596 549462228961 0
T 7423.77
P 3615 1402 20010079 appspawn-x
3615 (net.thunderbird) R 1402 0 0 0 -1 4194624 38653 0 0 0 65 51 0 0 0 -20 12 0 742261 3713241088 58233 18446744073709551615 367306638804 367306705120 549462225152 0 0 0 4612 0 1073779962 0 0 0 17 7 0 0 0 0 0 367306716056 367306716216 367548850176 549462227549 549462227596 549462227596 549462228961 0
T 7423.96
P 3615 1402 20010079 appspawn-x
3615 (net.thunderbird) R 1402 0 0 0 -1 4194624 42539 0 0 0 73 60 0 0 0 -20 13 0 742261 3788529664 62832 18446744073709551615 367306638804 367306705120 549462225152 0 0 0 4612 0 1073779962 0 0 0 17 7 0 0 0 0 0 367306716056 367306716216 367548850176 549462227549 549462227596 549462227596 549462228961 0
T 7424.14
P 3615 1402 20010079 appspawn-x
3615 (net.thunderbird) R 1402 0 0 0 -1 4194624 44191 0 0 0 86 62 0 0 0 -20 13 0 742261 3793928192 64042 18446744073709551615 367306638804 367306705120 549462225152 0 0 0 4612 0 1073779962 0 0 0 17 2 0 0 0 0 0 367306716056 367306716216 367548850176 549462227549 549462227596 549462227596 549462228961 0
T 7424.32
P 3615 1402 20010079 appspawn-x
3615 (net.thunderbird) R 1402 0 0 0 -1 4194624 44529 0 0 0 95 70 0 0 0 -20 13 0 742261 3794153472 64323 18446744073709551615 367306638804 367306705120 549462225152 0 0 0 4612 0 1073779962 0 0 0 17 7 0 0 0 0 0 367306716056 367306716216 367548850176 549462227549 549462227596 549462227596 549462228961 0
T 7424.50
P 3615 1402 20010079 appspawn-x
3615 (net.thunderbird) R 1402 0 0 0 -1 4194624 44797 0 0 0 109 78 0 0 0 -20 13 0 742261 3794423808 64517 18446744073709551615 367306638804 367306705120 549462225152 0 0 0 4612 0 1073779962 0 0 0 17 7 0 0 0 0 0 367306716056 367306716216 367548850176 549462227549 549462227596 549462227596 549462228961 0
T 7424.71
P 3615 1402 20010079 appspawn-x
3615 (net.thunderbird) R 1402 0 0 0 -1 4194624 45071 0 0 0 123 83 0 0 0 -20 13 0 742261 3794817024 64732 18446744073709551615 367306638804 367306705120 549462225152 0 0 0 4612 0 1073779962 0 0 0 17 7 0 0 0 0 0 367306716056 367306716216 367548850176 549462227549 549462227596 549462227596 549462228961 0
T 7424.89
P 3615 1402 20010079 appspawn-x
3615 (net.thunderbird) R 1402 0 0 0 -1 4194624 45560 0 0 0 134 92 0 0 0 -20 14 0 742261 3803762688 65369 18446744073709551615 367306638804 367306705120 549462225152 0 0 0 4612 0 1073779962 0 0 0 17 6 0 0 0 0 0 367306716056 367306716216 367548850176 549462227549 549462227596 549462227596 549462228961 0
T 7425.07
P 3615 1402 20010079 appspawn-x
3615 (net.thunderbird) R 1402 0 0 0 -1 4194624 46156 0 0 0 143 96 0 0 0 -20 14 0 742261 3804012544 67084 18446744073709551615 367306638804 367306705120 549462225152 0 0 0 4612 0 1073779962 0 0 0 17 6 0 0 0 0 0 367306716056 367306716216 367548850176 549462227549 549462227596 549462227596 549462228961 0
T 7425.24
P 3615 1402 20010079 appspawn-x
3615 (net.thunderbird) R 1402 0 0 0 -1 4194624 46840 0 0 0 148 100 0 0 0 -20 14 0 742261 3804045312 67433 18446744073709551615 367306638804 367306705120 549462225152 0 0 0 4612 0 1073779962 0 0 0 17 6 0 0 0 0 0 367306716056 367306716216 367548850176 549462227549 549462227596 549462227596 549462228961 0
T 7425.40
P 3615 1402 20010079 appspawn-x
3615 (net.thunderbird) R 1402 0 0 0 -1 4194624 47890 0 0 0 151 104 0 0 0 -20 20 0 742261 3811291136 67685 18446744073709551615 367306638804 367306705120 549462225152 0 0 0 4612 0 1073779962 0 0 0 17 7 0 0 0 0 0 367306716056 367306716216 367548850176 549462227549 549462227596 549462227596 549462228961 0
T 7425.55
P 3615 1402 20010079 [net.thunderbird]
T 7425.74
T 7425.91
T 7426.07
T 7426.24
T 7426.40
T 7426.58
T 7426.75
T 7426.94
T 7427.11
T 7427.28
T 7427.45
T 7427.63
T 7427.80
T 7427.97
T 7428.13
T 7428.30
T 7428.47
T 7428.65
T 7428.82
T 7429.00
T 7429.16
T 7429.34
T 7429.52
T 7429.70
T 7429.88
T 7430.05
T 7430.24
T 7430.42
T 7430.59
T 7430.78
T 7430.96
T 7431.15
T 7431.34
T 7431.52
T 7431.70
T 7431.87
T 7432.03
T 7432.21
T 7432.39
T 7432.55
T 7432.70
T 7432.86
T 7433.02
T 7433.17
T 7433.35
T 7433.53
T 7433.71
T 7433.88
T 7434.06
T 7434.22
T 7434.39
T 7434.58
T 7434.75
T 7434.93
T 7435.09
T 7435.25
T 7435.40
T 7435.56
T 7435.71
T 7435.87
T 7436.02
T 7436.19
T 7436.35
T 7436.50
T 7436.67
T 7436.84
T 7437.01
T 7437.18
T 7437.38
T 7437.53
T 7437.68
T 7437.84
T 7437.99
T 7438.15
T 7438.30
