T 57264.22
T 57264.38
T 57264.54
T 57264.70
P 5799 3839 20010056 appspawn-x
5799 (b.bridge.zigzag) R 3839 0 0 0 -1 4194624 771 0 0 0 13 5 0 0 0 -20 1 0 5726462 2214338560 3084 18446744073709551615 366749931028 366749996752 549081222608 0 0 0 0 4096 1073775866 0 0 0 17 4 0 0 0 0 0 366750007688 366750007848 366875578368 549081225842 549081225889 549081225889 549081227233 0
T 57264.95
P 5799 3839 20010056 appspawn-x
5799 (main) R 3839 0 0 0 -1 4194624 12557 0 0 0 19 18 0 0 0 -20 1 0 5726462 3302817792 15209 18446744073709551615 366749931028 366749996752 549081222608 0 0 0 4612 0 1073779962 0 0 0 17 4 0 0 0 0 0 366750007688 366750007848 366875578368 549081225842 549081225889 549081225889 549081227233 0
T 57265.15
P 5799 3839 20010056 appspawn-x
5799 (main) R 3839 0 0 0 -1 4194624 14799 0 0 0 23 25 0 0 0 -20 10 0 5726462 3451084800 21792 18446744073709551615 366749931028 366749996752 549081222608 0 0 0 4612 0 1073779962 0 0 0 17 4 0 0 0 0 0 366750007688 366750007848 366875578368 549081225842 549081225889 549081225889 549081227233 0
T 57265.31
P 5799 3839 20010056 appspawn-x
5799 (main) R 3839 0 0 0 -1 4194624 16705 0 0 0 35 29 0 0 0 -20 10 0 5726462 3520974848 26259 18446744073709551615 366749931028 366749996752 549081222608 0 0 0 4612 0 1073779962 0 0 0 17 7 0 0 0 0 0 366750007688 366750007848 366875578368 549081225842 549081225889 549081225889 549081227233 0
T 57265.47
P 5799 3839 20010056 appspawn-x
5799 (main) R 3839 0 0 0 -1 4194624 20349 0 0 0 47 33 0 0 0 -20 10 0 5726462 3579650048 45457 18446744073709551615 366749931028 366749996752 549081222608 0 0 0 4612 0 1073779962 0 0 0 17 7 0 0 0 0 0 366750007688 366750007848 366875578368 549081225842 549081225889 549081225889 549081227233 0
T 57265.63
P 5799 3839 20010056 appspawn-x
5799 (com.a2hlab.brid) R 3839 0 0 0 -1 4194624 23399 0 0 0 60 36 0 0 0 -20 12 0 5726462 3695792128 52146 18446744073709551615 366749931028 366749996752 549081222608 0 0 0 4612 0 1073779962 0 0 0 17 7 0 0 0 0 0 366750007688 366750007848 366875578368 549081225842 549081225889 549081225889 549081227233 0
T 57265.80
P 5799 3839 20010056 appspawn-x
5799 (com.a2hlab.brid) R 3839 0 0 0 -1 4194624 32750 0 0 0 70 43 0 0 0 -20 12 0 5726462 3729653760 61532 18446744073709551615 366749931028 366749996752 549081222608 0 0 0 4612 0 1073779962 0 0 0 17 7 0 0 0 0 0 366750007688 366750007848 366875578368 549081225842 549081225889 549081225889 549081227233 0
T 57265.98
P 5799 3839 20010056 appspawn-x
5799 (com.a2hlab.brid) R 3839 0 0 0 -1 4194624 38157 0 0 0 82 48 0 0 0 -20 12 0 5726462 3745452032 65404 18446744073709551615 366749931028 366749996752 549081222608 0 0 0 4612 0 1073779962 0 0 0 17 7 0 0 0 0 0 366750007688 366750007848 366875578368 549081225842 549081225889 549081225889 549081227233 0
T 57266.14
P 5799 3839 20010056 appspawn-x
5799 (com.a2hlab.brid) R 3839 0 0 0 -1 4194624 39894 0 0 0 92 54 0 0 0 -20 13 0 5726462 3725598720 57930 18446744073709551615 366749931028 366749996752 549081222608 0 0 0 4612 0 1073779962 0 0 0 17 7 0 0 0 0 0 366750007688 366750007848 366875578368 549081225842 549081225889 549081225889 549081227233 0
T 57266.30
P 5799 3839 20010056 appspawn-x
5799 (com.a2hlab.brid) S 3839 0 0 0 -1 1077936448 42917 0 0 0 101 60 0 0 0 -20 16 0 5726462 4126285824 68178 18446744073709551615 366749931028 366749996752 549081222608 0 0 0 4612 0 1073779962 0 0 0 17 7 0 0 0 0 0 366750007688 366750007848 366875578368 549081225842 549081225889 549081225889 549081227233 0
T 57266.48
P 5799 3839 20010056 appspawn-x
5799 (com.a2hlab.brid) S 3839 0 0 0 -1 1077936448 45772 0 0 0 102 71 0 0 0 -20 33 0 5726462 4313534464 73127 18446744073709551615 366749931028 366749996752 549081222608 0 0 0 4612 0 1073779962 0 0 0 17 4 0 0 0 0 0 366750007688 366750007848 366875578368 549081225842 549081225889 549081225889 549081227233 0
T 57266.64
P 5799 3839 20010056 appspawn-x
5799 (com.a2hlab.brid) S 3839 0 0 0 -1 4194624 48056 0 0 0 115 75 0 0 0 -20 39 0 5726462 6514188288 76205 18446744073709551615 366749931028 366749996752 549081222608 0 0 0 4612 0 1073779962 0 0 0 17 7 0 0 0 0 0 366750007688 366750007848 366875578368 549081225842 549081225889 549081225889 549081227233 0
T 57266.81
P 5799 3839 20010056 appspawn-x
5799 (com.a2hlab.brid) R 3839 0 0 0 -1 4194624 48866 0 0 0 132 77 0 0 0 -20 40 0 5726462 6522036224 77100 18446744073709551615 366749931028 366749996752 549081222608 0 0 0 4612 0 1073779962 0 0 0 17 2 0 0 0 0 0 366750007688 366750007848 366875578368 549081225842 549081225889 549081225889 549081227233 0
T 57267.00
P 5799 3839 20010056 appspawn-x
5799 (com.a2hlab.brid) S 3839 0 0 0 -1 4194624 53569 0 0 0 142 84 0 0 0 -20 63 0 5726462 6720950272 82795 18446744073709551615 366749931028 366749996752 549081222608 0 0 0 4612 0 1619039482 0 0 0 17 2 0 0 0 0 0 366750007688 366750007848 366875578368 549081225842 549081225889 549081225889 549081227233 0
T 57267.18
P 5799 3839 20010056 appspawn-x
5799 (com.a2hlab.brid) S 3839 0 0 0 -1 4194624 58014 0 0 0 146 92 0 0 0 -20 67 0 5726462 7055736832 91623 18446744073709551615 366749931028 366749996752 549081222608 0 0 0 4612 0 1619039482 0 0 0 17 5 0 0 0 0 0 366750007688 366750007848 366875578368 549081225842 549081225889 549081225889 549081227233 0
T 57267.38
P 5799 3839 20010056 appspawn-x
5799 (com.a2hlab.brid) R 3839 0 0 0 -1 4194624 62534 0 0 0 156 101 0 0 0 -20 68 0 5726462 7626678272 97811 18446744073709551615 366749931028 366749996752 549081222608 0 0 0 4612 0 1619039482 0 0 0 17 1 0 0 0 0 0 366750007688 366750007848 366875578368 549081225842 549081225889 549081225889 549081227233 0
T 57267.56
P 5799 3839 20010056 appspawn-x
5799 (com.a2hlab.brid) S 3839 0 0 0 -1 4194624 63958 0 0 0 165 104 0 0 0 -20 68 0 5726462 7950221312 99414 18446744073709551615 366749931028 366749996752 549081222608 0 0 0 4612 0 1619039482 0 0 0 17 1 0 0 0 0 0 366750007688 366750007848 366875578368 549081225842 549081225889 549081225889 549081227233 0
T 57267.75
P 5799 3839 20010056 appspawn-x
5799 (com.a2hlab.brid) S 3839 0 0 0 -1 4194624 64106 0 0 0 166 107 0 0 0 -20 68 0 5726462 7950221312 99454 18446744073709551615 366749931028 366749996752 549081222608 0 0 0 4612 0 1619039482 0 0 0 17 1 0 0 0 0 0 366750007688 366750007848 366875578368 549081225842 549081225889 549081225889 549081227233 0
T 57267.94
P 5799 3839 20010056 appspawn-x
5799 (com.a2hlab.brid) S 3839 0 0 0 -1 4194624 64137 0 0 0 168 108 0 0 0 -20 68 0 5726462 7950221312 99490 18446744073709551615 366749931028 366749996752 549081222608 0 0 0 4612 0 1619039482 0 0 0 17 4 0 0 0 0 0 366750007688 366750007848 366875578368 549081225842 549081225889 549081225889 549081227233 0
T 57268.15
P 5799 3839 20010056 appspawn-x
5799 (com.a2hlab.brid) S 3839 0 0 0 -1 4194624 64253 0 0 0 169 111 0 0 0 -20 68 0 5726462 7950221312 99528 18446744073709551615 366749931028 366749996752 549081222608 0 0 0 4612 0 1619039482 0 0 0 17 4 0 0 0 0 0 366750007688 366750007848 366875578368 549081225842 549081225889 549081225889 549081227233 0
T 57268.34
P 5799 3839 20010056 appspawn-x
5799 (com.a2hlab.brid) S 3839 0 0 0 -1 4194624 64357 0 0 0 171 113 0 0 0 -20 68 0 5726462 7950221312 99567 18446744073709551615 366749931028 366749996752 549081222608 0 0 0 4612 0 1619039482 0 0 0 17 4 0 0 0 0 0 366750007688 366750007848 366875578368 549081225842 549081225889 549081225889 549081227233 0
T 57268.51
P 5799 3839 20010056 appspawn-x
5799 (com.a2hlab.brid) S 3839 0 0 0 -1 4194624 64506 0 0 0 173 115 0 0 0 -20 68 0 5726462 7950221312 99694 18446744073709551615 366749931028 366749996752 549081222608 0 0 0 4612 0 1619039482 0 0 0 17 4 0 0 0 0 0 366750007688 366750007848 366875578368 549081225842 549081225889 549081225889 549081227233 0
T 57268.71
P 5799 3839 20010056 appspawn-x
5799 (com.a2hlab.brid) S 3839 0 0 0 -1 4194624 64630 0 0 0 175 117 0 0 0 -20 68 0 5726462 7950221312 99765 18446744073709551615 366749931028 366749996752 549081222608 0 0 0 4612 0 1619039482 0 0 0 17 4 0 0 0 0 0 366750007688 366750007848 366875578368 549081225842 549081225889 549081225889 549081227233 0
T 57268.89
P 5799 3839 20010056 appspawn-x
5799 (com.a2hlab.brid) S 3839 0 0 0 -1 4194624 64777 0 0 0 176 119 0 0 0 -20 68 0 5726462 7950221312 99838 18446744073709551615 366749931028 366749996752 549081222608 0 0 0 4612 0 1619039482 0 0 0 17 4 0 0 0 0 0 366750007688 366750007848 366875578368 549081225842 549081225889 549081225889 549081227233 0
T 57269.08
P 5799 3839 20010056 appspawn-x
5799 (com.a2hlab.brid) S 3839 0 0 0 -1 4194624 64838 0 0 0 178 121 0 0 0 -20 68 0 5726462 7950221312 99843 18446744073709551615 366749931028 366749996752 549081222608 0 0 0 4612 0 1619039482 0 0 0 17 4 0 0 0 0 0 366750007688 366750007848 366875578368 549081225842 549081225889 549081225889 549081227233 0
T 57269.25
P 5799 3839 20010056 appspawn-x
5799 (com.a2hlab.brid) S 3839 0 0 0 -1 4194624 64952 0 0 0 181 122 0 0 0 -20 68 0 5726462 7950221312 99911 18446744073709551615 366749931028 366749996752 549081222608 0 0 0 4612 0 1619039482 0 0 0 17 4 0 0 0 0 0 366750007688 366750007848 366875578368 549081225842 549081225889 549081225889 549081227233 0
T 57269.44
P 5799 3839 20010056 appspawn-x
5799 (com.a2hlab.brid) S 3839 0 0 0 -1 4194624 66460 0 0 0 187 124 0 0 0 -20 69 0 5726462 8026312704 102958 18446744073709551615 366749931028 366749996752 549081222608 0 0 0 4612 0 1619039482 0 0 0 17 7 0 0 0 0 0 366750007688 366750007848 366875578368 549081225842 549081225889 549081225889 549081227233 0
T 57269.61
P 5799 3839 20010056 appspawn-x
5799 (com.a2hlab.brid) S 3839 0 0 0 -1 4194624 69123 0 0 0 200 133 0 0 0 -20 71 0 5726462 8039571456 105269 18446744073709551615 366749931028 366749996752 549081222608 0 0 0 4612 0 1619039482 0 0 0 17 2 0 0 0 0 0 366750007688 366750007848 366875578368 549081225842 549081225889 549081225889 549081227233 0
T 57269.80
P 5799 3839 20010056 appspawn-x
5799 (com.a2hlab.brid) S 3839 0 0 0 -1 4194624 69654 0 0 0 204 137 0 0 0 -20 72 0 5726462 8041996288 106834 18446744073709551615 366749931028 366749996752 549081222608 0 0 0 4612 0 1619039482 0 0 0 17 2 0 0 0 0 0 366750007688 366750007848 366875578368 549081225842 549081225889 549081225889 549081227233 0
T 57269.98
P 5799 3839 20010056 appspawn-x
5799 (com.a2hlab.brid) S 3839 0 0 0 -1 4194624 69934 0 0 0 207 138 0 0 0 -20 72 0 5726462 8041996288 107031 18446744073709551615 366749931028 366749996752 549081222608 0 0 0 4612 0 1619039482 0 0 0 17 2 0 0 0 0 0 366750007688 366750007848 366875578368 549081225842 549081225889 549081225889 549081227233 0
T 57270.18
P 5799 3839 20010056 appspawn-x
5799 (com.a2hlab.brid) S 3839 0 0 0 -1 4194624 70161 0 0 0 209 140 0 0 0 -20 72 0 5726462 8041996288 106660 18446744073709551615 366749931028 366749996752 549081222608 0 0 0 4612 0 1619039482 0 0 0 17 2 0 0 0 0 0 366750007688 366750007848 366875578368 549081225842 549081225889 549081225889 549081227233 0
T 57270.36
P 5799 3839 20010056 appspawn-x
5799 (com.a2hlab.brid) S 3839 0 0 0 -1 4194624 70345 0 0 0 211 143 0 0 0 -20 72 0 5726462 8041996288 106775 18446744073709551615 366749931028 366749996752 549081222608 0 0 0 4612 0 1619039482 0 0 0 17 2 0 0 0 0 0 366750007688 366750007848 366875578368 549081225842 549081225889 549081225889 549081227233 0
T 57270.56
P 5799 3839 20010056 appspawn-x
5799 (com.a2hlab.brid) S 3839 0 0 0 -1 4194624 70436 0 0 0 213 145 0 0 0 -20 72 0 5726462 8041996288 106834 18446744073709551615 366749931028 366749996752 549081222608 0 0 0 4612 0 1619039482 0 0 0 17 2 0 0 0 0 0 366750007688 366750007848 366875578368 549081225842 549081225889 549081225889 549081227233 0
T 57270.72
P 5799 3839 20010056 appspawn-x
5799 (com.a2hlab.brid) S 3839 0 0 0 -1 4194624 70624 0 0 0 215 147 0 0 0 -20 72 0 5726462 8041963520 106993 18446744073709551615 366749931028 366749996752 549081222608 0 0 0 4612 0 1619039482 0 0 0 17 2 0 0 0 0 0 366750007688 366750007848 366875578368 549081225842 549081225889 549081225889 549081227233 0
T 57270.90
P 5799 3839 20010056 appspawn-x
5799 (com.a2hlab.brid) S 3839 0 0 0 -1 4194624 70750 0 0 0 217 149 0 0 0 -20 72 0 5726462 8041996288 108160 18446744073709551615 366749931028 366749996752 549081222608 0 0 0 4612 0 1619039482 0 0 0 17 2 0 0 0 0 0 366750007688 366750007848 366875578368 549081225842 549081225889 549081225889 549081227233 0
T 57271.08
P 5799 3839 20010056 appspawn-x
5799 (com.a2hlab.brid) S 3839 0 0 0 -1 4194624 70832 0 0 0 219 151 0 0 0 -20 72 0 5726462 8041996288 107198 18446744073709551615 366749931028 366749996752 549081222608 0 0 0 4612 0 1619039482 0 0 0 17 2 0 0 0 0 0 366750007688 366750007848 366875578368 549081225842 549081225889 549081225889 549081227233 0
T 57271.28
P 5799 3839 20010056 appspawn-x
5799 (com.a2hlab.brid) S 3839 0 0 0 -1 4194624 70981 0 0 0 221 154 0 0 0 -20 72 0 5726462 8041996288 107665 18446744073709551615 366749931028 366749996752 549081222608 0 0 0 4612 0 1619039482 0 0 0 17 2 0 0 0 0 0 366750007688 366750007848 366875578368 549081225842 549081225889 549081225889 549081227233 0
T 57271.48
P 5799 3839 20010056 appspawn-x
5799 (com.a2hlab.brid) S 3839 0 0 0 -1 4194624 71045 0 0 0 223 156 0 0 0 -20 72 0 5726462 8041996288 107217 18446744073709551615 366749931028 366749996752 549081222608 0 0 0 4612 0 1619039482 0 0 0 17 2 0 0 0 0 0 366750007688 366750007848 366875578368 549081225842 549081225889 549081225889 549081227233 0
T 57271.68
P 5799 3839 20010056 appspawn-x
5799 (com.a2hlab.brid) S 3839 0 0 0 -1 4194624 71179 0 0 0 225 159 0 0 0 -20 72 0 5726462 8041996288 107339 18446744073709551615 366749931028 366749996752 549081222608 0 0 0 4612 0 1619039482 0 0 0 17 2 0 0 0 0 0 366750007688 366750007848 366875578368 549081225842 549081225889 549081225889 549081227233 0
T 57271.86
P 5799 3839 20010056 appspawn-x
5799 (com.a2hlab.brid) S 3839 0 0 0 -1 4194624 71296 0 0 0 227 160 0 0 0 -20 72 0 5726462 8041996288 107432 18446744073709551615 366749931028 366749996752 549081222608 0 0 0 4612 0 1619039482 0 0 0 17 2 0 0 0 0 0 366750007688 366750007848 366875578368 549081225842 549081225889 549081225889 549081227233 0
T 57272.04
P 5799 3839 20010056 appspawn-x
5799 (com.a2hlab.brid) S 3839 0 0 0 -1 4194624 71367 0 0 0 228 163 0 0 0 -20 72 0 5726462 8041996288 108515 18446744073709551615 366749931028 366749996752 549081222608 0 0 0 4612 0 1619039482 0 0 0 17 2 0 0 0 0 0 366750007688 366750007848 366875578368 549081225842 549081225889 549081225889 549081227233 0
T 57272.22
P 5799 3839 20010056 appspawn-x
5799 (com.a2hlab.brid) S 3839 0 0 0 -1 4194624 71435 0 0 0 229 166 0 0 0 -20 72 0 5726462 8041996288 108064 18446744073709551615 366749931028 366749996752 549081222608 0 0 0 4612 0 1619039482 0 0 0 17 2 0 0 0 0 0 366750007688 366750007848 366875578368 549081225842 549081225889 549081225889 549081227233 0
T 57272.38
P 5799 3839 20010056 appspawn-x
5799 (com.a2hlab.brid) S 3839 0 0 0 -1 4194624 71478 0 0 0 230 169 0 0 0 -20 72 0 5726462 8041996288 107552 18446744073709551615 366749931028 366749996752 549081222608 0 0 0 4612 0 1619039482 0 0 0 17 2 0 0 0 0 0 366750007688 366750007848 366875578368 549081225842 549081225889 549081225889 549081227233 0
T 57272.56
P 5799 3839 20010056 appspawn-x
5799 (com.a2hlab.brid) S 3839 0 0 0 -1 4194624 71513 0 0 0 231 171 0 0 0 -20 72 0 5726462 8041996288 107617 18446744073709551615 366749931028 366749996752 549081222608 0 0 0 4612 0 1619039482 0 0 0 17 2 0 0 0 0 0 366750007688 366750007848 366875578368 549081225842 549081225889 549081225889 549081227233 0
T 57272.74
P 5799 3839 20010056 appspawn-x
5799 (com.a2hlab.brid) S 3839 0 0 0 -1 4194624 71554 0 0 0 233 173 0 0 0 -20 72 0 5726462 8041996288 108642 18446744073709551615 366749931028 366749996752 549081222608 0 0 0 4612 0 1619039482 0 0 0 17 2 0 0 0 0 0 366750007688 366750007848 366875578368 549081225842 549081225889 549081225889 549081227233 0
T 57272.92
P 5799 3839 20010056 appspawn-x
5799 (com.a2hlab.brid) S 3839 0 0 0 -1 4194624 71598 0 0 0 234 176 0 0 0 -20 72 0 5726462 8041996288 108195 18446744073709551615 366749931028 366749996752 549081222608 0 0 0 4612 0 1619039482 0 0 0 17 2 0 0 0 0 0 366750007688 366750007848 366875578368 549081225842 549081225889 549081225889 549081227233 0
T 57273.12
P 5799 3839 20010056 appspawn-x
5799 (com.a2hlab.brid) S 3839 0 0 0 -1 4194624 71689 0 0 0 237 178 0 0 0 -20 72 0 5726462 8041996288 108229 18446744073709551615 366749931028 366749996752 549081222608 0 0 0 4612 0 1619039482 0 0 0 17 2 0 0 0 0 0 366750007688 366750007848 366875578368 549081225842 549081225889 549081225889 549081227233 0
T 57273.32
P 5799 3839 20010056 appspawn-x
5799 (com.a2hlab.brid) S 3839 0 0 0 -1 4194624 71730 0 0 0 239 179 0 0 0 -20 72 0 5726462 8041996288 108804 18446744073709551615 366749931028 366749996752 549081222608 0 0 0 4612 0 1619039482 0 0 0 17 2 0 0 0 0 0 366750007688 366750007848 366875578368 549081225842 549081225889 549081225889 549081227233 0
T 57273.52
P 5799 3839 20010056 appspawn-x
5799 (com.a2hlab.brid) S 3839 0 0 0 -1 4194624 71770 0 0 0 241 182 0 0 0 -20 72 0 5726462 8041996288 107781 18446744073709551615 366749931028 366749996752 549081222608 0 0 0 4612 0 1619039482 0 0 0 17 2 0 0 0 0 0 366750007688 366750007848 366875578368 549081225842 549081225889 549081225889 549081227233 0
T 57273.72
P 5799 3839 20010056 appspawn-x
5799 (com.a2hlab.brid) S 3839 0 0 0 -1 4194624 71814 0 0 0 243 185 0 0 0 -20 72 0 5726462 8041996288 108870 18446744073709551615 366749931028 366749996752 549081222608 0 0 0 4612 0 1619039482 0 0 0 17 2 0 0 0 0 0 366750007688 366750007848 366875578368 549081225842 549081225889 549081225889 549081227233 0
T 57273.92
P 5799 3839 20010056 appspawn-x
5799 (com.a2hlab.brid) S 3839 0 0 0 -1 4194624 71854 0 0 0 245 187 0 0 0 -20 72 0 5726462 8041996288 108871 18446744073709551615 366749931028 366749996752 549081222608 0 0 0 4612 0 1619039482 0 0 0 17 2 0 0 0 0 0 366750007688 366750007848 366875578368 549081225842 549081225889 549081225889 549081227233 0
T 57274.12
P 5799 3839 20010056 appspawn-x
5799 (com.a2hlab.brid) S 3839 0 0 0 -1 4194624 71898 0 0 0 248 188 0 0 0 -20 72 0 5726462 8041996288 107912 18446744073709551615 366749931028 366749996752 549081222608 0 0 0 4612 0 1619039482 0 0 0 17 2 0 0 0 0 0 366750007688 366750007848 366875578368 549081225842 549081225889 549081225889 549081227233 0
T 57274.30
P 5799 3839 20010056 appspawn-x
5799 (com.a2hlab.brid) S 3839 0 0 0 -1 4194624 71946 0 0 0 249 190 0 0 0 -20 72 0 5726462 8050614272 108424 18446744073709551615 366749931028 366749996752 549081222608 0 0 0 4612 0 1619039482 0 0 0 17 2 0 0 0 0 0 366750007688 366750007848 366875578368 549081225842 549081225889 549081225889 549081227233 0
T 57274.48
P 5799 3839 20010056 appspawn-x
5799 (com.a2hlab.brid) S 3839 0 0 0 -1 4194624 71981 0 0 0 252 191 0 0 0 -20 72 0 5726462 8041996288 107979 18446744073709551615 366749931028 366749996752 549081222608 0 0 0 4612 0 1619039482 0 0 0 17 2 0 0 0 0 0 366750007688 366750007848 366875578368 549081225842 549081225889 549081225889 549081227233 0
T 57274.66
P 5799 3839 20010056 appspawn-x
5799 (com.a2hlab.brid) S 3839 0 0 0 -1 4194624 72014 0 0 0 254 193 0 0 0 -20 72 0 5726462 8041996288 107978 18446744073709551615 366749931028 366749996752 549081222608 0 0 0 4612 0 1619039482 0 0 0 17 2 0 0 0 0 0 366750007688 366750007848 366875578368 549081225842 549081225889 549081225889 549081227233 0
T 57274.85
P 5799 3839 20010056 appspawn-x
5799 (com.a2hlab.brid) S 3839 0 0 0 -1 4194624 72048 0 0 0 255 195 0 0 0 -20 72 0 5726462 8041996288 108044 18446744073709551615 366749931028 366749996752 549081222608 0 0 0 4612 0 1619039482 0 0 0 17 2 0 0 0 0 0 366750007688 366750007848 366875578368 549081225842 549081225889 549081225889 549081227233 0
T 57275.01
P 5799 3839 20010056 appspawn-x
5799 (com.a2hlab.brid) S 3839 0 0 0 -1 4194624 72089 0 0 0 257 197 0 0 0 -20 72 0 5726462 8041996288 109069 18446744073709551615 366749931028 366749996752 549081222608 0 0 0 4612 0 1619039482 0 0 0 17 2 0 0 0 0 0 366750007688 366750007848 366875578368 549081225842 549081225889 549081225889 549081227233 0
T 57275.18
P 5799 3839 20010056 appspawn-x
5799 (com.a2hlab.brid) S 3839 0 0 0 -1 4194624 72123 0 0 0 258 199 0 0 0 -20 72 0 5726462 8041996288 108110 18446744073709551615 366749931028 366749996752 549081222608 0 0 0 4612 0 1619039482 0 0 0 17 2 0 0 0 0 0 366750007688 366750007848 366875578368 549081225842 549081225889 549081225889 549081227233 0
T 57275.36
P 5799 3839 20010056 appspawn-x
5799 (com.a2hlab.brid) S 3839 0 0 0 -1 4194624 72156 0 0 0 260 201 0 0 0 -20 72 0 5726462 8041996288 108110 18446744073709551615 366749931028 366749996752 549081222608 0 0 0 4612 0 1619039482 0 0 0 17 2 0 0 0 0 0 366750007688 366750007848 366875578368 549081225842 549081225889 549081225889 549081227233 0
T 57275.54
P 5799 3839 20010056 appspawn-x
5799 (com.a2hlab.brid) S 3839 0 0 0 -1 4194624 72197 0 0 0 262 204 0 0 0 -20 72 0 5726462 8041996288 108111 18446744073709551615 366749931028 366749996752 549081222608 0 0 0 4612 0 1619039482 0 0 0 17 2 0 0 0 0 0 366750007688 366750007848 366875578368 549081225842 549081225889 549081225889 549081227233 0
T 57275.74
P 5799 3839 20010056 appspawn-x
5799 (com.a2hlab.brid) S 3839 0 0 0 -1 4194624 72237 0 0 0 264 206 0 0 0 -20 72 0 5726462 8050610176 108688 18446744073709551615 366749931028 366749996752 549081222608 0 0 0 4612 0 1619039482 0 0 0 17 2 0 0 0 0 0 366750007688 366750007848 366875578368 549081225842 549081225889 549081225889 549081227233 0
T 57275.92
P 5799 3839 20010056 appspawn-x
5799 (com.a2hlab.brid) S 3839 0 0 0 -1 4194624 72271 0 0 0 266 207 0 0 0 -20 72 0 5726462 8041996288 108176 18446744073709551615 366749931028 366749996752 549081222608 0 0 0 4612 0 1619039482 0 0 0 17 2 0 0 0 0 0 366750007688 366750007848 366875578368 549081225842 549081225889 549081225889 549081227233 0
T 57276.10
P 5799 3839 20010056 appspawn-x
5799 (com.a2hlab.brid) S 3839 0 0 0 -1 4194624 72304 0 0 0 269 208 0 0 0 -20 72 0 5726462 8041996288 108243 18446744073709551615 366749931028 366749996752 549081222608 0 0 0 4612 0 1619039482 0 0 0 17 2 0 0 0 0 0 366750007688 366750007848 366875578368 549081225842 549081225889 549081225889 549081227233 0
T 57276.27
P 5799 3839 20010056 appspawn-x
5799 (com.a2hlab.brid) S 3839 0 0 0 -1 4194624 72338 0 0 0 271 209 0 0 0 -20 72 0 5726462 8041996288 108242 18446744073709551615 366749931028 366749996752 549081222608 0 0 0 4612 0 1619039482 0 0 0 17 2 0 0 0 0 0 366750007688 366750007848 366875578368 549081225842 549081225889 549081225889 549081227233 0
T 57276.43
P 5799 3839 20010056 appspawn-x
5799 (com.a2hlab.brid) S 3839 0 0 0 -1 4194624 72371 0 0 0 274 210 0 0 0 -20 72 0 5726462 8041996288 108308 18446744073709551615 366749931028 366749996752 549081222608 0 0 0 4612 0 1619039482 0 0 0 17 2 0 0 0 0 0 366750007688 366750007848 366875578368 549081225842 549081225889 549081225889 549081227233 0
T 57276.61
P 5799 3839 20010056 appspawn-x
5799 (com.a2hlab.brid) S 3839 0 0 0 -1 4194624 72406 0 0 0 275 212 0 0 0 -20 72 0 5726462 8041996288 108308 18446744073709551615 366749931028 366749996752 549081222608 0 0 0 4612 0 1619039482 0 0 0 17 2 0 0 0 0 0 366750007688 366750007848 366875578368 549081225842 549081225889 549081225889 549081227233 0
T 57276.77
P 5799 3839 20010056 appspawn-x
5799 (com.a2hlab.brid) S 3839 0 0 0 -1 4194624 72440 0 0 0 277 214 0 0 0 -20 72 0 5726462 8041996288 108375 18446744073709551615 366749931028 366749996752 549081222608 0 0 0 4612 0 1619039482 0 0 0 17 2 0 0 0 0 0 366750007688 366750007848 366875578368 549081225842 549081225889 549081225889 549081227233 0
T 57276.93
P 5799 3839 20010056 appspawn-x
5799 (com.a2hlab.brid) S 3839 0 0 0 -1 4194624 72474 0 0 0 279 215 0 0 0 -20 72 0 5726462 8041996288 108374 18446744073709551615 366749931028 366749996752 549081222608 0 0 0 4612 0 1619039482 0 0 0 17 2 0 0 0 0 0 366750007688 366750007848 366875578368 549081225842 549081225889 549081225889 549081227233 0
T 57277.10
P 5799 3839 20010056 appspawn-x
5799 (com.a2hlab.brid) S 3839 0 0 0 -1 4194624 72507 0 0 0 281 217 0 0 0 -20 72 0 5726462 8041996288 108374 18446744073709551615 366749931028 366749996752 549081222608 0 0 0 4612 0 1619039482 0 0 0 17 2 0 0 0 0 0 366750007688 366750007848 366875578368 549081225842 549081225889 549081225889 549081227233 0
T 57277.26
P 5799 3839 20010056 appspawn-x
5799 (com.a2hlab.brid) S 3839 0 0 0 -1 4194624 72541 0 0 0 281 219 0 0 0 -20 72 0 5726462 8041996288 109464 18446744073709551615 366749931028 366749996752 549081222608 0 0 0 4612 0 1619039482 0 0 0 17 2 0 0 0 0 0 366750007688 366750007848 366875578368 549081225842 549081225889 549081225889 549081227233 0
T 57277.42
P 5799 3839 20010056 appspawn-x
5799 (com.a2hlab.brid) S 3839 0 0 0 -1 4194624 72567 0 0 0 283 221 0 0 0 -20 72 0 5726462 8041996288 108440 18446744073709551615 366749931028 366749996752 549081222608 0 0 0 4612 0 1619039482 0 0 0 17 2 0 0 0 0 0 366750007688 366750007848 366875578368 549081225842 549081225889 549081225889 549081227233 0
T 57277.58
P 5799 3839 20010056 appspawn-x
5799 (com.a2hlab.brid) S 3839 0 0 0 -1 4194624 72604 0 0 0 284 224 0 0 0 -20 72 0 5726462 8041996288 108506 18446744073709551615 366749931028 366749996752 549081222608 0 0 0 4612 0 1619039482 0 0 0 17 2 0 0 0 0 0 366750007688 366750007848 366875578368 549081225842 549081225889 549081225889 549081227233 0
T 57277.75
P 5799 3839 20010056 appspawn-x
5799 (com.a2hlab.brid) S 3839 0 0 0 -1 4194624 72638 0 0 0 284 226 0 0 0 -20 72 0 5726462 8041996288 108505 18446744073709551615 366749931028 366749996752 549081222608 0 0 0 4612 0 1619039482 0 0 0 17 2 0 0 0 0 0 366750007688 366750007848 366875578368 549081225842 549081225889 549081225889 549081227233 0
T 57277.91
P 5799 3839 20010056 appspawn-x
5799 (com.a2hlab.brid) S 3839 0 0 0 -1 4194624 72678 0 0 0 287 228 0 0 0 -20 72 0 5726462 8041996288 108571 18446744073709551615 366749931028 366749996752 549081222608 0 0 0 4612 0 1619039482 0 0 0 17 2 0 0 0 0 0 366750007688 366750007848 366875578368 549081225842 549081225889 549081225889 549081227233 0
T 57278.10
P 5799 3839 20010056 appspawn-x
5799 (com.a2hlab.brid) S 3839 0 0 0 -1 4194624 72713 0 0 0 290 229 0 0 0 -20 72 0 5726462 8041996288 108572 18446744073709551615 366749931028 366749996752 549081222608 0 0 0 4612 0 1619039482 0 0 0 17 2 0 0 0 0 0 366750007688 366750007848 366875578368 549081225842 549081225889 549081225889 549081227233 0
T 57278.28
P 5799 3839 20010056 appspawn-x
5799 (com.a2hlab.brid) S 3839 0 0 0 -1 4194624 72749 0 0 0 292 230 0 0 0 -20 72 0 5726462 8041996288 108571 18446744073709551615 366749931028 366749996752 549081222608 0 0 0 4612 0 1619039482 0 0 0 17 2 0 0 0 0 0 366750007688 366750007848 366875578368 549081225842 549081225889 549081225889 549081227233 0
T 57278.45
P 5799 3839 20010056 appspawn-x
5799 (com.a2hlab.brid) S 3839 0 0 0 -1 4194624 72788 0 0 0 295 232 0 0 0 -20 72 0 5726462 8041996288 108636 18446744073709551615 366749931028 366749996752 549081222608 0 0 0 4612 0 1619039482 0 0 0 17 2 0 0 0 0 0 366750007688 366750007848 366875578368 549081225842 549081225889 549081225889 549081227233 0
T 57278.64
P 5799 3839 20010056 appspawn-x
5799 (com.a2hlab.brid) S 3839 0 0 0 -1 4194624 72831 0 0 0 297 234 0 0 0 -20 72 0 5726462 8041996288 109660 18446744073709551615 366749931028 366749996752 549081222608 0 0 0 4612 0 1619039482 0 0 0 17 2 0 0 0 0 0 366750007688 366750007848 366875578368 549081225842 549081225889 549081225889 549081227233 0
T 57278.82
P 5799 3839 20010056 appspawn-x
5799 (com.a2hlab.brid) S 3839 0 0 0 -1 4194624 72872 0 0 0 299 236 0 0 0 -20 72 0 5726462 8041996288 109213 18446744073709551615 366749931028 366749996752 549081222608 0 0 0 4612 0 1619039482 0 0 0 17 2 0 0 0 0 0 366750007688 366750007848 366875578368 549081225842 549081225889 549081225889 549081227233 0
T 57279.02
P 5799 3839 20010056 appspawn-x
5799 (com.a2hlab.brid) S 3839 0 0 0 -1 4194624 72914 0 0 0 301 239 0 0 0 -20 72 0 5726462 8041996288 108768 18446744073709551615 366749931028 366749996752 549081222608 0 0 0 4612 0 1619039482 0 0 0 17 2 0 0 0 0 0 366750007688 366750007848 366875578368 549081225842 549081225889 549081225889 549081227233 0
T 57279.22
P 5799 3839 20010056 appspawn-x
5799 (com.a2hlab.brid) S 3839 0 0 0 -1 4194624 72949 0 0 0 302 241 0 0 0 -20 72 0 5726462 8041996288 108767 18446744073709551615 366749931028 366749996752 549081222608 0 0 0 4612 0 1619039482 0 0 0 17 2 0 0 0 0 0 366750007688 366750007848 366875578368 549081225842 549081225889 549081225889 549081227233 0
T 57279.40
P 5799 3839 20010056 appspawn-x
5799 (com.a2hlab.brid) S 3839 0 0 0 -1 4194624 72990 0 0 0 303 244 0 0 0 -20 72 0 5726462 8041996288 108768 18446744073709551615 366749931028 366749996752 549081222608 0 0 0 4612 0 1619039482 0 0 0 17 2 0 0 0 0 0 366750007688 366750007848 366875578368 549081225842 549081225889 549081225889 549081227233 0
T 57279.60
P 5799 3839 20010056 appspawn-x
5799 (com.a2hlab.brid) S 3839 0 0 0 -1 4194624 73026 0 0 0 306 245 0 0 0 -20 72 0 5726462 8041996288 109857 18446744073709551615 366749931028 366749996752 549081222608 0 0 0 4612 0 1619039482 0 0 0 17 2 0 0 0 0 0 366750007688 366750007848 366875578368 549081225842 549081225889 549081225889 549081227233 0
T 57279.76
P 5799 3839 20010056 appspawn-x
5799 (com.a2hlab.brid) S 3839 0 0 0 -1 4194624 73053 0 0 0 308 246 0 0 0 -20 72 0 5726462 8041996288 108833 18446744073709551615 366749931028 366749996752 549081222608 0 0 0 4612 0 1619039482 0 0 0 17 2 0 0 0 0 0 366750007688 366750007848 366875578368 549081225842 549081225889 549081225889 549081227233 0
T 57279.91
P 5799 3839 20010056 appspawn-x
5799 (com.a2hlab.brid) S 3839 0 0 0 -1 4194624 73094 0 0 0 309 249 0 0 0 -20 72 0 5726462 8050614272 109411 18446744073709551615 366749931028 366749996752 549081222608 0 0 0 4612 0 1619039482 0 0 0 17 2 0 0 0 0 0 366750007688 366750007848 366875578368 549081225842 549081225889 549081225889 549081227233 0
T 57280.09
P 5799 3839 20010056 appspawn-x
5799 (com.a2hlab.brid) S 3839 0 0 0 -1 4194624 73128 0 0 0 310 251 0 0 0 -20 72 0 5726462 8041996288 108900 18446744073709551615 366749931028 366749996752 549081222608 0 0 0 4612 0 1619039482 0 0 0 17 2 0 0 0 0 0 366750007688 366750007848 366875578368 549081225842 549081225889 549081225889 549081227233 0
T 57280.28
P 5799 3839 20010056 appspawn-x
5799 (com.a2hlab.brid) S 3839 0 0 0 -1 4194624 73168 0 0 0 312 254 0 0 0 -20 72 0 5726462 8041996288 109477 18446744073709551615 366749931028 366749996752 549081222608 0 0 0 4612 0 1619039482 0 0 0 17 2 0 0 0 0 0 366750007688 366750007848 366875578368 549081225842 549081225889 549081225889 549081227233 0
