T 10212.50
T 10212.68
T 10212.86
P 11548 13161 20010055 appspawn-x
11548 (mple.helloworld) R 13161 0 0 0 -1 4194624 248 0 0 0 7 3 0 0 0 -20 1 0 1021286 2197676032 1617 18446744073709551615 366870431252 366870496976 549156205216 0 0 0 0 4096 1073775866 0 0 0 17 7 0 0 0 0 0 366870507912 366870508072 367424618496 549156207218 549156207265 549156207265 549156208609 0
T 10213.11
P 11548 13161 20010055 appspawn-x
11548 (mple.helloworld) R 13161 0 0 0 -1 4194624 8430 0 0 0 15 12 0 0 0 -20 1 0 1021286 2456219648 14012 18446744073709551615 366870431252 366870496976 549156205216 0 0 0 0 4096 1073775866 0 0 0 17 5 0 0 0 0 0 366870507912 366870508072 367424618496 549156207218 549156207265 549156207265 549156208609 0
T 10213.29
P 11548 13161 20010055 appspawn-x
11548 (main) R 13161 0 0 0 -1 4194624 14421 0 0 0 21 21 0 0 0 -20 10 0 1021286 3372507136 20081 18446744073709551615 366870431252 366870496976 549156205216 0 0 0 4612 0 1073779962 0 0 0 17 4 0 0 0 0 0 366870507912 366870508072 367424618496 549156207218 549156207265 549156207265 549156208609 0
T 10213.48
P 11548 13161 20010055 appspawn-x
11548 (main) R 13161 0 0 0 -1 4194624 16647 0 2 0 31 27 0 0 0 -20 10 0 1021286 3520974848 26024 18446744073709551615 366870431252 366870496976 549156205216 0 0 0 4612 0 1073779962 0 0 0 17 7 0 0 0 0 0 366870507912 366870508072 367424618496 549156207218 549156207265 549156207265 549156208609 0
T 10213.64
P 11548 13161 20010055 appspawn-x
11548 (main) R 13161 0 0 0 -1 4194624 20163 0 3 0 41 33 0 0 0 -20 10 0 1021286 3578744832 43803 18446744073709551615 366870431252 366870496976 549156205216 0 0 0 4612 0 1073779962 0 0 0 17 7 0 0 0 0 0 366870507912 366870508072 367424618496 549156207218 549156207265 549156207265 549156208609 0
T 10213.82
P 11548 13161 20010055 appspawn-x
11548 (com.example.hel) R 13161 0 0 0 -1 4194624 22217 0 4 0 52 38 0 0 0 -20 12 0 1021286 3691687936 51045 18446744073709551615 366870431252 366870496976 549156205216 0 0 0 4612 0 1073779962 0 0 0 17 7 0 0 0 0 0 366870507912 366870508072 367424618496 549156207218 549156207265 549156207265 549156208609 0
T 10213.98
P 11548 13161 20010055 appspawn-x
11548 (com.example.hel) R 13161 0 0 0 -1 4194624 31793 0 4 0 60 47 0 0 0 -20 12 0 1021286 3725770752 59887 18446744073709551615 366870431252 366870496976 549156205216 0 0 0 4612 0 1073779962 0 0 0 17 7 0 0 0 0 0 366870507912 366870508072 367424618496 549156207218 549156207265 549156207265 549156208609 0
T 10214.16
P 11548 13161 20010055 appspawn-x
11548 (com.example.hel) R 13161 0 0 0 -1 4194624 37841 0 4 0 72 51 0 0 0 -20 12 0 1021286 3744186368 64358 18446744073709551615 366870431252 366870496976 549156205216 0 0 0 4612 0 1073779962 0 0 0 17 7 0 0 0 0 0 366870507912 366870508072 367424618496 549156207218 549156207265 549156207265 549156208609 0
T 10214.32
P 11548 13161 20010055 appspawn-x
11548 (com.example.hel) R 13161 0 0 0 -1 1077936448 40130 0 4 0 85 59 0 0 0 -20 13 0 1021286 3778060288 58138 18446744073709551615 366870431252 366870496976 549156205216 0 0 0 4612 0 1073779962 0 0 0 17 7 0 0 0 0 0 366870507912 366870508072 367424618496 549156207218 549156207265 549156207265 549156208609 0
T 10214.51
P 11548 13161 20010055 appspawn-x
11548 (com.example.hel) S 13161 0 0 0 -1 1077936448 41194 0 4 0 90 65 0 0 0 -20 18 0 1021286 3822354432 62715 18446744073709551615 366870431252 366870496976 549156205216 0 0 0 4612 0 1073779962 0 0 0 17 4 0 0 0 0 0 366870507912 366870508072 367424618496 549156207218 549156207265 549156207265 549156208609 0
T 10214.67
P 11548 13161 20010055 appspawn-x
11548 (com.example.hel) S 13161 0 0 0 -1 1077936448 45468 0 4 0 97 76 0 0 0 -20 32 0 1021286 3990216704 70744 18446744073709551615 366870431252 366870496976 549156205216 0 0 0 4612 0 1073779962 0 0 0 17 2 0 0 0 0 0 366870507912 366870508072 367424618496 549156207218 549156207265 549156207265 549156208609 0
T 10214.84
P 11548 13161 20010055 appspawn-x
11548 (com.example.hel) S 13161 0 0 0 -1 4194624 46151 0 4 0 101 79 0 0 0 -20 33 0 1021286 4035903488 71097 18446744073709551615 366870431252 366870496976 549156205216 0 0 0 4612 0 1073779962 0 0 0 17 2 0 0 0 0 0 366870507912 366870508072 367424618496 549156207218 549156207265 549156207265 549156208609 0
T 10215.03
P 11548 13161 20010055 appspawn-x
11548 (com.example.hel) S 13161 0 0 0 -1 4194624 46163 0 4 0 101 79 0 0 0 -20 33 0 1021286 4035903488 71097 18446744073709551615 366870431252 366870496976 549156205216 0 0 0 4612 0 1073779962 0 0 0 17 2 0 0 0 0 0 366870507912 366870508072 367424618496 549156207218 549156207265 549156207265 549156208609 0
T 10215.22
P 11548 13161 20010055 appspawn-x
11548 (com.example.hel) S 13161 0 0 0 -1 4194624 46163 0 4 0 101 79 0 0 0 -20 33 0 1021286 4035375104 71030 18446744073709551615 366870431252 366870496976 549156205216 0 0 0 4612 0 1073779962 0 0 0 17 2 0 0 0 0 0 366870507912 366870508072 367424618496 549156207218 549156207265 549156207265 549156208609 0
T 10215.38
P 11548 13161 20010055 appspawn-x
11548 (com.example.hel) S 13161 0 0 0 -1 4194624 46163 0 4 0 101 80 0 0 0 -20 33 0 1021286 4035067904 70964 18446744073709551615 366870431252 366870496976 549156205216 0 0 0 4612 0 1073779962 0 0 0 17 4 0 0 0 0 0 366870507912 366870508072 367424618496 549156207218 549156207265 549156207265 549156208609 0
T 10215.58
P 11548 13161 20010055 appspawn-x
11548 (com.example.hel) S 13161 0 0 0 -1 4194624 46163 0 4 0 101 80 0 0 0 -20 33 0 1021286 4034658304 70923 18446744073709551615 366870431252 366870496976 549156205216 0 0 0 4612 0 1073779962 0 0 0 17 4 0 0 0 0 0 366870507912 366870508072 367424618496 549156207218 549156207265 549156207265 549156208609 0
T 10215.78
P 11548 13161 20010055 appspawn-x
11548 (com.example.hel) S 13161 0 0 0 -1 4194624 46163 0 4 0 101 80 0 0 0 -20 33 0 1021286 4034650112 70923 18446744073709551615 366870431252 366870496976 549156205216 0 0 0 4612 0 1073779962 0 0 0 17 4 0 0 0 0 0 366870507912 366870508072 367424618496 549156207218 549156207265 549156207265 549156208609 0
T 10215.96
P 11548 13161 20010055 appspawn-x
11548 (com.example.hel) S 13161 0 0 0 -1 4194624 46173 0 4 0 101 80 0 0 0 -20 33 0 1021286 4034650112 70923 18446744073709551615 366870431252 366870496976 549156205216 0 0 0 4612 0 1073779962 0 0 0 17 4 0 0 0 0 0 366870507912 366870508072 367424618496 549156207218 549156207265 549156207265 549156208609 0
T 10216.14
P 11548 13161 20010055 appspawn-x
11548 (com.example.hel) S 13161 0 0 0 -1 4194624 46173 0 4 0 101 80 0 0 0 -20 33 0 1021286 4034650112 70923 18446744073709551615 366870431252 366870496976 549156205216 0 0 0 4612 0 1073779962 0 0 0 17 4 0 0 0 0 0 366870507912 366870508072 367424618496 549156207218 549156207265 549156207265 549156208609 0
T 10216.32
P 11548 13161 20010055 appspawn-x
11548 (com.example.hel) S 13161 0 0 0 -1 4194624 46174 0 4 0 101 80 0 0 0 -20 33 0 1021286 4034650112 70923 18446744073709551615 366870431252 366870496976 549156205216 0 0 0 4612 0 1073779962 0 0 0 17 4 0 0 0 0 0 366870507912 366870508072 367424618496 549156207218 549156207265 549156207265 549156208609 0
T 10216.52
P 11548 13161 20010055 appspawn-x
11548 (com.example.hel) S 13161 0 0 0 -1 4194624 46174 0 4 0 101 80 0 0 0 -20 33 0 1021286 4034650112 70923 18446744073709551615 366870431252 366870496976 549156205216 0 0 0 4612 0 1073779962 0 0 0 17 4 0 0 0 0 0 366870507912 366870508072 367424618496 549156207218 549156207265 549156207265 549156208609 0
T 10216.70
P 11548 13161 20010055 appspawn-x
11548 (com.example.hel) S 13161 0 0 0 -1 4194624 46174 0 4 0 101 80 0 0 0 -20 33 0 1021286 4034650112 70923 18446744073709551615 366870431252 366870496976 549156205216 0 0 0 4612 0 1073779962 0 0 0 17 4 0 0 0 0 0 366870507912 366870508072 367424618496 549156207218 549156207265 549156207265 549156208609 0
T 10216.90
P 11548 13161 20010055 appspawn-x
11548 (com.example.hel) S 13161 0 0 0 -1 4194624 46174 0 4 0 101 80 0 0 0 -20 33 0 1021286 4034650112 70923 18446744073709551615 366870431252 366870496976 549156205216 0 0 0 4612 0 1073779962 0 0 0 17 4 0 0 0 0 0 366870507912 366870508072 367424618496 549156207218 549156207265 549156207265 549156208609 0
T 10217.08
P 11548 13161 20010055 appspawn-x
11548 (com.example.hel) S 13161 0 0 0 -1 4194624 46174 0 4 0 101 80 0 0 0 -20 33 0 1021286 4034650112 70923 18446744073709551615 366870431252 366870496976 549156205216 0 0 0 4612 0 1073779962 0 0 0 17 4 0 0 0 0 0 366870507912 366870508072 367424618496 549156207218 549156207265 549156207265 549156208609 0
T 10217.26
P 11548 13161 20010055 appspawn-x
11548 (com.example.hel) S 13161 0 0 0 -1 4194624 46174 0 4 0 101 80 0 0 0 -20 33 0 1021286 4034650112 70923 18446744073709551615 366870431252 366870496976 549156205216 0 0 0 4612 0 1073779962 0 0 0 17 4 0 0 0 0 0 366870507912 366870508072 367424618496 549156207218 549156207265 549156207265 549156208609 0
T 10217.46
P 11548 13161 20010055 appspawn-x
11548 (com.example.hel) S 13161 0 0 0 -1 4194624 46184 0 4 0 101 80 0 0 0 -20 33 0 1021286 4034650112 70923 18446744073709551615 366870431252 366870496976 549156205216 0 0 0 4612 0 1073779962 0 0 0 17 4 0 0 0 0 0 366870507912 366870508072 367424618496 549156207218 549156207265 549156207265 549156208609 0
T 10217.64
P 11548 13161 20010055 appspawn-x
11548 (com.example.hel) S 13161 0 0 0 -1 4194624 46184 0 4 0 101 80 0 0 0 -20 33 0 1021286 4034650112 70923 18446744073709551615 366870431252 366870496976 549156205216 0 0 0 4612 0 1073779962 0 0 0 17 4 0 0 0 0 0 366870507912 366870508072 367424618496 549156207218 549156207265 549156207265 549156208609 0
T 10217.84
P 11548 13161 20010055 appspawn-x
11548 (com.example.hel) S 13161 0 0 0 -1 4194624 46184 0 4 0 101 80 0 0 0 -20 33 0 1021286 4034650112 70923 18446744073709551615 366870431252 366870496976 549156205216 0 0 0 4612 0 1073779962 0 0 0 17 4 0 0 0 0 0 366870507912 366870508072 367424618496 549156207218 549156207265 549156207265 549156208609 0
T 10218.02
P 11548 13161 20010055 appspawn-x
11548 (com.example.hel) S 13161 0 0 0 -1 4194624 46184 0 4 0 101 80 0 0 0 -20 33 0 1021286 4034650112 70923 18446744073709551615 366870431252 366870496976 549156205216 0 0 0 4612 0 1073779962 0 0 0 17 4 0 0 0 0 0 366870507912 366870508072 367424618496 549156207218 549156207265 549156207265 549156208609 0
T 10218.19
P 11548 13161 20010055 appspawn-x
11548 (com.example.hel) S 13161 0 0 0 -1 4194624 46184 0 4 0 102 80 0 0 0 -20 33 0 1021286 4034650112 70923 18446744073709551615 366870431252 366870496976 549156205216 0 0 0 4612 0 1073779962 0 0 0 17 4 0 0 0 0 0 366870507912 366870508072 367424618496 549156207218 549156207265 549156207265 549156208609 0
T 10218.38
P 11548 13161 20010055 appspawn-x
11548 (com.example.hel) S 13161 0 0 0 -1 4194624 46184 0 4 0 102 80 0 0 0 -20 33 0 1021286 4034650112 70923 18446744073709551615 366870431252 366870496976 549156205216 0 0 0 4612 0 1073779962 0 0 0 17 4 0 0 0 0 0 366870507912 366870508072 367424618496 549156207218 549156207265 549156207265 549156208609 0
T 10218.58
P 11548 13161 20010055 appspawn-x
11548 (com.example.hel) S 13161 0 0 0 -1 4194624 46184 0 4 0 102 80 0 0 0 -20 33 0 1021286 4034650112 70923 18446744073709551615 366870431252 366870496976 549156205216 0 0 0 4612 0 1073779962 0 0 0 17 4 0 0 0 0 0 366870507912 366870508072 367424618496 549156207218 549156207265 549156207265 549156208609 0
T 10218.74
P 11548 13161 20010055 appspawn-x
11548 (com.example.hel) S 13161 0 0 0 -1 4194624 46184 0 4 0 102 80 0 0 0 -20 33 0 1021286 4034650112 70923 18446744073709551615 366870431252 366870496976 549156205216 0 0 0 4612 0 1073779962 0 0 0 17 4 0 0 0 0 0 366870507912 366870508072 367424618496 549156207218 549156207265 549156207265 549156208609 0
T 10218.94
P 11548 13161 20010055 appspawn-x
11548 (com.example.hel) S 13161 0 0 0 -1 4194624 46184 0 4 0 102 80 0 0 0 -20 33 0 1021286 4034650112 70923 18446744073709551615 366870431252 366870496976 549156205216 0 0 0 4612 0 1073779962 0 0 0 17 4 0 0 0 0 0 366870507912 366870508072 367424618496 549156207218 549156207265 549156207265 549156208609 0
T 10219.10
P 11548 13161 20010055 appspawn-x
11548 (com.example.hel) S 13161 0 0 0 -1 4194624 46184 0 4 0 102 80 0 0 0 -20 33 0 1021286 4034650112 70923 18446744073709551615 366870431252 366870496976 549156205216 0 0 0 4612 0 1073779962 0 0 0 17 4 0 0 0 0 0 366870507912 366870508072 367424618496 549156207218 549156207265 549156207265 549156208609 0
T 10219.27
P 11548 13161 20010055 appspawn-x
11548 (com.example.hel) S 13161 0 0 0 -1 4194624 46184 0 4 0 102 80 0 0 0 -20 33 0 1021286 4034650112 70923 18446744073709551615 366870431252 366870496976 549156205216 0 0 0 4612 0 1073779962 0 0 0 17 4 0 0 0 0 0 366870507912 366870508072 367424618496 549156207218 549156207265 549156207265 549156208609 0
T 10219.44
P 11548 13161 20010055 appspawn-x
11548 (com.example.hel) S 13161 0 0 0 -1 4194624 46208 0 4 0 102 80 0 0 0 -20 33 0 1021286 4034650112 70920 18446744073709551615 366870431252 366870496976 549156205216 0 0 0 4612 0 1073779962 0 0 0 17 4 0 0 0 0 0 366870507912 366870508072 367424618496 549156207218 549156207265 549156207265 549156208609 0
T 10219.62
P 11548 13161 20010055 appspawn-x
11548 (com.example.hel) S 13161 0 0 0 -1 4194624 46208 0 4 0 102 80 0 0 0 -20 33 0 1021286 4034650112 70920 18446744073709551615 366870431252 366870496976 549156205216 0 0 0 4612 0 1073779962 0 0 0 17 4 0 0 0 0 0 366870507912 366870508072 367424618496 549156207218 549156207265 549156207265 549156208609 0
T 10219.80
P 11548 13161 20010055 appspawn-x
11548 (com.example.hel) S 13161 0 0 0 -1 4194624 46208 0 4 0 102 80 0 0 0 -20 33 0 1021286 4034650112 70920 18446744073709551615 366870431252 366870496976 549156205216 0 0 0 4612 0 1073779962 0 0 0 17 4 0 0 0 0 0 366870507912 366870508072 367424618496 549156207218 549156207265 549156207265 549156208609 0
T 10220.00
P 11548 13161 20010055 appspawn-x
11548 (com.example.hel) S 13161 0 0 0 -1 4194624 46208 0 4 0 102 80 0 0 0 -20 33 0 1021286 4034650112 70920 18446744073709551615 366870431252 366870496976 549156205216 0 0 0 4612 0 1073779962 0 0 0 17 4 0 0 0 0 0 366870507912 366870508072 367424618496 549156207218 549156207265 549156207265 549156208609 0
T 10220.17
P 11548 13161 20010055 appspawn-x
11548 (com.example.hel) S 13161 0 0 0 -1 4194624 46208 0 4 0 102 80 0 0 0 -20 33 0 1021286 4034650112 70920 18446744073709551615 366870431252 366870496976 549156205216 0 0 0 4612 0 1073779962 0 0 0 17 4 0 0 0 0 0 366870507912 366870508072 367424618496 549156207218 549156207265 549156207265 549156208609 0
T 10220.36
P 11548 13161 20010055 appspawn-x
11548 (com.example.hel) S 13161 0 0 0 -1 4194624 46208 0 4 0 102 80 0 0 0 -20 33 0 1021286 4034650112 70920 18446744073709551615 366870431252 366870496976 549156205216 0 0 0 4612 0 1073779962 0 0 0 17 4 0 0 0 0 0 366870507912 366870508072 367424618496 549156207218 549156207265 549156207265 549156208609 0
T 10220.54
P 11548 13161 20010055 appspawn-x
11548 (com.example.hel) S 13161 0 0 0 -1 4194624 46208 0 4 0 102 80 0 0 0 -20 33 0 1021286 4034650112 70920 18446744073709551615 366870431252 366870496976 549156205216 0 0 0 4612 0 1073779962 0 0 0 17 4 0 0 0 0 0 366870507912 366870508072 367424618496 549156207218 549156207265 549156207265 549156208609 0
T 10220.74
P 11548 13161 20010055 appspawn-x
11548 (com.example.hel) S 13161 0 0 0 -1 4194624 46208 0 4 0 102 80 0 0 0 -20 33 0 1021286 4034650112 70920 18446744073709551615 366870431252 366870496976 549156205216 0 0 0 4612 0 1073779962 0 0 0 17 4 0 0 0 0 0 366870507912 366870508072 367424618496 549156207218 549156207265 549156207265 549156208609 0
T 10220.91
P 11548 13161 20010055 appspawn-x
11548 (com.example.hel) S 13161 0 0 0 -1 4194624 46208 0 4 0 102 80 0 0 0 -20 33 0 1021286 4034650112 70920 18446744073709551615 366870431252 366870496976 549156205216 0 0 0 4612 0 1073779962 0 0 0 17 4 0 0 0 0 0 366870507912 366870508072 367424618496 549156207218 549156207265 549156207265 549156208609 0
T 10221.09
P 11548 13161 20010055 appspawn-x
11548 (com.example.hel) S 13161 0 0 0 -1 4194624 46208 0 4 0 102 80 0 0 0 -20 33 0 1021286 4034650112 70920 18446744073709551615 366870431252 366870496976 549156205216 0 0 0 4612 0 1073779962 0 0 0 17 4 0 0 0 0 0 366870507912 366870508072 367424618496 549156207218 549156207265 549156207265 549156208609 0
T 10221.26
P 11548 13161 20010055 appspawn-x
11548 (com.example.hel) S 13161 0 0 0 -1 4194624 46208 0 4 0 102 80 0 0 0 -20 33 0 1021286 4034650112 70920 18446744073709551615 366870431252 366870496976 549156205216 0 0 0 4612 0 1073779962 0 0 0 17 4 0 0 0 0 0 366870507912 366870508072 367424618496 549156207218 549156207265 549156207265 549156208609 0
T 10221.46
P 11548 13161 20010055 appspawn-x
11548 (com.example.hel) S 13161 0 0 0 -1 4194624 46208 0 4 0 102 80 0 0 0 -20 33 0 1021286 4034650112 70920 18446744073709551615 366870431252 366870496976 549156205216 0 0 0 4612 0 1073779962 0 0 0 17 4 0 0 0 0 0 366870507912 366870508072 367424618496 549156207218 549156207265 549156207265 549156208609 0
T 10221.62
P 11548 13161 20010055 appspawn-x
11548 (com.example.hel) S 13161 0 0 0 -1 4194624 46208 0 4 0 102 80 0 0 0 -20 33 0 1021286 4034650112 70920 18446744073709551615 366870431252 366870496976 549156205216 0 0 0 4612 0 1073779962 0 0 0 17 4 0 0 0 0 0 366870507912 366870508072 367424618496 549156207218 549156207265 549156207265 549156208609 0
T 10221.81
P 11548 13161 20010055 appspawn-x
11548 (com.example.hel) S 13161 0 0 0 -1 4194624 46208 0 4 0 102 80 0 0 0 -20 33 0 1021286 4034650112 70920 18446744073709551615 366870431252 366870496976 549156205216 0 0 0 4612 0 1073779962 0 0 0 17 4 0 0 0 0 0 366870507912 366870508072 367424618496 549156207218 549156207265 549156207265 549156208609 0
T 10222.00
P 11548 13161 20010055 appspawn-x
11548 (com.example.hel) S 13161 0 0 0 -1 4194624 46208 0 4 0 102 80 0 0 0 -20 33 0 1021286 4034650112 70920 18446744073709551615 366870431252 366870496976 549156205216 0 0 0 4612 0 1073779962 0 0 0 17 4 0 0 0 0 0 366870507912 366870508072 367424618496 549156207218 549156207265 549156207265 549156208609 0
T 10222.18
P 11548 13161 20010055 appspawn-x
11548 (com.example.hel) S 13161 0 0 0 -1 4194624 46208 0 4 0 102 80 0 0 0 -20 33 0 1021286 4034650112 70920 18446744073709551615 366870431252 366870496976 549156205216 0 0 0 4612 0 1073779962 0 0 0 17 4 0 0 0 0 0 366870507912 366870508072 367424618496 549156207218 549156207265 549156207265 549156208609 0
T 10222.35
P 11548 13161 20010055 appspawn-x
11548 (com.example.hel) S 13161 0 0 0 -1 4194624 46208 0 4 0 102 80 0 0 0 -20 33 0 1021286 4034650112 70920 18446744073709551615 366870431252 366870496976 549156205216 0 0 0 4612 0 1073779962 0 0 0 17 4 0 0 0 0 0 366870507912 366870508072 367424618496 549156207218 549156207265 549156207265 549156208609 0
T 10222.53
P 11548 13161 20010055 appspawn-x
11548 (com.example.hel) S 13161 0 0 0 -1 4194624 46273 0 4 0 103 81 0 0 0 -20 33 0 1021286 4034650112 71093 18446744073709551615 366870431252 366870496976 549156205216 0 0 0 4612 0 1073779962 0 0 0 17 2 0 0 0 0 0 366870507912 366870508072 367424618496 549156207218 549156207265 549156207265 549156208609 0
T 10222.72
P 11548 13161 20010055 appspawn-x
11548 (com.example.hel) S 13161 0 0 0 -1 4194624 46273 0 4 0 103 81 0 0 0 -20 33 0 1021286 4034650112 71093 18446744073709551615 366870431252 366870496976 549156205216 0 0 0 4612 0 1073779962 0 0 0 17 2 0 0 0 0 0 366870507912 366870508072 367424618496 549156207218 549156207265 549156207265 549156208609 0
T 10222.90
P 11548 13161 20010055 appspawn-x
11548 (com.example.hel) S 13161 0 0 0 -1 4194624 46273 0 4 0 103 81 0 0 0 -20 33 0 1021286 4034650112 71093 18446744073709551615 366870431252 366870496976 549156205216 0 0 0 4612 0 1073779962 0 0 0 17 2 0 0 0 0 0 366870507912 366870508072 367424618496 549156207218 549156207265 549156207265 549156208609 0
T 10223.07
P 11548 13161 20010055 appspawn-x
11548 (com.example.hel) S 13161 0 0 0 -1 4194624 46273 0 4 0 103 81 0 0 0 -20 33 0 1021286 4034650112 71093 18446744073709551615 366870431252 366870496976 549156205216 0 0 0 4612 0 1073779962 0 0 0 17 2 0 0 0 0 0 366870507912 366870508072 367424618496 549156207218 549156207265 549156207265 549156208609 0
T 10223.26
P 11548 13161 20010055 appspawn-x
11548 (com.example.hel) S 13161 0 0 0 -1 4194624 46273 0 4 0 103 81 0 0 0 -20 33 0 1021286 4034650112 71093 18446744073709551615 366870431252 366870496976 549156205216 0 0 0 4612 0 1073779962 0 0 0 17 2 0 0 0 0 0 366870507912 366870508072 367424618496 549156207218 549156207265 549156207265 549156208609 0
T 10223.44
P 11548 13161 20010055 appspawn-x
11548 (com.example.hel) S 13161 0 0 0 -1 4194624 46273 0 4 0 103 81 0 0 0 -20 33 0 1021286 4034650112 71093 18446744073709551615 366870431252 366870496976 549156205216 0 0 0 4612 0 1073779962 0 0 0 17 2 0 0 0 0 0 366870507912 366870508072 367424618496 549156207218 549156207265 549156207265 549156208609 0
T 10223.62
P 11548 13161 20010055 appspawn-x
11548 (com.example.hel) S 13161 0 0 0 -1 4194624 46273 0 4 0 103 81 0 0 0 -20 33 0 1021286 4034650112 71093 18446744073709551615 366870431252 366870496976 549156205216 0 0 0 4612 0 1073779962 0 0 0 17 2 0 0 0 0 0 366870507912 366870508072 367424618496 549156207218 549156207265 549156207265 549156208609 0
T 10223.82
P 11548 13161 20010055 appspawn-x
11548 (com.example.hel) S 13161 0 0 0 -1 4194624 46273 0 4 0 103 81 0 0 0 -20 33 0 1021286 4034650112 71093 18446744073709551615 366870431252 366870496976 549156205216 0 0 0 4612 0 1073779962 0 0 0 17 2 0 0 0 0 0 366870507912 366870508072 367424618496 549156207218 549156207265 549156207265 549156208609 0
T 10224.02
P 11548 13161 20010055 appspawn-x
11548 (com.example.hel) S 13161 0 0 0 -1 4194624 46273 0 4 0 103 81 0 0 0 -20 33 0 1021286 4034650112 71093 18446744073709551615 366870431252 366870496976 549156205216 0 0 0 4612 0 1073779962 0 0 0 17 2 0 0 0 0 0 366870507912 366870508072 367424618496 549156207218 549156207265 549156207265 549156208609 0
T 10224.20
P 11548 13161 20010055 appspawn-x
11548 (com.example.hel) S 13161 0 0 0 -1 4194624 46273 0 4 0 103 81 0 0 0 -20 33 0 1021286 4034650112 71093 18446744073709551615 366870431252 366870496976 549156205216 0 0 0 4612 0 1073779962 0 0 0 17 2 0 0 0 0 0 366870507912 366870508072 367424618496 549156207218 549156207265 549156207265 549156208609 0
T 10224.39
P 11548 13161 20010055 appspawn-x
11548 (com.example.hel) S 13161 0 0 0 -1 4194624 46273 0 4 0 103 81 0 0 0 -20 33 0 1021286 4034650112 71093 18446744073709551615 366870431252 366870496976 549156205216 0 0 0 4612 0 1073779962 0 0 0 17 2 0 0 0 0 0 366870507912 366870508072 367424618496 549156207218 549156207265 549156207265 549156208609 0
T 10224.58
P 11548 13161 20010055 appspawn-x
11548 (com.example.hel) S 13161 0 0 0 -1 4194624 46273 0 4 0 103 81 0 0 0 -20 33 0 1021286 4034650112 71093 18446744073709551615 366870431252 366870496976 549156205216 0 0 0 4612 0 1073779962 0 0 0 17 2 0 0 0 0 0 366870507912 366870508072 367424618496 549156207218 549156207265 549156207265 549156208609 0
T 10224.76
P 11548 13161 20010055 appspawn-x
11548 (com.example.hel) S 13161 0 0 0 -1 4194624 46273 0 4 0 103 81 0 0 0 -20 33 0 1021286 4034650112 71093 18446744073709551615 366870431252 366870496976 549156205216 0 0 0 4612 0 1073779962 0 0 0 17 2 0 0 0 0 0 366870507912 366870508072 367424618496 549156207218 549156207265 549156207265 549156208609 0
T 10224.93
P 11548 13161 20010055 appspawn-x
11548 (com.example.hel) S 13161 0 0 0 -1 4194624 46273 0 4 0 103 81 0 0 0 -20 33 0 1021286 4034650112 71093 18446744073709551615 366870431252 366870496976 549156205216 0 0 0 4612 0 1073779962 0 0 0 17 2 0 0 0 0 0 366870507912 366870508072 367424618496 549156207218 549156207265 549156207265 549156208609 0
T 10225.12
P 11548 13161 20010055 appspawn-x
11548 (com.example.hel) S 13161 0 0 0 -1 4194624 46273 0 4 0 103 81 0 0 0 -20 33 0 1021286 4034650112 71093 18446744073709551615 366870431252 366870496976 549156205216 0 0 0 4612 0 1073779962 0 0 0 17 2 0 0 0 0 0 366870507912 366870508072 367424618496 549156207218 549156207265 549156207265 549156208609 0
T 10225.30
P 11548 13161 20010055 appspawn-x
11548 (com.example.hel) S 13161 0 0 0 -1 4194624 46273 0 4 0 103 81 0 0 0 -20 33 0 1021286 4034650112 71093 18446744073709551615 366870431252 366870496976 549156205216 0 0 0 4612 0 1073779962 0 0 0 17 2 0 0 0 0 0 366870507912 366870508072 367424618496 549156207218 549156207265 549156207265 549156208609 0
T 10225.47
P 11548 13161 20010055 appspawn-x
11548 (com.example.hel) S 13161 0 0 0 -1 4194624 46273 0 4 0 103 81 0 0 0 -20 33 0 1021286 4034650112 71093 18446744073709551615 366870431252 366870496976 549156205216 0 0 0 4612 0 1073779962 0 0 0 17 2 0 0 0 0 0 366870507912 366870508072 367424618496 549156207218 549156207265 549156207265 549156208609 0
T 10225.66
P 11548 13161 20010055 appspawn-x
11548 (com.example.hel) S 13161 0 0 0 -1 4194624 46273 0 4 0 103 81 0 0 0 -20 33 0 1021286 4034650112 71093 18446744073709551615 366870431252 366870496976 549156205216 0 0 0 4612 0 1073779962 0 0 0 17 2 0 0 0 0 0 366870507912 366870508072 367424618496 549156207218 549156207265 549156207265 549156208609 0
T 10225.83
P 11548 13161 20010055 appspawn-x
11548 (com.example.hel) S 13161 0 0 0 -1 4194624 46273 0 4 0 103 81 0 0 0 -20 33 0 1021286 4034650112 71093 18446744073709551615 366870431252 366870496976 549156205216 0 0 0 4612 0 1073779962 0 0 0 17 2 0 0 0 0 0 366870507912 366870508072 367424618496 549156207218 549156207265 549156207265 549156208609 0
T 10226.00
P 11548 13161 20010055 appspawn-x
11548 (com.example.hel) S 13161 0 0 0 -1 4194624 46273 0 4 0 103 81 0 0 0 -20 33 0 1021286 4034650112 71093 18446744073709551615 366870431252 366870496976 549156205216 0 0 0 4612 0 1073779962 0 0 0 17 2 0 0 0 0 0 366870507912 366870508072 367424618496 549156207218 549156207265 549156207265 549156208609 0
T 10226.19
P 11548 13161 20010055 appspawn-x
11548 (com.example.hel) S 13161 0 0 0 -1 4194624 46273 0 4 0 103 81 0 0 0 -20 33 0 1021286 4034650112 71093 18446744073709551615 366870431252 366870496976 549156205216 0 0 0 4612 0 1073779962 0 0 0 17 2 0 0 0 0 0 366870507912 366870508072 367424618496 549156207218 549156207265 549156207265 549156208609 0
T 10226.38
P 11548 13161 20010055 appspawn-x
11548 (com.example.hel) S 13161 0 0 0 -1 4194624 46273 0 4 0 103 81 0 0 0 -20 33 0 1021286 4034650112 71093 18446744073709551615 366870431252 366870496976 549156205216 0 0 0 4612 0 1073779962 0 0 0 17 2 0 0 0 0 0 366870507912 366870508072 367424618496 549156207218 549156207265 549156207265 549156208609 0
T 10226.56
P 11548 13161 20010055 appspawn-x
11548 (com.example.hel) S 13161 0 0 0 -1 4194624 46273 0 4 0 103 81 0 0 0 -20 33 0 1021286 4034650112 71093 18446744073709551615 366870431252 366870496976 549156205216 0 0 0 4612 0 1073779962 0 0 0 17 2 0 0 0 0 0 366870507912 366870508072 367424618496 549156207218 549156207265 549156207265 549156208609 0
T 10226.72
P 11548 13161 20010055 appspawn-x
11548 (com.example.hel) S 13161 0 0 0 -1 4194624 46273 0 4 0 103 81 0 0 0 -20 33 0 1021286 4034650112 71093 18446744073709551615 366870431252 366870496976 549156205216 0 0 0 4612 0 1073779962 0 0 0 17 2 0 0 0 0 0 366870507912 366870508072 367424618496 549156207218 549156207265 549156207265 549156208609 0
T 10226.92
P 11548 13161 20010055 appspawn-x
11548 (com.example.hel) S 13161 0 0 0 -1 4194624 46273 0 4 0 103 81 0 0 0 -20 33 0 1021286 4034650112 71093 18446744073709551615 366870431252 366870496976 549156205216 0 0 0 4612 0 1073779962 0 0 0 17 2 0 0 0 0 0 366870507912 366870508072 367424618496 549156207218 549156207265 549156207265 549156208609 0
T 10227.10
P 11548 13161 20010055 appspawn-x
11548 (com.example.hel) S 13161 0 0 0 -1 4194624 46273 0 4 0 103 81 0 0 0 -20 33 0 1021286 4034650112 71093 18446744073709551615 366870431252 366870496976 549156205216 0 0 0 4612 0 1073779962 0 0 0 17 2 0 0 0 0 0 366870507912 366870508072 367424618496 549156207218 549156207265 549156207265 549156208609 0
T 10227.28
P 11548 13161 20010055 appspawn-x
11548 (com.example.hel) S 13161 0 0 0 -1 4194624 46273 0 4 0 103 81 0 0 0 -20 33 0 1021286 4034650112 71093 18446744073709551615 366870431252 366870496976 549156205216 0 0 0 4612 0 1073779962 0 0 0 17 2 0 0 0 0 0 366870507912 366870508072 367424618496 549156207218 549156207265 549156207265 549156208609 0
T 10227.47
P 11548 13161 20010055 appspawn-x
11548 (com.example.hel) S 13161 0 0 0 -1 4194624 46273 0 4 0 103 81 0 0 0 -20 33 0 1021286 4034650112 70965 18446744073709551615 366870431252 366870496976 549156205216 0 0 0 4612 0 1073779962 0 0 0 17 2 0 0 0 0 0 366870507912 366870508072 367424618496 549156207218 549156207265 549156207265 549156208609 0
T 10227.66
P 11548 13161 20010055 appspawn-x
11548 (com.example.hel) S 13161 0 0 0 -1 4194624 46273 0 4 0 103 81 0 0 0 -20 33 0 1021286 4034650112 70965 18446744073709551615 366870431252 366870496976 549156205216 0 0 0 4612 0 1073779962 0 0 0 17 2 0 0 0 0 0 366870507912 366870508072 367424618496 549156207218 549156207265 549156207265 549156208609 0
T 10227.84
P 11548 13161 20010055 appspawn-x
11548 (com.example.hel) S 13161 0 0 0 -1 4194624 46273 0 4 0 103 81 0 0 0 -20 33 0 1021286 4034650112 70965 18446744073709551615 366870431252 366870496976 549156205216 0 0 0 4612 0 1073779962 0 0 0 17 2 0 0 0 0 0 366870507912 366870508072 367424618496 549156207218 549156207265 549156207265 549156208609 0
T 10228.02
P 11548 13161 20010055 appspawn-x
11548 (com.example.hel) S 13161 0 0 0 -1 4194624 46273 0 4 0 103 81 0 0 0 -20 33 0 1021286 4034650112 70965 18446744073709551615 366870431252 366870496976 549156205216 0 0 0 4612 0 1073779962 0 0 0 17 2 0 0 0 0 0 366870507912 366870508072 367424618496 549156207218 549156207265 549156207265 549156208609 0
T 10228.20
P 11548 13161 20010055 appspawn-x
11548 (com.example.hel) S 13161 0 0 0 -1 4194624 46273 0 4 0 103 81 0 0 0 -20 33 0 1021286 4034650112 70965 18446744073709551615 366870431252 366870496976 549156205216 0 0 0 4612 0 1073779962 0 0 0 17 2 0 0 0 0 0 366870507912 366870508072 367424618496 549156207218 549156207265 549156207265 549156208609 0
T 10228.36
P 11548 13161 20010055 appspawn-x
11548 (com.example.hel) S 13161 0 0 0 -1 4194624 46273 0 4 0 103 81 0 0 0 -20 33 0 1021286 4034650112 70965 18446744073709551615 366870431252 366870496976 549156205216 0 0 0 4612 0 1073779962 0 0 0 17 2 0 0 0 0 0 366870507912 366870508072 367424618496 549156207218 549156207265 549156207265 549156208609 0
T 10228.54
P 11548 13161 20010055 appspawn-x
11548 (com.example.hel) S 13161 0 0 0 -1 4194624 46273 0 4 0 103 81 0 0 0 -20 33 0 1021286 4034650112 70965 18446744073709551615 366870431252 366870496976 549156205216 0 0 0 4612 0 1073779962 0 0 0 17 2 0 0 0 0 0 366870507912 366870508072 367424618496 549156207218 549156207265 549156207265 549156208609 0
