T 5092.23
T 5092.40
T 5092.58
P 27515 13161 20010057 appspawn-x
27515 (org.wikipedia) R 13161 0 0 0 -1 4194624 247 0 0 0 2 3 0 0 0 -20 1 0 509259 2197676032 1617 18446744073709551615 366870431252 366870496976 549156205216 0 0 0 0 4096 1073775866 0 0 0 17 5 0 0 0 0 0 366870507912 366870508072 367424618496 549156207218 549156207265 549156207265 549156208609 0
T 5092.75
P 27515 13161 20010057 appspawn-x
27515 (org.wikipedia) R 13161 0 0 0 -1 4194624 4008 0 0 0 12 11 0 0 0 -20 1 0 509259 2456219648 7210 18446744073709551615 366870431252 366870496976 549156205216 0 0 0 0 4096 1073775866 0 0 0 17 5 0 0 0 0 0 366870507912 366870508072 367424618496 549156207218 549156207265 549156207265 549156208609 0
T 5092.95
P 27515 13161 20010057 appspawn-x
27515 (main) R 13161 0 0 0 -1 4194624 13109 0 0 0 19 21 0 0 0 -20 10 0 509259 3357212672 18312 18446744073709551615 366870431252 366870496976 549156205216 0 0 0 4612 0 1073779962 0 0 0 17 7 0 0 0 0 0 366870507912 366870508072 367424618496 549156207218 549156207265 549156207265 549156208609 0
T 5093.13
P 27515 13161 20010057 appspawn-x
27515 (main) R 13161 0 0 0 -1 4194624 16103 0 0 0 26 29 0 0 0 -20 10 0 509259 3520966656 24849 18446744073709551615 366870431252 366870496976 549156205216 0 0 0 4612 0 1073779962 0 0 0 17 7 0 0 0 0 0 366870507912 366870508072 367424618496 549156207218 549156207265 549156207265 549156208609 0
T 5093.32
P 27515 13161 20010057 appspawn-x
27515 (main) R 13161 0 0 0 -1 4194624 19962 0 0 0 39 36 0 0 0 -20 10 0 509259 3578257408 41879 18446744073709551615 366870431252 366870496976 549156205216 0 0 0 4612 0 1073779962 0 0 0 17 7 0 0 0 0 0 366870507912 366870508072 367424618496 549156207218 549156207265 549156207265 549156208609 0
T 5093.52
P 27515 13161 20010057 appspawn-x
27515 (org.wikipedia) R 13161 0 0 0 -1 4194624 21889 0 0 0 52 41 0 0 0 -20 12 0 509259 3689357312 48901 18446744073709551615 366870431252 366870496976 549156205216 0 0 0 4612 0 1073779962 0 0 0 17 5 0 0 0 0 0 366870507912 366870508072 367424618496 549156207218 549156207265 549156207265 549156208609 0
T 5093.70
P 27515 13161 20010057 appspawn-x
27515 (org.wikipedia) R 13161 0 0 0 -1 4194624 31759 0 0 0 63 50 0 0 0 -20 12 0 509259 3725668352 57837 18446744073709551615 366870431252 366870496976 549156205216 0 0 0 4612 0 1073779962 0 0 0 17 7 0 0 0 0 0 366870507912 366870508072 367424618496 549156207218 549156207265 549156207265 549156208609 0
T 5093.90
P 27515 13161 20010057 appspawn-x
27515 (org.wikipedia) R 13161 0 0 0 -1 4194624 38327 0 0 0 77 56 0 0 0 -20 12 0 509259 3746136064 62848 18446744073709551615 366870431252 366870496976 549156205216 0 0 0 4612 0 1073779962 0 0 0 17 7 0 0 0 0 0 366870507912 366870508072 367424618496 549156207218 549156207265 549156207265 549156208609 0
T 5094.10
P 27515 13161 20010057 appspawn-x
27515 (org.wikipedia) S 13161 0 0 0 -1 1077936448 40927 0 3 0 88 64 0 0 0 -20 13 0 509259 3778383872 54432 18446744073709551615 366870431252 366870496976 549156205216 0 0 0 4612 0 1073779962 0 0 0 17 7 0 0 0 0 0 366870507912 366870508072 367424618496 549156207218 549156207265 549156207265 549156208609 0
T 5094.29
P 27515 13161 20010057 appspawn-x
27515 (org.wikipedia) R 13161 0 0 0 -1 4194624 43899 0 5 0 101 69 0 0 0 -20 13 0 509259 3789164544 57800 18446744073709551615 366870431252 366870496976 549156205216 0 0 0 4612 0 1073779962 0 0 0 17 7 0 0 0 0 0 366870507912 366870508072 367424618496 549156207218 549156207265 549156207265 549156208609 0
T 5094.45
P 27515 13161 20010057 appspawn-x
27515 (org.wikipedia) R 13161 0 0 0 -1 4194624 46336 0 17 0 108 74 0 0 0 -20 13 0 509259 3805265920 59786 18446744073709551615 366870431252 366870496976 549156205216 0 0 0 4612 0 1073779962 0 0 0 17 6 0 0 0 0 0 366870507912 366870508072 367424618496 549156207218 549156207265 549156207265 549156208609 0
T 5094.64
P 27515 13161 20010057 appspawn-x
27515 (org.wikipedia) R 13161 0 0 0 -1 4194624 46772 0 31 0 120 82 0 0 0 -20 14 0 509259 3814432768 60288 18446744073709551615 366870431252 366870496976 549156205216 0 0 0 4612 0 1073779962 0 0 0 17 7 0 0 0 0 0 366870507912 366870508072 367424618496 549156207218 549156207265 549156207265 549156208609 0
T 5094.83
P 27515 13161 20010057 appspawn-x
27515 (org.wikipedia) R 13161 0 0 0 -1 4194624 47127 0 39 0 131 89 0 0 0 -20 14 0 509259 3814838272 60705 18446744073709551615 366870431252 366870496976 549156205216 0 0 0 4612 0 1073779962 0 0 0 17 7 0 0 0 0 0 366870507912 366870508072 367424618496 549156207218 549156207265 549156207265 549156208609 0
T 5095.01
P 27515 13161 20010057 appspawn-x
27515 (org.wikipedia) S 13161 0 0 0 -1 1077936448 47378 0 46 0 136 95 0 0 0 -20 15 0 509259 3823415296 60849 18446744073709551615 366870431252 366870496976 549156205216 0 0 0 2147221247 0 1073779962 0 0 0 17 5 0 0 0 0 0 366870507912 366870508072 367424618496 549156207218 549156207265 549156207265 549156208609 0
P 27598 27515 20010057 appspawn-x
27598 (org.wikipedia) S 27515 0 0 0 -1 4194368 19 0 0 0 0 2 0 0 0 -20 1 0 509500 3813937152 20962 18446744073709551615 366870431252 366870496976 549156205216 0 0 0 2147213055 0 1073779962 1 0 0 17 1 0 0 0 0 0 366870507912 366870508072 367424618496 549156207218 549156207265 549156207265 549156208609 0
P 27601 27598 20010057 processdump
27601 (processdump) R 27598 0 0 0 -1 4194304 565 0 2 0 0 3 0 0 0 -20 1 0 509503 19644416 1048 18446744073709551615 367195892892 367196120032 549106416768 0 0 0 2147213055 0 8 0 0 0 17 7 0 0 0 0 0 367196136368 367196136416 368209125376 549106419644 549106419671 549106419671 549106421728 0
T 5095.18
P 27515 13161 20010057 appspawn-x
27515 (org.wikipedia) t 13161 0 0 0 -1 1077936448 47379 20 46 0 136 96 0 3 0 -20 15 0 509259 3823415296 60849 18446744073709551615 366870431252 366870496976 549156205216 0 0 0 2147221247 0 1073779962 0 0 0 17 7 0 0 0 0 0 366870507912 366870508072 367424618496 549156207218 549156207265 549156207265 549156208609 0
P 27601 1 20010057 processdump
27601 (processdump) R 1 27601 27601 0 -1 4194304 2100 0 3 0 5 13 0 0 0 -20 1 0 509503 2291175424 4635 18446744073709551615 367195892892 367196120032 549106416768 0 0 0 2147211927 65536 1073775866 0 0 0 17 7 0 0 0 0 0 367196136368 367196136416 368209125376 549106419644 549106419671 549106419671 549106421728 0
P 27607 27515 20010057 [org.wikipedia]
27607 (org.wikipedia) Z 27515 0 0 0 -1 4227140 10 0 0 0 0 3 0 0 0 -20 1 0 509513 0 0 18446744073709551615 0 0 0 0 0 0 2147221247 0 1073779962 1 0 0 17 4 0 0 0 0 0 0 0 0 0 0 0 0 0
P 27609 1 20010057 appspawn-x
27609 (org.wikipedia) t 1 0 0 0 -1 1077936192 0 0 0 0 0 0 0 0 0 -20 1 0 509516 3822374912 21237 18446744073709551615 366870431252 366870496976 549156205216 0 0 0 2147221247 0 1073779962 1 0 0 17 2 0 0 0 0 0 366870507912 366870508072 367424618496 549156207218 549156207265 549156207265 549156208609 0
T 5095.36
P 27515 13161 20010057 appspawn-x
27515 (org.wikipedia) t 13161 0 0 0 -1 1077936448 47379 20 46 0 136 96 0 3 0 -20 15 0 509259 3823415296 60849 18446744073709551615 366870431252 366870496976 549156205216 0 0 0 2147221247 0 1073779962 0 0 0 17 7 0 0 0 0 0 366870507912 366870508072 367424618496 549156207218 549156207265 549156207265 549156208609 0
P 27601 1 20010057 processdump
27601 (processdump) S 1 27601 27601 0 -1 1077936128 11019 0 3 0 22 23 0 0 0 -20 4 0 509503 2392936448 11697 18446744073709551615 367195892892 367196120032 549106416768 0 0 0 2147211927 65536 1073775866 0 0 0 17 1 0 0 0 0 0 367196136368 367196136416 368209125376 549106419644 549106419671 549106419671 549106421728 0
P 27607 27515 20010057 [org.wikipedia]
27607 (org.wikipedia) Z 27515 0 0 0 -1 4227140 10 0 0 0 0 3 0 0 0 -20 1 0 509513 0 0 18446744073709551615 0 0 0 0 0 0 2147221247 0 1073779962 1 0 0 17 4 0 0 0 0 0 0 0 0 0 0 0 0 0
P 27609 1 20010057 appspawn-x
27609 (org.wikipedia) t 1 0 0 0 -1 1077936192 0 0 0 0 0 0 0 0 0 -20 1 0 509516 3822374912 21237 18446744073709551615 366870431252 366870496976 549156205216 0 0 0 2147221247 0 1073779962 1 0 0 17 2 0 0 0 0 0 366870507912 366870508072 367424618496 549156207218 549156207265 549156207265 549156208609 0
T 5095.56
P 27515 13161 20010057 appspawn-x
27515 (org.wikipedia) t 13161 0 0 0 -1 1077936448 47379 20 46 0 136 96 0 3 0 -20 15 0 509259 3823415296 60849 18446744073709551615 366870431252 366870496976 549156205216 0 0 0 2147221247 0 1073779962 0 0 0 17 7 0 0 0 0 0 366870507912 366870508072 367424618496 549156207218 549156207265 549156207265 549156208609 0
P 27601 1 20010057 processdump
27601 (processdump) R 1 27601 27601 0 -1 4194304 23011 0 4 0 30 35 0 0 0 -20 3 0 509503 2287214592 7972 18446744073709551615 367195892892 367196120032 549106416768 0 0 0 2147211927 65536 1073775866 0 0 0 17 4 0 0 0 0 0 367196136368 367196136416 368209125376 549106419644 549106419671 549106419671 549106421728 0
P 27607 27515 20010057 [org.wikipedia]
27607 (org.wikipedia) Z 27515 0 0 0 -1 4227140 10 0 0 0 0 3 0 0 0 -20 1 0 509513 0 0 18446744073709551615 0 0 0 0 0 0 2147221247 0 1073779962 1 0 0 17 4 0 0 0 0 0 0 0 0 0 0 0 0 0
P 27609 1 20010057 appspawn-x
27609 (org.wikipedia) R 1 0 0 0 -1 4194372 7 0 0 0 0 0 0 0 0 -20 1 0 509516 0 0 18446744073709551615 0 0 0 0 0 0 2147221247 0 1073779962 0 0 0 17 2 0 0 0 0 0 0 0 0 0 0 0 0 0
T 5095.76
P 27515 13161 20010057 appspawn-x
27515 (org.wikipedia) R 13161 0 0 0 -1 4194624 48684 30 53 0 145 103 0 7 0 -20 16 0 509259 3832254464 62262 18446744073709551615 366870431252 366870496976 549156205216 0 0 0 4612 0 1073779962 0 0 0 17 6 0 0 0 0 0 366870507912 366870508072 367424618496 549156207218 549156207265 549156207265 549156208609 0
T 5095.96
T 5096.15
T 5096.34
T 5096.52
T 5096.70
T 5096.90
T 5097.08
T 5097.28
T 5097.46
T 5097.66
T 5097.84
T 5098.04
T 5098.24
T 5098.40
T 5098.58
T 5098.78
T 5098.96
T 5099.16
T 5099.34
T 5099.50
T 5099.70
T 5099.89
T 5100.08
T 5100.28
T 5100.46
T 5100.62
T 5100.82
T 5101.02
T 5101.22
T 5101.40
T 5101.56
T 5101.76
T 5101.94
T 5102.12
T 5102.32
T 5102.52
T 5102.71
T 5102.90
T 5103.08
T 5103.26
T 5103.46
T 5103.66
T 5103.85
T 5104.04
T 5104.23
T 5104.42
T 5104.62
T 5104.79
T 5104.96
T 5105.14
T 5105.33
T 5105.52
T 5105.72
T 5105.90
T 5106.10
T 5106.30
T 5106.50
T 5106.68
T 5106.86
T 5107.03
T 5107.20
T 5107.38
T 5107.58
T 5107.76
T 5107.94
T 5108.12
T 5108.30
