T 7904.03
T 7904.21
T 7904.38
P 6826 13161 20010057 appspawn-x
6826 (org.wikipedia) R 13161 0 0 0 -1 4194624 247 0 0 0 6 3 0 0 0 -20 1 0 790441 2197676032 1617 18446744073709551615 366870431252 366870496976 549156205216 0 0 0 0 4096 1073775866 0 0 0 17 6 0 0 0 0 0 366870507912 366870508072 367424618496 549156207218 549156207265 549156207265 549156208609 0
T 7904.62
P 6826 13161 20010057 appspawn-x
6826 (org.wikipedia) R 13161 0 0 0 -1 4194624 8701 0 0 0 13 13 0 0 0 -20 1 0 790441 2453155840 14071 18446744073709551615 366870431252 366870496976 549156205216 0 0 0 0 4096 1073775866 0 0 0 17 6 0 0 0 0 0 366870507912 366870508072 367424618496 549156207218 549156207265 549156207265 549156208609 0
T 7904.82
P 6826 13161 20010057 appspawn-x
6826 (main) D 13161 0 0 0 -1 4194624 13656 0 0 0 19 20 0 0 0 -20 10 0 790441 3364798464 19657 18446744073709551615 366870431252 366870496976 549156205216 0 0 0 4612 0 1073779962 0 0 0 17 6 0 0 0 0 0 366870507912 366870508072 367424618496 549156207218 549156207265 549156207265 549156208609 0
T 7904.99
P 6826 13161 20010057 appspawn-x
6826 (main) R 13161 0 0 0 -1 4194624 16574 0 0 0 29 27 0 0 0 -20 10 0 790441 3517911040 25856 18446744073709551615 366870431252 366870496976 549156205216 0 0 0 4612 0 1073779962 0 0 0 17 7 0 0 0 0 0 366870507912 366870508072 367424618496 549156207218 549156207265 549156207265 549156208609 0
T 7905.18
P 6826 13161 20010057 appspawn-x
6826 (main) R 13161 0 0 0 -1 4194624 20166 0 0 0 42 32 0 0 0 -20 10 0 790441 3575681024 43820 18446744073709551615 366870431252 366870496976 549156205216 0 0 0 4612 0 1073779962 0 0 0 17 7 0 0 0 0 0 366870507912 366870508072 367424618496 549156207218 549156207265 549156207265 549156208609 0
T 7905.36
P 6826 13161 20010057 appspawn-x
6826 (org.wikipedia) R 13161 0 0 0 -1 4194624 24319 0 0 0 52 39 0 0 0 -20 12 0 790441 3692724224 52293 18446744073709551615 366870431252 366870496976 549156205216 0 0 0 4612 0 1073779962 0 0 0 17 7 0 0 0 0 0 366870507912 366870508072 367424618496 549156207218 549156207265 549156207265 549156208609 0
T 7905.54
P 6826 13161 20010057 appspawn-x
6826 (org.wikipedia) R 13161 0 0 0 -1 4194624 33289 0 0 0 62 48 0 0 0 -20 12 0 790441 3728826368 61283 18446744073709551615 366870431252 366870496976 549156205216 0 0 0 4612 0 1073779962 0 0 0 17 7 0 0 0 0 0 366870507912 366870508072 367424618496 549156207218 549156207265 549156207265 549156208609 0
T 7905.72
P 6826 13161 20010057 appspawn-x
6826 (org.wikipedia) R 13161 0 0 0 -1 4194624 38755 0 0 0 78 51 0 0 0 -20 12 0 790441 3736182784 63133 18446744073709551615 366870431252 366870496976 549156205216 0 0 0 4612 0 1073779962 0 0 0 17 7 0 0 0 0 0 366870507912 366870508072 367424618496 549156207218 549156207265 549156207265 549156208609 0
T 7905.92
P 6826 13161 20010057 appspawn-x
6826 (<pre-initialize) S 13161 0 0 0 -1 1077936448 40743 0 0 0 85 60 0 0 0 -20 13 0 790441 3722731520 56640 18446744073709551615 366870431252 366870496976 549156205216 0 0 0 2147221247 0 1073779962 0 0 0 17 6 0 0 0 0 0 366870507912 366870508072 367424618496 549156207218 549156207265 549156207265 549156208609 0
T 7906.10
P 6826 13161 20010057 appspawn-x
6826 (<pre-initialize) t 13161 0 0 0 -1 1077936448 40757 19 0 0 85 63 0 5 0 -20 14 0 790441 3731169280 56640 18446744073709551615 366870431252 366870496976 549156205216 0 0 0 2147221247 0 1073779962 0 0 0 17 4 0 0 0 0 0 366870507912 366870508072 367424618496 549156207218 549156207265 549156207265 549156208609 0
P 6884 1 20010057 processdump
6884 (processdump) S 1 6884 6884 0 -1 4194304 1364 0 0 0 2 5 0 0 0 -20 1 0 790601 2184880128 3722 18446744073709551615 367052872860 367053100000 549460066800 0 0 0 2147211927 65536 1073775866 1 0 0 17 5 0 0 0 0 0 367053116336 367053116384 367177572352 549460068298 549460068325 549460068325 549460070368 0
T 7906.26
P 6826 13161 20010057 appspawn-x
6826 (<pre-initialize) t 13161 0 0 0 -1 1077936448 40757 19 0 0 85 63 0 5 0 -20 14 0 790441 3731169280 56640 18446744073709551615 366870431252 366870496976 549156205216 0 0 0 2147221247 0 1073779962 0 0 0 17 4 0 0 0 0 0 366870507912 366870508072 367424618496 549156207218 549156207265 549156207265 549156208609 0
P 6884 1 20010057 processdump
6884 (processdump) S 1 6884 6884 0 -1 1077936128 3990 0 0 0 7 19 0 0 0 -20 6 0 790601 2331291648 8881 18446744073709551615 367052872860 367053100000 549460066800 0 0 0 2147211927 65536 1073775866 0 0 0 17 5 0 0 0 0 0 367053116336 367053116384 367177572352 549460068298 549460068325 549460068325 549460070368 0
P 6889 6826 20010057 [OH_BinderThread]
6889 (OH_BinderThread) Z 6826 0 0 0 -1 4227140 10 0 0 0 0 3 0 0 0 -20 1 0 790614 0 0 18446744073709551615 0 0 0 0 0 0 2147221247 0 1073779962 1 0 0 17 7 0 0 0 0 0 0 0 0 0 0 0 0 0
P 6890 1 20010057 appspawn-x
6890 (OH_BinderThread) t 1 0 0 0 -1 1077936192 0 0 0 0 0 0 0 0 0 -20 1 0 790616 3730128896 17793 18446744073709551615 366870431252 366870496976 549156205216 0 0 0 2147221247 0 1073779962 1 0 0 17 1 0 0 0 0 0 366870507912 366870508072 367424618496 549156207218 549156207265 549156207265 549156208609 0
T 7906.44
T 7906.67
T 7906.83
T 7907.00
T 7907.17
T 7907.37
T 7907.56
T 7907.74
T 7907.92
T 7908.08
T 7908.28
T 7908.46
T 7908.65
T 7908.84
T 7909.04
T 7909.20
T 7909.38
T 7909.56
T 7909.76
T 7909.94
T 7910.11
T 7910.30
T 7910.48
T 7910.65
T 7910.84
T 7911.02
T 7911.22
T 7911.39
T 7911.58
T 7911.77
T 7911.95
T 7912.14
T 7912.32
T 7912.51
T 7912.69
T 7912.88
T 7913.08
T 7913.26
T 7913.45
T 7913.63
T 7913.81
T 7914.00
T 7914.18
T 7914.36
T 7914.52
T 7914.72
T 7914.89
T 7915.08
T 7915.24
T 7915.44
T 7915.62
T 7915.80
T 7915.97
T 7916.15
T 7916.33
T 7916.51
T 7916.70
T 7916.86
T 7917.04
T 7917.22
T 7917.41
T 7917.60
T 7917.79
T 7917.98
T 7918.15
T 7918.34
T 7918.51
T 7918.70
T 7918.88
T 7919.04
T 7919.23
T 7919.42
T 7919.60
T 7919.78
T 7919.96
