T 5129.40
T 5129.57
T 5129.76
P 28552 13161 20010055 appspawn-x
28552 (mple.helloworld) R 13161 0 0 0 -1 4194624 248 0 0 0 3 3 0 0 0 -20 1 0 512976 2197676032 1617 18446744073709551615 366870431252 366870496976 549156205216 0 0 0 0 4096 1073775866 0 0 0 17 5 0 0 0 0 0 366870507912 366870508072 367424618496 549156207218 549156207265 549156207265 549156208609 0
T 5129.95
P 28552 13161 20010055 appspawn-x
28552 (mple.helloworld) R 13161 0 0 0 -1 4194624 2431 0 0 0 13 9 0 0 0 -20 1 0 512976 2456219648 5815 18446744073709551615 366870431252 366870496976 549156205216 0 0 0 0 4096 1073775866 0 0 0 17 5 0 0 0 0 0 366870507912 366870508072 367424618496 549156207218 549156207265 549156207265 549156208609 0
T 5130.12
P 28552 13161 20010055 appspawn-x
28552 (main) R 13161 0 0 0 -1 4194624 13429 0 0 0 20 20 0 0 0 -20 10 0 512976 3365781504 19177 18446744073709551615 366870431252 366870496976 549156205216 0 0 0 4612 0 1073779962 0 0 0 17 5 0 0 0 0 0 366870507912 366870508072 367424618496 549156207218 549156207265 549156207265 549156208609 0
T 5130.32
P 28552 13161 20010055 appspawn-x
28552 (main) R 13161 0 0 0 -1 4194624 16621 0 0 0 29 29 0 0 0 -20 10 0 512976 3520983040 25704 18446744073709551615 366870431252 366870496976 549156205216 0 0 0 4612 0 1073779962 0 0 0 17 7 0 0 0 0 0 366870507912 366870508072 367424618496 549156207218 549156207265 549156207265 549156208609 0
T 5130.52
P 28552 13161 20010055 appspawn-x
28552 (main) R 13161 0 0 0 -1 4194624 20512 0 0 0 43 35 0 0 0 -20 10 0 512976 3583475712 44778 18446744073709551615 366870431252 366870496976 549156205216 0 0 0 4612 0 1073779962 0 0 0 17 7 0 0 0 0 0 366870507912 366870508072 367424618496 549156207218 549156207265 549156207265 549156208609 0
T 5130.72
P 28552 13161 20010055 appspawn-x
28552 (com.example.hel) R 13161 0 0 0 -1 4194624 24814 0 0 0 54 41 0 0 0 -20 12 0 512976 3696832512 52102 18446744073709551615 366870431252 366870496976 549156205216 0 0 0 4612 0 1073779962 0 0 0 17 7 0 0 0 0 0 366870507912 366870508072 367424618496 549156207218 549156207265 549156207265 549156208609 0
T 5130.90
P 28552 13161 20010055 appspawn-x
28552 (com.example.hel) R 13161 0 0 0 -1 4194624 34349 0 0 0 64 51 0 0 0 -20 12 0 512976 3735900160 61605 18446744073709551615 366870431252 366870496976 549156205216 0 0 0 4612 0 1073779962 0 0 0 17 7 0 0 0 0 0 366870507912 366870508072 367424618496 549156207218 549156207265 549156207265 549156208609 0
T 5131.10
P 28552 13161 20010055 appspawn-x
28552 (com.example.hel) R 13161 0 0 0 -1 4194624 38835 0 0 0 78 55 0 0 0 -20 12 0 512976 3739058176 62417 18446744073709551615 366870431252 366870496976 549156205216 0 0 0 4612 0 1073779962 0 0 0 17 7 0 0 0 0 0 366870507912 366870508072 367424618496 549156207218 549156207265 549156207265 549156208609 0
T 5131.29
P 28552 13161 20010055 appspawn-x
28552 (com.example.hel) S 13161 0 0 0 -1 1077936448 40660 0 0 0 88 60 0 0 0 -20 15 0 512976 3795116032 57431 18446744073709551615 366870431252 366870496976 549156205216 0 0 0 4612 0 1073779962 0 0 0 17 5 0 0 0 0 0 366870507912 366870508072 367424618496 549156207218 549156207265 549156207265 549156208609 0
T 5131.45
P 28552 13161 20010055 appspawn-x
28552 (com.example.hel) R 13161 0 0 0 -1 1077936448 41824 0 2 0 94 66 0 0 0 -20 20 0 512976 3839520768 60966 18446744073709551615 366870431252 366870496976 549156205216 0 0 0 4612 0 1073779962 0 0 0 17 4 0 0 0 0 0 366870507912 366870508072 367424618496 549156207218 549156207265 549156207265 549156208609 0
T 5131.65
P 28552 13161 20010055 appspawn-x
28552 (com.example.hel) S 13161 0 0 0 -1 1077936448 46122 0 2 0 103 74 0 0 0 -20 33 0 512976 3998732288 67921 18446744073709551615 366870431252 366870496976 549156205216 0 0 0 4612 0 1073779962 0 0 0 17 5 0 0 0 0 0 366870507912 366870508072 367424618496 549156207218 549156207265 549156207265 549156208609 0
T 5131.82
P 28552 13161 20010055 appspawn-x
28552 (com.example.hel) S 13161 0 0 0 -1 4194624 46217 0 2 0 105 76 0 0 0 -20 34 0 512976 4044435456 68037 18446744073709551615 366870431252 366870496976 549156205216 0 0 0 4612 0 1073779962 0 0 0 17 7 0 0 0 0 0 366870507912 366870508072 367424618496 549156207218 549156207265 549156207265 549156208609 0
T 5132.01
P 28552 13161 20010055 appspawn-x
28552 (com.example.hel) S 13161 0 0 0 -1 4194624 46217 0 2 0 105 76 0 0 0 -20 34 0 512976 4044435456 68037 18446744073709551615 366870431252 366870496976 549156205216 0 0 0 4612 0 1073779962 0 0 0 17 7 0 0 0 0 0 366870507912 366870508072 367424618496 549156207218 549156207265 549156207265 549156208609 0
T 5132.17
P 28552 13161 20010055 appspawn-x
28552 (com.example.hel) S 13161 0 0 0 -1 4194624 46217 0 2 0 105 76 0 0 0 -20 34 0 512976 4043907072 67970 18446744073709551615 366870431252 366870496976 549156205216 0 0 0 4612 0 1073779962 0 0 0 17 7 0 0 0 0 0 366870507912 366870508072 367424618496 549156207218 549156207265 549156207265 549156208609 0
T 5132.33
P 28552 13161 20010055 appspawn-x
28552 (com.example.hel) S 13161 0 0 0 -1 4194624 46217 0 2 0 105 76 0 0 0 -20 34 0 512976 4043468800 67871 18446744073709551615 366870431252 366870496976 549156205216 0 0 0 4612 0 1073779962 0 0 0 17 7 0 0 0 0 0 366870507912 366870508072 367424618496 549156207218 549156207265 549156207265 549156208609 0
T 5132.50
P 28552 13161 20010055 appspawn-x
28552 (com.example.hel) S 13161 0 0 0 -1 4194624 46217 0 2 0 105 76 0 0 0 -20 34 0 512976 4043194368 67863 18446744073709551615 366870431252 366870496976 549156205216 0 0 0 4612 0 1073779962 0 0 0 17 7 0 0 0 0 0 366870507912 366870508072 367424618496 549156207218 549156207265 549156207265 549156208609 0
T 5132.66
P 28552 13161 20010055 appspawn-x
28552 (com.example.hel) S 13161 0 0 0 -1 4194624 46217 0 2 0 105 76 0 0 0 -20 34 0 512976 4043182080 67863 18446744073709551615 366870431252 366870496976 549156205216 0 0 0 4612 0 1073779962 0 0 0 17 7 0 0 0 0 0 366870507912 366870508072 367424618496 549156207218 549156207265 549156207265 549156208609 0
T 5132.82
P 28552 13161 20010055 appspawn-x
28552 (com.example.hel) S 13161 0 0 0 -1 4194624 46224 0 2 0 106 76 0 0 0 -20 34 0 512976 4043182080 67863 18446744073709551615 366870431252 366870496976 549156205216 0 0 0 4612 0 1073779962 0 0 0 17 6 0 0 0 0 0 366870507912 366870508072 367424618496 549156207218 549156207265 549156207265 549156208609 0
T 5133.01
P 28552 13161 20010055 appspawn-x
28552 (com.example.hel) S 13161 0 0 0 -1 4194624 46224 0 2 0 106 76 0 0 0 -20 34 0 512976 4043182080 67863 18446744073709551615 366870431252 366870496976 549156205216 0 0 0 4612 0 1073779962 0 0 0 17 6 0 0 0 0 0 366870507912 366870508072 367424618496 549156207218 549156207265 549156207265 549156208609 0
T 5133.17
P 28552 13161 20010055 appspawn-x
28552 (com.example.hel) S 13161 0 0 0 -1 4194624 46224 0 2 0 106 76 0 0 0 -20 34 0 512976 4043182080 67863 18446744073709551615 366870431252 366870496976 549156205216 0 0 0 4612 0 1073779962 0 0 0 17 6 0 0 0 0 0 366870507912 366870508072 367424618496 549156207218 549156207265 549156207265 549156208609 0
T 5133.32
P 28552 13161 20010055 appspawn-x
28552 (com.example.hel) S 13161 0 0 0 -1 4194624 46225 0 2 0 106 76 0 0 0 -20 34 0 512976 4043182080 67863 18446744073709551615 366870431252 366870496976 549156205216 0 0 0 4612 0 1073779962 0 0 0 17 6 0 0 0 0 0 366870507912 366870508072 367424618496 549156207218 549156207265 549156207265 549156208609 0
T 5133.48
P 28552 13161 20010055 appspawn-x
28552 (com.example.hel) S 13161 0 0 0 -1 4194624 46225 0 2 0 106 76 0 0 0 -20 34 0 512976 4043182080 67863 18446744073709551615 366870431252 366870496976 549156205216 0 0 0 4612 0 1073779962 0 0 0 17 6 0 0 0 0 0 366870507912 366870508072 367424618496 549156207218 549156207265 549156207265 549156208609 0
T 5133.68
P 28552 13161 20010055 appspawn-x
28552 (com.example.hel) S 13161 0 0 0 -1 4194624 46225 0 2 0 106 77 0 0 0 -20 34 0 512976 4043182080 67863 18446744073709551615 366870431252 366870496976 549156205216 0 0 0 4612 0 1073779962 0 0 0 17 6 0 0 0 0 0 366870507912 366870508072 367424618496 549156207218 549156207265 549156207265 549156208609 0
T 5133.88
P 28552 13161 20010055 appspawn-x
28552 (com.example.hel) S 13161 0 0 0 -1 4194624 46225 0 2 0 106 77 0 0 0 -20 34 0 512976 4043182080 67863 18446744073709551615 366870431252 366870496976 549156205216 0 0 0 4612 0 1073779962 0 0 0 17 6 0 0 0 0 0 366870507912 366870508072 367424618496 549156207218 549156207265 549156207265 549156208609 0
T 5134.08
P 28552 13161 20010055 appspawn-x
28552 (com.example.hel) S 13161 0 0 0 -1 4194624 46225 0 2 0 106 77 0 0 0 -20 34 0 512976 4043182080 67863 18446744073709551615 366870431252 366870496976 549156205216 0 0 0 4612 0 1073779962 0 0 0 17 6 0 0 0 0 0 366870507912 366870508072 367424618496 549156207218 549156207265 549156207265 549156208609 0
T 5134.28
P 28552 13161 20010055 appspawn-x
28552 (com.example.hel) S 13161 0 0 0 -1 4194624 46225 0 2 0 106 77 0 0 0 -20 34 0 512976 4043182080 67863 18446744073709551615 366870431252 366870496976 549156205216 0 0 0 4612 0 1073779962 0 0 0 17 6 0 0 0 0 0 366870507912 366870508072 367424618496 549156207218 549156207265 549156207265 549156208609 0
T 5134.48
P 28552 13161 20010055 appspawn-x
28552 (com.example.hel) S 13161 0 0 0 -1 4194624 46229 0 2 0 106 77 0 0 0 -20 34 0 512976 4043182080 67863 18446744073709551615 366870431252 366870496976 549156205216 0 0 0 4612 0 1073779962 0 0 0 17 6 0 0 0 0 0 366870507912 366870508072 367424618496 549156207218 549156207265 549156207265 549156208609 0
T 5134.66
P 28552 13161 20010055 appspawn-x
28552 (com.example.hel) S 13161 0 0 0 -1 4194624 46229 0 2 0 106 77 0 0 0 -20 34 0 512976 4043182080 67863 18446744073709551615 366870431252 366870496976 549156205216 0 0 0 4612 0 1073779962 0 0 0 17 6 0 0 0 0 0 366870507912 366870508072 367424618496 549156207218 549156207265 549156207265 549156208609 0
T 5134.86
P 28552 13161 20010055 appspawn-x
28552 (com.example.hel) S 13161 0 0 0 -1 4194624 46229 0 2 0 106 77 0 0 0 -20 34 0 512976 4043182080 67863 18446744073709551615 366870431252 366870496976 549156205216 0 0 0 4612 0 1073779962 0 0 0 17 6 0 0 0 0 0 366870507912 366870508072 367424618496 549156207218 549156207265 549156207265 549156208609 0
T 5135.06
P 28552 13161 20010055 appspawn-x
28552 (com.example.hel) S 13161 0 0 0 -1 4194624 46229 0 2 0 106 77 0 0 0 -20 34 0 512976 4043182080 67863 18446744073709551615 366870431252 366870496976 549156205216 0 0 0 4612 0 1073779962 0 0 0 17 6 0 0 0 0 0 366870507912 366870508072 367424618496 549156207218 549156207265 549156207265 549156208609 0
T 5135.25
P 28552 13161 20010055 appspawn-x
28552 (com.example.hel) S 13161 0 0 0 -1 4194624 46229 0 2 0 106 77 0 0 0 -20 34 0 512976 4043182080 67863 18446744073709551615 366870431252 366870496976 549156205216 0 0 0 4612 0 1073779962 0 0 0 17 6 0 0 0 0 0 366870507912 366870508072 367424618496 549156207218 549156207265 549156207265 549156208609 0
T 5135.44
P 28552 13161 20010055 appspawn-x
28552 (com.example.hel) S 13161 0 0 0 -1 4194624 46229 0 2 0 106 77 0 0 0 -20 34 0 512976 4043182080 67863 18446744073709551615 366870431252 366870496976 549156205216 0 0 0 4612 0 1073779962 0 0 0 17 6 0 0 0 0 0 366870507912 366870508072 367424618496 549156207218 549156207265 549156207265 549156208609 0
T 5135.62
P 28552 13161 20010055 appspawn-x
28552 (com.example.hel) S 13161 0 0 0 -1 4194624 46229 0 2 0 106 77 0 0 0 -20 34 0 512976 4043182080 67863 18446744073709551615 366870431252 366870496976 549156205216 0 0 0 4612 0 1073779962 0 0 0 17 6 0 0 0 0 0 366870507912 366870508072 367424618496 549156207218 549156207265 549156207265 549156208609 0
T 5135.82
P 28552 13161 20010055 appspawn-x
28552 (com.example.hel) S 13161 0 0 0 -1 4194624 46229 0 2 0 106 77 0 0 0 -20 34 0 512976 4043182080 67863 18446744073709551615 366870431252 366870496976 549156205216 0 0 0 4612 0 1073779962 0 0 0 17 6 0 0 0 0 0 366870507912 366870508072 367424618496 549156207218 549156207265 549156207265 549156208609 0
T 5136.02
P 28552 13161 20010055 appspawn-x
28552 (com.example.hel) S 13161 0 0 0 -1 4194624 46229 0 2 0 106 77 0 0 0 -20 34 0 512976 4043182080 67863 18446744073709551615 366870431252 366870496976 549156205216 0 0 0 4612 0 1073779962 0 0 0 17 6 0 0 0 0 0 366870507912 366870508072 367424618496 549156207218 549156207265 549156207265 549156208609 0
T 5136.19
P 28552 13161 20010055 appspawn-x
28552 (com.example.hel) S 13161 0 0 0 -1 4194624 46229 0 2 0 106 77 0 0 0 -20 34 0 512976 4043182080 67863 18446744073709551615 366870431252 366870496976 549156205216 0 0 0 4612 0 1073779962 0 0 0 17 6 0 0 0 0 0 366870507912 366870508072 367424618496 549156207218 549156207265 549156207265 549156208609 0
T 5136.36
P 28552 13161 20010055 appspawn-x
28552 (com.example.hel) S 13161 0 0 0 -1 4194624 46251 0 2 0 106 77 0 0 0 -20 34 0 512976 4043182080 67859 18446744073709551615 366870431252 366870496976 549156205216 0 0 0 4612 0 1073779962 0 0 0 17 6 0 0 0 0 0 366870507912 366870508072 367424618496 549156207218 549156207265 549156207265 549156208609 0
T 5136.56
P 28552 13161 20010055 appspawn-x
28552 (com.example.hel) S 13161 0 0 0 -1 4194624 46251 0 2 0 106 77 0 0 0 -20 34 0 512976 4043182080 67859 18446744073709551615 366870431252 366870496976 549156205216 0 0 0 4612 0 1073779962 0 0 0 17 6 0 0 0 0 0 366870507912 366870508072 367424618496 549156207218 549156207265 549156207265 549156208609 0
T 5136.76
P 28552 13161 20010055 appspawn-x
28552 (com.example.hel) S 13161 0 0 0 -1 4194624 46251 0 2 0 106 77 0 0 0 -20 34 0 512976 4043182080 67859 18446744073709551615 366870431252 366870496976 549156205216 0 0 0 4612 0 1073779962 0 0 0 17 6 0 0 0 0 0 366870507912 366870508072 367424618496 549156207218 549156207265 549156207265 549156208609 0
T 5136.92
P 28552 13161 20010055 appspawn-x
28552 (com.example.hel) S 13161 0 0 0 -1 4194624 46251 0 2 0 106 77 0 0 0 -20 34 0 512976 4043182080 67859 18446744073709551615 366870431252 366870496976 549156205216 0 0 0 4612 0 1073779962 0 0 0 17 6 0 0 0 0 0 366870507912 366870508072 367424618496 549156207218 549156207265 549156207265 549156208609 0
T 5137.12
P 28552 13161 20010055 appspawn-x
28552 (com.example.hel) S 13161 0 0 0 -1 4194624 46251 0 2 0 106 77 0 0 0 -20 34 0 512976 4043182080 67859 18446744073709551615 366870431252 366870496976 549156205216 0 0 0 4612 0 1073779962 0 0 0 17 6 0 0 0 0 0 366870507912 366870508072 367424618496 549156207218 549156207265 549156207265 549156208609 0
T 5137.32
P 28552 13161 20010055 appspawn-x
28552 (com.example.hel) S 13161 0 0 0 -1 4194624 46251 0 2 0 106 77 0 0 0 -20 34 0 512976 4043182080 67859 18446744073709551615 366870431252 366870496976 549156205216 0 0 0 4612 0 1073779962 0 0 0 17 6 0 0 0 0 0 366870507912 366870508072 367424618496 549156207218 549156207265 549156207265 549156208609 0
T 5137.52
P 28552 13161 20010055 appspawn-x
28552 (com.example.hel) S 13161 0 0 0 -1 4194624 46251 0 2 0 106 77 0 0 0 -20 34 0 512976 4043182080 67859 18446744073709551615 366870431252 366870496976 549156205216 0 0 0 4612 0 1073779962 0 0 0 17 6 0 0 0 0 0 366870507912 366870508072 367424618496 549156207218 549156207265 549156207265 549156208609 0
T 5137.72
P 28552 13161 20010055 appspawn-x
28552 (com.example.hel) S 13161 0 0 0 -1 4194624 46251 0 2 0 106 77 0 0 0 -20 34 0 512976 4043182080 67859 18446744073709551615 366870431252 366870496976 549156205216 0 0 0 4612 0 1073779962 0 0 0 17 6 0 0 0 0 0 366870507912 366870508072 367424618496 549156207218 549156207265 549156207265 549156208609 0
T 5137.92
P 28552 13161 20010055 appspawn-x
28552 (com.example.hel) S 13161 0 0 0 -1 4194624 46251 0 2 0 106 77 0 0 0 -20 34 0 512976 4043182080 67859 18446744073709551615 366870431252 366870496976 549156205216 0 0 0 4612 0 1073779962 0 0 0 17 6 0 0 0 0 0 366870507912 366870508072 367424618496 549156207218 549156207265 549156207265 549156208609 0
T 5138.12
P 28552 13161 20010055 appspawn-x
28552 (com.example.hel) S 13161 0 0 0 -1 4194624 46251 0 2 0 106 77 0 0 0 -20 34 0 512976 4043182080 67859 18446744073709551615 366870431252 366870496976 549156205216 0 0 0 4612 0 1073779962 0 0 0 17 6 0 0 0 0 0 366870507912 366870508072 367424618496 549156207218 549156207265 549156207265 549156208609 0
T 5138.32
P 28552 13161 20010055 appspawn-x
28552 (com.example.hel) S 13161 0 0 0 -1 4194624 46251 0 2 0 106 77 0 0 0 -20 34 0 512976 4043182080 67859 18446744073709551615 366870431252 366870496976 549156205216 0 0 0 4612 0 1073779962 0 0 0 17 6 0 0 0 0 0 366870507912 366870508072 367424618496 549156207218 549156207265 549156207265 549156208609 0
T 5138.52
P 28552 13161 20010055 appspawn-x
28552 (com.example.hel) S 13161 0 0 0 -1 4194624 46251 0 2 0 106 77 0 0 0 -20 34 0 512976 4043182080 67859 18446744073709551615 366870431252 366870496976 549156205216 0 0 0 4612 0 1073779962 0 0 0 17 6 0 0 0 0 0 366870507912 366870508072 367424618496 549156207218 549156207265 549156207265 549156208609 0
T 5138.71
P 28552 13161 20010055 appspawn-x
28552 (com.example.hel) S 13161 0 0 0 -1 4194624 46251 0 2 0 106 77 0 0 0 -20 34 0 512976 4043182080 67859 18446744073709551615 366870431252 366870496976 549156205216 0 0 0 4612 0 1073779962 0 0 0 17 6 0 0 0 0 0 366870507912 366870508072 367424618496 549156207218 549156207265 549156207265 549156208609 0
T 5138.90
P 28552 13161 20010055 appspawn-x
28552 (com.example.hel) S 13161 0 0 0 -1 4194624 46251 0 2 0 106 77 0 0 0 -20 34 0 512976 4043182080 67859 18446744073709551615 366870431252 366870496976 549156205216 0 0 0 4612 0 1073779962 0 0 0 17 6 0 0 0 0 0 366870507912 366870508072 367424618496 549156207218 549156207265 549156207265 549156208609 0
T 5139.08
P 28552 13161 20010055 appspawn-x
28552 (com.example.hel) S 13161 0 0 0 -1 4194624 46251 0 2 0 106 77 0 0 0 -20 34 0 512976 4043182080 67859 18446744073709551615 366870431252 366870496976 549156205216 0 0 0 4612 0 1073779962 0 0 0 17 6 0 0 0 0 0 366870507912 366870508072 367424618496 549156207218 549156207265 549156207265 549156208609 0
T 5139.28
P 28552 13161 20010055 appspawn-x
28552 (com.example.hel) S 13161 0 0 0 -1 4194624 46251 0 2 0 106 77 0 0 0 -20 34 0 512976 4043182080 67859 18446744073709551615 366870431252 366870496976 549156205216 0 0 0 4612 0 1073779962 0 0 0 17 6 0 0 0 0 0 366870507912 366870508072 367424618496 549156207218 549156207265 549156207265 549156208609 0
T 5139.48
P 28552 13161 20010055 appspawn-x
28552 (com.example.hel) S 13161 0 0 0 -1 4194624 46317 0 2 0 107 77 0 0 0 -20 34 0 512976 4043182080 68002 18446744073709551615 366870431252 366870496976 549156205216 0 0 0 4612 0 1073779962 0 0 0 17 7 0 0 0 0 0 366870507912 366870508072 367424618496 549156207218 549156207265 549156207265 549156208609 0
T 5139.64
P 28552 13161 20010055 appspawn-x
28552 (com.example.hel) S 13161 0 0 0 -1 4194624 46317 0 2 0 107 77 0 0 0 -20 34 0 512976 4043182080 68002 18446744073709551615 366870431252 366870496976 549156205216 0 0 0 4612 0 1073779962 0 0 0 17 7 0 0 0 0 0 366870507912 366870508072 367424618496 549156207218 549156207265 549156207265 549156208609 0
T 5139.80
P 28552 13161 20010055 appspawn-x
28552 (com.example.hel) S 13161 0 0 0 -1 4194624 46317 0 2 0 107 77 0 0 0 -20 34 0 512976 4043182080 68002 18446744073709551615 366870431252 366870496976 549156205216 0 0 0 4612 0 1073779962 0 0 0 17 7 0 0 0 0 0 366870507912 366870508072 367424618496 549156207218 549156207265 549156207265 549156208609 0
T 5139.95
P 28552 13161 20010055 appspawn-x
28552 (com.example.hel) S 13161 0 0 0 -1 4194624 46317 0 2 0 107 77 0 0 0 -20 34 0 512976 4043182080 68002 18446744073709551615 366870431252 366870496976 549156205216 0 0 0 4612 0 1073779962 0 0 0 17 7 0 0 0 0 0 366870507912 366870508072 367424618496 549156207218 549156207265 549156207265 549156208609 0
T 5140.12
P 28552 13161 20010055 appspawn-x
28552 (com.example.hel) S 13161 0 0 0 -1 4194624 46317 0 2 0 107 77 0 0 0 -20 34 0 512976 4043182080 68002 18446744073709551615 366870431252 366870496976 549156205216 0 0 0 4612 0 1073779962 0 0 0 17 7 0 0 0 0 0 366870507912 366870508072 367424618496 549156207218 549156207265 549156207265 549156208609 0
T 5140.28
P 28552 13161 20010055 appspawn-x
28552 (com.example.hel) S 13161 0 0 0 -1 4194624 46317 0 2 0 107 77 0 0 0 -20 34 0 512976 4043182080 68002 18446744073709551615 366870431252 366870496976 549156205216 0 0 0 4612 0 1073779962 0 0 0 17 7 0 0 0 0 0 366870507912 366870508072 367424618496 549156207218 549156207265 549156207265 549156208609 0
T 5140.44
P 28552 13161 20010055 appspawn-x
28552 (com.example.hel) S 13161 0 0 0 -1 4194624 46317 0 2 0 107 77 0 0 0 -20 34 0 512976 4043182080 68002 18446744073709551615 366870431252 366870496976 549156205216 0 0 0 4612 0 1073779962 0 0 0 17 7 0 0 0 0 0 366870507912 366870508072 367424618496 549156207218 549156207265 549156207265 549156208609 0
T 5140.62
P 28552 13161 20010055 appspawn-x
28552 (com.example.hel) S 13161 0 0 0 -1 4194624 46317 0 2 0 107 77 0 0 0 -20 34 0 512976 4043182080 68002 18446744073709551615 366870431252 366870496976 549156205216 0 0 0 4612 0 1073779962 0 0 0 17 7 0 0 0 0 0 366870507912 366870508072 367424618496 549156207218 549156207265 549156207265 549156208609 0
T 5140.82
P 28552 13161 20010055 appspawn-x
28552 (com.example.hel) S 13161 0 0 0 -1 4194624 46317 0 2 0 107 77 0 0 0 -20 34 0 512976 4043182080 68002 18446744073709551615 366870431252 366870496976 549156205216 0 0 0 4612 0 1073779962 0 0 0 17 7 0 0 0 0 0 366870507912 366870508072 367424618496 549156207218 549156207265 549156207265 549156208609 0
T 5140.99
P 28552 13161 20010055 appspawn-x
28552 (com.example.hel) S 13161 0 0 0 -1 4194624 46317 0 2 0 107 77 0 0 0 -20 34 0 512976 4043182080 68002 18446744073709551615 366870431252 366870496976 549156205216 0 0 0 4612 0 1073779962 0 0 0 17 7 0 0 0 0 0 366870507912 366870508072 367424618496 549156207218 549156207265 549156207265 549156208609 0
T 5141.18
P 28552 13161 20010055 appspawn-x
28552 (com.example.hel) S 13161 0 0 0 -1 4194624 46317 0 2 0 107 77 0 0 0 -20 34 0 512976 4043182080 68002 18446744073709551615 366870431252 366870496976 549156205216 0 0 0 4612 0 1073779962 0 0 0 17 7 0 0 0 0 0 366870507912 366870508072 367424618496 549156207218 549156207265 549156207265 549156208609 0
T 5141.38
P 28552 13161 20010055 appspawn-x
28552 (com.example.hel) S 13161 0 0 0 -1 4194624 46317 0 2 0 107 77 0 0 0 -20 34 0 512976 4043182080 68002 18446744073709551615 366870431252 366870496976 549156205216 0 0 0 4612 0 1073779962 0 0 0 17 7 0 0 0 0 0 366870507912 366870508072 367424618496 549156207218 549156207265 549156207265 549156208609 0
T 5141.58
P 28552 13161 20010055 appspawn-x
28552 (com.example.hel) S 13161 0 0 0 -1 4194624 46317 0 2 0 107 77 0 0 0 -20 34 0 512976 4043182080 68002 18446744073709551615 366870431252 366870496976 549156205216 0 0 0 4612 0 1073779962 0 0 0 17 7 0 0 0 0 0 366870507912 366870508072 367424618496 549156207218 549156207265 549156207265 549156208609 0
T 5141.74
P 28552 13161 20010055 appspawn-x
28552 (com.example.hel) S 13161 0 0 0 -1 4194624 46317 0 2 0 107 77 0 0 0 -20 34 0 512976 4043182080 68002 18446744073709551615 366870431252 366870496976 549156205216 0 0 0 4612 0 1073779962 0 0 0 17 7 0 0 0 0 0 366870507912 366870508072 367424618496 549156207218 549156207265 549156207265 549156208609 0
T 5141.92
P 28552 13161 20010055 appspawn-x
28552 (com.example.hel) S 13161 0 0 0 -1 4194624 46317 0 2 0 107 77 0 0 0 -20 34 0 512976 4043182080 68002 18446744073709551615 366870431252 366870496976 549156205216 0 0 0 4612 0 1073779962 0 0 0 17 7 0 0 0 0 0 366870507912 366870508072 367424618496 549156207218 549156207265 549156207265 549156208609 0
T 5142.10
P 28552 13161 20010055 appspawn-x
28552 (com.example.hel) S 13161 0 0 0 -1 4194624 46317 0 2 0 107 77 0 0 0 -20 34 0 512976 4043182080 68002 18446744073709551615 366870431252 366870496976 549156205216 0 0 0 4612 0 1073779962 0 0 0 17 7 0 0 0 0 0 366870507912 366870508072 367424618496 549156207218 549156207265 549156207265 549156208609 0
T 5142.28
P 28552 13161 20010055 appspawn-x
28552 (com.example.hel) S 13161 0 0 0 -1 4194624 46317 0 2 0 107 77 0 0 0 -20 34 0 512976 4043182080 68002 18446744073709551615 366870431252 366870496976 549156205216 0 0 0 4612 0 1073779962 0 0 0 17 7 0 0 0 0 0 366870507912 366870508072 367424618496 549156207218 549156207265 549156207265 549156208609 0
T 5142.48
P 28552 13161 20010055 appspawn-x
28552 (com.example.hel) S 13161 0 0 0 -1 4194624 46317 0 2 0 107 77 0 0 0 -20 34 0 512976 4043182080 68002 18446744073709551615 366870431252 366870496976 549156205216 0 0 0 4612 0 1073779962 0 0 0 17 7 0 0 0 0 0 366870507912 366870508072 367424618496 549156207218 549156207265 549156207265 549156208609 0
T 5142.68
P 28552 13161 20010055 appspawn-x
28552 (com.example.hel) S 13161 0 0 0 -1 4194624 46317 0 2 0 107 77 0 0 0 -20 34 0 512976 4043182080 68002 18446744073709551615 366870431252 366870496976 549156205216 0 0 0 4612 0 1073779962 0 0 0 17 7 0 0 0 0 0 366870507912 366870508072 367424618496 549156207218 549156207265 549156207265 549156208609 0
T 5142.87
P 28552 13161 20010055 appspawn-x
28552 (com.example.hel) S 13161 0 0 0 -1 4194624 46317 0 2 0 107 77 0 0 0 -20 34 0 512976 4043182080 68002 18446744073709551615 366870431252 366870496976 549156205216 0 0 0 4612 0 1073779962 0 0 0 17 7 0 0 0 0 0 366870507912 366870508072 367424618496 549156207218 549156207265 549156207265 549156208609 0
T 5143.06
P 28552 13161 20010055 appspawn-x
28552 (com.example.hel) S 13161 0 0 0 -1 4194624 46317 0 2 0 107 77 0 0 0 -20 34 0 512976 4043182080 68002 18446744073709551615 366870431252 366870496976 549156205216 0 0 0 4612 0 1073779962 0 0 0 17 7 0 0 0 0 0 366870507912 366870508072 367424618496 549156207218 549156207265 549156207265 549156208609 0
T 5143.22
P 28552 13161 20010055 appspawn-x
28552 (com.example.hel) S 13161 0 0 0 -1 4194624 46317 0 2 0 107 77 0 0 0 -20 34 0 512976 4043182080 68002 18446744073709551615 366870431252 366870496976 549156205216 0 0 0 4612 0 1073779962 0 0 0 17 7 0 0 0 0 0 366870507912 366870508072 367424618496 549156207218 549156207265 549156207265 549156208609 0
T 5143.41
P 28552 13161 20010055 appspawn-x
28552 (com.example.hel) S 13161 0 0 0 -1 4194624 46317 0 2 0 107 77 0 0 0 -20 34 0 512976 4043182080 68002 18446744073709551615 366870431252 366870496976 549156205216 0 0 0 4612 0 1073779962 0 0 0 17 7 0 0 0 0 0 366870507912 366870508072 367424618496 549156207218 549156207265 549156207265 549156208609 0
T 5143.60
P 28552 13161 20010055 appspawn-x
28552 (com.example.hel) S 13161 0 0 0 -1 4194624 46317 0 2 0 107 77 0 0 0 -20 34 0 512976 4043182080 68002 18446744073709551615 366870431252 366870496976 549156205216 0 0 0 4612 0 1073779962 0 0 0 17 7 0 0 0 0 0 366870507912 366870508072 367424618496 549156207218 549156207265 549156207265 549156208609 0
T 5143.80
P 28552 13161 20010055 appspawn-x
28552 (com.example.hel) S 13161 0 0 0 -1 4194624 46317 0 2 0 107 77 0 0 0 -20 34 0 512976 4043182080 68002 18446744073709551615 366870431252 366870496976 549156205216 0 0 0 4612 0 1073779962 0 0 0 17 7 0 0 0 0 0 366870507912 366870508072 367424618496 549156207218 549156207265 549156207265 549156208609 0
T 5143.98
P 28552 13161 20010055 appspawn-x
28552 (com.example.hel) S 13161 0 0 0 -1 4194624 46317 0 2 0 107 77 0 0 0 -20 34 0 512976 4043182080 68002 18446744073709551615 366870431252 366870496976 549156205216 0 0 0 4612 0 1073779962 0 0 0 17 7 0 0 0 0 0 366870507912 366870508072 367424618496 549156207218 549156207265 549156207265 549156208609 0
T 5144.18
P 28552 13161 20010055 appspawn-x
28552 (com.example.hel) S 13161 0 0 0 -1 4194624 46317 0 2 0 107 77 0 0 0 -20 34 0 512976 4043182080 68002 18446744073709551615 366870431252 366870496976 549156205216 0 0 0 4612 0 1073779962 0 0 0 17 7 0 0 0 0 0 366870507912 366870508072 367424618496 549156207218 549156207265 549156207265 549156208609 0
T 5144.38
P 28552 13161 20010055 appspawn-x
28552 (com.example.hel) S 13161 0 0 0 -1 4194624 46317 0 2 0 107 77 0 0 0 -20 34 0 512976 4043182080 67870 18446744073709551615 366870431252 366870496976 549156205216 0 0 0 4612 0 1073779962 0 0 0 17 7 0 0 0 0 0 366870507912 366870508072 367424618496 549156207218 549156207265 549156207265 549156208609 0
T 5144.58
P 28552 13161 20010055 appspawn-x
28552 (com.example.hel) S 13161 0 0 0 -1 4194624 46317 0 2 0 107 77 0 0 0 -20 34 0 512976 4043182080 67870 18446744073709551615 366870431252 366870496976 549156205216 0 0 0 4612 0 1073779962 0 0 0 17 7 0 0 0 0 0 366870507912 366870508072 367424618496 549156207218 549156207265 549156207265 549156208609 0
T 5144.76
P 28552 13161 20010055 appspawn-x
28552 (com.example.hel) S 13161 0 0 0 -1 4194624 46317 0 2 0 107 77 0 0 0 -20 34 0 512976 4043182080 67870 18446744073709551615 366870431252 366870496976 549156205216 0 0 0 4612 0 1073779962 0 0 0 17 7 0 0 0 0 0 366870507912 366870508072 367424618496 549156207218 549156207265 549156207265 549156208609 0
T 5144.94
P 28552 13161 20010055 appspawn-x
28552 (com.example.hel) S 13161 0 0 0 -1 4194624 46317 0 2 0 107 77 0 0 0 -20 34 0 512976 4043182080 67870 18446744073709551615 366870431252 366870496976 549156205216 0 0 0 4612 0 1073779962 0 0 0 17 7 0 0 0 0 0 366870507912 366870508072 367424618496 549156207218 549156207265 549156207265 549156208609 0
T 5145.14
P 28552 13161 20010055 appspawn-x
28552 (com.example.hel) S 13161 0 0 0 -1 4194624 46317 0 2 0 107 77 0 0 0 -20 34 0 512976 4043182080 67870 18446744073709551615 366870431252 366870496976 549156205216 0 0 0 4612 0 1073779962 0 0 0 17 7 0 0 0 0 0 366870507912 366870508072 367424618496 549156207218 549156207265 549156207265 549156208609 0
T 5145.29
P 28552 13161 20010055 appspawn-x
28552 (com.example.hel) S 13161 0 0 0 -1 4194624 46317 0 2 0 107 77 0 0 0 -20 34 0 512976 4043182080 67870 18446744073709551615 366870431252 366870496976 549156205216 0 0 0 4612 0 1073779962 0 0 0 17 7 0 0 0 0 0 366870507912 366870508072 367424618496 549156207218 549156207265 549156207265 549156208609 0
T 5145.50
P 28552 13161 20010055 appspawn-x
28552 (com.example.hel) S 13161 0 0 0 -1 4194624 46317 0 2 0 107 77 0 0 0 -20 34 0 512976 4043182080 67870 18446744073709551615 366870431252 366870496976 549156205216 0 0 0 4612 0 1073779962 0 0 0 17 7 0 0 0 0 0 366870507912 366870508072 367424618496 549156207218 549156207265 549156207265 549156208609 0
