T 592.47
T 592.68
T 592.86
P 13213 9847 20010057 appspawn-x
13213 (org.wikipedia) R 9847 0 0 0 -1 4194624 248 0 0 0 9 2 0 0 0 -20 1 0 59286 2197676032 1606 18446744073709551615 366504318740 366504385408 548786572672 0 0 0 0 4096 1073775866 0 0 0 17 4 0 0 0 0 0 366504396344 366504396504 366837297152 548786575965 548786576012 548786576012 548786577377 0
T 593.10
P 13213 9847 20010057 appspawn-x
13213 (org.wikipedia) R 9847 0 0 0 -1 4194624 8533 0 0 0 16 12 0 0 0 -20 1 0 59286 2454024192 13806 18446744073709551615 366504318740 366504385408 548786572672 0 0 0 0 4096 1073775866 0 0 0 17 6 0 0 0 0 0 366504396344 366504396504 366837297152 548786575965 548786576012 548786576012 548786577377 0
T 593.29
P 13213 9847 20010057 appspawn-x
13213 (main) R 9847 0 0 0 -1 4194624 14285 0 0 0 23 19 0 0 0 -20 10 0 59286 3358789632 19688 18446744073709551615 366504318740 366504385408 548786572672 0 0 0 4612 0 1073779962 0 0 0 17 5 0 0 0 0 0 366504396344 366504396504 366837297152 548786575965 548786576012 548786576012 548786577377 0
T 593.48
P 13213 9847 20010057 appspawn-x
13213 (main) R 9847 0 0 0 -1 4194624 16582 0 0 0 35 26 0 0 0 -20 10 0 59286 3518779392 25939 18446744073709551615 366504318740 366504385408 548786572672 0 0 0 4612 0 1073779962 0 0 0 17 5 0 0 0 0 0 366504396344 366504396504 366837297152 548786575965 548786576012 548786576012 548786577377 0
T 593.67
P 13213 9847 20010057 appspawn-x
13213 (main) R 9847 0 0 0 -1 4194624 20003 0 0 0 47 34 0 0 0 -20 10 0 59286 3576197120 42858 18446744073709551615 366504318740 366504385408 548786572672 0 0 0 4612 0 1073779962 0 0 0 17 5 0 0 0 0 0 366504396344 366504396504 366837297152 548786575965 548786576012 548786576012 548786577377 0
T 593.86
P 13213 9847 20010057 appspawn-x
13213 (org.wikipedia) R 9847 0 0 0 -1 4194624 22038 0 0 0 60 39 0 0 0 -20 12 0 59286 3687395328 52348 18446744073709551615 366504318740 366504385408 548786572672 0 0 0 4612 0 1073779962 0 0 0 17 5 0 0 0 0 0 366504396344 366504396504 366837297152 548786575965 548786576012 548786576012 548786577377 0
T 594.06
P 13213 9847 20010057 appspawn-x
13213 (org.wikipedia) R 9847 0 0 0 -1 4194624 30225 0 0 0 71 47 0 0 0 -20 12 0 59286 3717480448 59692 18446744073709551615 366504318740 366504385408 548786572672 0 0 0 4612 0 1073779962 0 0 0 17 5 0 0 0 0 0 366504396344 366504396504 366837297152 548786575965 548786576012 548786576012 548786577377 0
T 594.25
P 13213 9847 20010057 appspawn-x
13213 (org.wikipedia) R 9847 0 0 0 -1 4194624 37326 0 0 0 82 55 0 0 0 -20 12 0 59286 3740262400 65268 18446744073709551615 366504318740 366504385408 548786572672 0 0 0 4612 0 1073779962 0 0 0 17 4 0 0 0 0 0 366504396344 366504396504 366837297152 548786575965 548786576012 548786576012 548786577377 0
T 594.44
P 13213 9847 20010057 appspawn-x
13213 (org.wikipedia) R 9847 0 0 0 -1 4194624 38829 0 0 0 96 61 0 0 0 -20 12 0 59286 3696132096 55740 18446744073709551615 366504318740 366504385408 548786572672 0 0 0 4612 0 1073779962 0 0 0 17 4 0 0 0 0 0 366504396344 366504396504 366837297152 548786575965 548786576012 548786576012 548786577377 0
T 594.64
P 13213 9847 20010057 appspawn-x
13213 (org.wikipedia) R 9847 0 0 0 -1 4194624 42731 0 1 0 108 70 0 0 0 -20 13 0 59286 3787046912 62565 18446744073709551615 366504318740 366504385408 548786572672 0 0 0 4612 0 1073779962 0 0 0 17 6 0 0 0 0 0 366504396344 366504396504 366837297152 548786575965 548786576012 548786576012 548786577377 0
T 594.82
P 13213 9847 20010057 appspawn-x
13213 (org.wikipedia) R 9847 0 0 0 -1 4194624 44542 0 1 0 125 71 0 0 0 -20 13 0 59286 3787419648 63730 18446744073709551615 366504318740 366504385408 548786572672 0 0 0 4612 0 1073779962 0 0 0 17 6 0 0 0 0 0 366504396344 366504396504 366837297152 548786575965 548786576012 548786576012 548786577377 0
T 595.01
P 13213 9847 20010057 appspawn-x
13213 (org.wikipedia) R 9847 0 0 0 -1 4194624 46393 0 13 0 129 76 0 0 0 -20 14 0 59286 3811872768 65940 18446744073709551615 366504318740 366504385408 548786572672 0 0 0 4612 0 1073779962 0 0 0 17 6 0 0 0 0 0 366504396344 366504396504 366837297152 548786575965 548786576012 548786576012 548786577377 0
T 595.18
P 13213 9847 20010057 appspawn-x
13213 (org.wikipedia) R 9847 0 0 0 -1 4194624 47046 0 13 0 145 86 0 0 0 -20 14 0 59286 3812409344 66268 18446744073709551615 366504318740 366504385408 548786572672 0 0 0 4612 0 1073779962 0 0 0 17 6 0 0 0 0 0 366504396344 366504396504 366837297152 548786575965 548786576012 548786576012 548786577377 0
T 595.43
P 13213 9847 20010057 appspawn-x
13213 (org.wikipedia) R 9847 0 0 0 -1 4194624 47819 0 13 0 159 96 0 0 0 -20 14 0 59286 3812814848 66595 18446744073709551615 366504318740 366504385408 548786572672 0 0 0 4612 0 1073779962 0 0 0 17 6 0 0 0 0 0 366504396344 366504396504 366837297152 548786575965 548786576012 548786576012 548786577377 0
T 595.66
P 13213 9847 20010057 [org.wikipedia]
13213 (org.wikipedia) Z 9847 0 0 0 -1 4227396 48491 0 16 0 169 103 0 0 0 -20 2 0 59286 0 0 18446744073709551615 0 0 0 0 0 0 4612 0 1073779962 0 0 0 17 0 0 0 0 0 0 0 0 0 0 0 0 0 0
T 595.85
T 596.06
T 596.24
T 596.44
T 596.61
T 596.79
T 596.95
T 597.11
T 597.28
T 597.46
T 597.65
T 597.82
T 598.00
T 598.20
T 598.38
T 598.56
T 598.74
T 598.93
T 599.12
T 599.31
T 599.50
T 599.68
T 599.88
T 600.06
T 600.24
T 600.42
T 600.58
T 600.78
T 600.96
T 601.14
T 601.34
T 601.52
T 601.70
T 601.88
T 602.06
T 602.26
T 602.44
T 602.62
T 602.82
T 603.02
T 603.20
T 603.38
T 603.56
T 603.74
T 603.92
T 604.11
T 604.30
T 604.49
T 604.68
T 604.86
T 605.04
T 605.22
T 605.40
T 605.57
T 605.76
T 605.96
T 606.14
T 606.33
T 606.52
T 606.72
T 606.90
T 607.09
T 607.28
T 607.47
T 607.64
T 607.82
T 608.00
T 608.18
T 608.37
T 608.55
