T 30905.09
T 30905.28
T 30905.47
T 30905.66
P 5337 4012 20010055 appspawn-x
5337 (mple.helloworld) R 4012 0 0 0 -1 4194624 250 0 0 0 7 3 0 0 0 -20 1 0 3090565 2197721088 1609 18446744073709551615 366832855428 366832923648 549657333712 0 0 0 0 4096 1073775866 0 0 0 17 6 0 0 0 0 0 366832934600 366832934760 367585472512 549657336434 549657336481 549657336481 549657337825 0
T 30905.87
P 5337 4012 20010055 appspawn-x
5337 (mple.helloworld) R 4012 0 0 0 -1 4194624 6704 0 0 0 17 12 0 0 0 -20 1 0 3090565 2453811200 11971 18446744073709551615 366832855428 366832923648 549657333712 0 0 0 0 4096 1073775866 0 0 0 17 7 0 0 0 0 0 366832934600 366832934760 367585472512 549657336434 549657336481 549657336481 549657337825 0
T 30906.06
P 5337 4012 20010055 appspawn-x
5337 (main) R 4012 0 0 0 -1 4194624 14194 0 0 0 22 23 0 0 0 -20 10 0 3090565 3361165312 19926 18446744073709551615 366832855428 366832923648 549657333712 0 0 0 4612 0 1073779962 0 0 0 17 7 0 0 0 0 0 366832934600 366832934760 367585472512 549657336434 549657336481 549657336481 549657337825 0
T 30906.24
P 5337 4012 20010055 appspawn-x
5337 (main) R 4012 0 0 0 -1 4194624 16619 0 0 0 30 30 0 0 0 -20 10 0 3090565 3518676992 25686 18446744073709551615 366832855428 366832923648 549657333712 0 0 0 4612 0 1073779962 0 0 0 17 7 0 0 0 0 0 366832934600 366832934760 367585472512 549657336434 549657336481 549657336481 549657337825 0
T 30906.39
P 5337 4012 20010055 appspawn-x
5337 (main) R 4012 0 0 0 -1 4194624 19902 0 0 0 42 35 0 0 0 -20 10 0 3090565 3572367360 42104 18446744073709551615 366832855428 366832923648 549657333712 0 0 0 4612 0 1073779962 0 0 0 17 7 0 0 0 0 0 366832934600 366832934760 367585472512 549657336434 549657336481 549657336481 549657337825 0
T 30906.55
P 5337 4012 20010055 appspawn-x
5337 (main) S 4012 0 0 0 -1 1077936448 22120 0 1 0 54 41 0 0 0 -20 12 0 3090565 3690463232 51083 18446744073709551615 366832855428 366832923648 549657333712 0 0 0 4612 0 1073779962 0 0 0 17 7 0 0 0 0 0 366832934600 366832934760 367585472512 549657336434 549657336481 549657336481 549657337825 0
T 30906.74
P 5337 4012 20010055 appspawn-x
5337 (com.example.hel) R 4012 0 0 0 -1 4194624 29415 0 1 0 62 48 0 0 0 -20 12 0 3090565 3715526656 58342 18446744073709551615 366832855428 366832923648 549657333712 0 0 0 4612 0 1073779962 0 0 0 17 7 0 0 0 0 0 366832934600 366832934760 367585472512 549657336434 549657336481 549657336481 549657337825 0
T 30906.90
P 5337 4012 20010055 appspawn-x
5337 (com.example.hel) R 4012 0 0 0 -1 4194624 37677 0 1 0 75 52 0 0 0 -20 12 0 3090565 3743031296 65015 18446744073709551615 366832855428 366832923648 549657333712 0 0 0 4612 0 1073779962 0 0 0 17 7 0 0 0 0 0 366832934600 366832934760 367585472512 549657336434 549657336481 549657336481 549657337825 0
T 30907.07
P 5337 4012 20010055 appspawn-x
5337 (com.example.hel) R 4012 0 0 0 -1 4194624 39253 0 1 0 87 56 0 0 0 -20 12 0 3090565 3704987648 55776 18446744073709551615 366832855428 366832923648 549657333712 0 0 0 4612 0 1073779962 0 0 0 17 7 0 0 0 0 0 366832934600 366832934760 367585472512 549657336434 549657336481 549657336481 549657337825 0
T 30907.23
T 30907.39
T 30907.54
T 30907.70
T 30907.87
T 30908.03
T 30908.19
T 30908.34
T 30908.50
T 30908.66
T 30908.83
T 30909.00
T 30909.20
T 30909.37
T 30909.56
T 30909.74
T 30909.92
T 30910.10
T 30910.28
T 30910.46
T 30910.64
T 30910.84
T 30911.01
T 30911.18
T 30911.35
T 30911.54
T 30911.71
T 30911.93
T 30912.12
T 30912.31
T 30912.49
T 30912.67
T 30912.86
T 30913.05
T 30913.24
T 30913.44
T 30913.64
T 30913.82
T 30913.98
T 30914.17
T 30914.33
T 30914.49
T 30914.64
T 30914.80
T 30914.95
T 30915.13
T 30915.29
T 30915.44
T 30915.64
T 30915.81
T 30915.98
T 30916.16
T 30916.35
T 30916.53
T 30916.69
T 30916.87
T 30917.04
T 30917.22
T 30917.39
T 30917.57
T 30917.75
T 30917.93
T 30918.11
T 30918.30
T 30918.48
T 30918.65
T 30918.82
T 30919.00
T 30919.17
T 30919.35
T 30919.52
T 30919.71
T 30919.90
T 30920.10
T 30920.28
T 30920.45
T 30920.63
T 30920.81
T 30921.00
