T 2813.47
T 2813.63
T 2813.82
P 25183 13161 20010055 appspawn-x
25183 (mple.helloworld) R 13161 0 0 0 -1 4194624 248 0 0 0 1 2 0 0 0 -20 1 0 281383 2197676032 1617 18446744073709551615 366870431252 366870496976 549156205216 0 0 0 0 4096 1073775866 0 0 0 17 4 0 0 0 0 0 366870507912 366870508072 367424618496 549156207218 549156207265 549156207265 549156208609 0
T 2814.01
P 25183 13161 20010055 appspawn-x
25183 (mple.helloworld) R 13161 0 0 0 -1 4456768 1632 0 3 0 14 7 0 0 0 -20 1 0 281383 2456219648 4782 18446744073709551615 366870431252 366870496976 549156205216 0 0 0 0 4096 1073775866 0 0 0 17 4 0 0 0 0 0 366870507912 366870508072 367424618496 549156207218 549156207265 549156207265 549156208609 0
T 2814.20
P 25183 13161 20010055 appspawn-x
25183 (mple.helloworld) R 13161 0 0 0 -1 4194624 9424 0 57 0 16 21 0 0 0 -20 1 0 281383 2456219648 13939 18446744073709551615 366870431252 366870496976 549156205216 0 0 0 0 4096 1073775866 0 0 0 17 7 0 0 0 0 0 366870507912 366870508072 367424618496 549156207218 549156207265 549156207265 549156208609 0
T 2814.38
P 25183 13161 20010055 appspawn-x
25183 (main) R 13161 0 0 0 -1 4194624 14581 0 78 0 23 30 0 0 0 -20 10 0 281383 3443355648 20068 18446744073709551615 366870431252 366870496976 549156205216 0 0 0 4612 0 1073779962 0 0 0 17 4 0 0 0 0 0 366870507912 366870508072 367424618496 549156207218 549156207265 549156207265 549156208609 0
T 2814.58
P 25183 13161 20010055 appspawn-x
25183 (main) R 13161 0 0 0 -1 4194624 16534 0 120 0 33 35 0 0 0 -20 10 0 281383 3520974848 25322 18446744073709551615 366870431252 366870496976 549156205216 0 0 0 4612 0 1073779962 0 0 0 17 7 0 0 0 0 0 366870507912 366870508072 367424618496 549156207218 549156207265 549156207265 549156208609 0
T 2814.74
P 25183 13161 20010055 appspawn-x
25183 (main) R 13161 0 0 0 -1 4194624 19794 0 133 0 45 38 0 0 0 -20 10 0 281383 3574657024 41428 18446744073709551615 366870431252 366870496976 549156205216 0 0 0 4612 0 1073779962 0 0 0 17 7 0 0 0 0 0 366870507912 366870508072 367424618496 549156207218 549156207265 549156207265 549156208609 0
T 2814.90
P 25183 13161 20010055 appspawn-x
25183 (main) R 13161 0 0 0 -1 4194624 21660 0 139 0 56 46 0 0 0 -20 12 0 281383 3688865792 48756 18446744073709551615 366870431252 366870496976 549156205216 0 0 0 4612 0 1073779962 0 0 0 17 5 0 0 0 0 0 366870507912 366870508072 367424618496 549156207218 549156207265 549156207265 549156208609 0
T 2815.10
P 25183 13161 20010055 appspawn-x
25183 (com.example.hel) R 13161 0 0 0 -1 4194624 30232 0 139 0 64 57 0 0 0 -20 12 0 281383 3719569408 57157 18446744073709551615 366870431252 366870496976 549156205216 0 0 0 4612 0 1073779962 0 0 0 17 7 0 0 0 0 0 366870507912 366870508072 367424618496 549156207218 549156207265 549156207265 549156208609 0
T 2815.30
P 25183 13161 20010055 appspawn-x
25183 (com.example.hel) R 13161 0 0 0 -1 4194624 38022 0 139 0 80 62 0 0 0 -20 12 0 281383 3745075200 63405 18446744073709551615 366870431252 366870496976 549156205216 0 0 0 4612 0 1073779962 0 0 0 17 7 0 0 0 0 0 366870507912 366870508072 367424618496 549156207218 549156207265 549156207265 549156208609 0
T 2815.51
P 25183 13161 20010055 appspawn-x
25183 (com.example.hel) R 13161 0 0 0 -1 4194624 39979 0 139 0 92 68 0 0 0 -20 13 0 281383 3778031616 56261 18446744073709551615 366870431252 366870496976 549156205216 0 0 0 4612 0 1073779962 0 0 0 17 7 0 0 0 0 0 366870507912 366870508072 367424618496 549156207218 549156207265 549156207265 549156208609 0
T 2815.69
P 25183 13161 20010055 appspawn-x
25183 (com.example.hel) R 13161 0 0 0 -1 4456768 41300 0 141 0 98 75 0 0 0 -20 19 0 281383 3830906880 61369 18446744073709551615 366870431252 366870496976 549156205216 0 0 0 4612 0 1073779962 0 0 0 17 4 0 0 0 0 0 366870507912 366870508072 367424618496 549156207218 549156207265 549156207265 549156208609 0
T 2815.88
P 25183 13161 20010055 appspawn-x
25183 (com.example.hel) S 13161 0 0 0 -1 4194624 45927 0 142 0 108 84 0 0 0 -20 33 0 281383 4035911680 68603 18446744073709551615 366870431252 366870496976 549156205216 0 0 0 4612 0 1073779962 0 0 0 17 7 0 0 0 0 0 366870507912 366870508072 367424618496 549156207218 549156207265 549156207265 549156208609 0
T 2816.10
P 25183 13161 20010055 appspawn-x
25183 (com.example.hel) S 13161 0 0 0 -1 4194624 45952 0 142 0 110 86 0 0 0 -20 33 0 281383 4035915776 68608 18446744073709551615 366870431252 366870496976 549156205216 0 0 0 4612 0 1073779962 0 0 0 17 6 0 0 0 0 0 366870507912 366870508072 367424618496 549156207218 549156207265 549156207265 549156208609 0
T 2816.26
P 25183 13161 20010055 appspawn-x
25183 (com.example.hel) S 13161 0 0 0 -1 4194624 45962 0 142 0 110 86 0 0 0 -20 33 0 281383 4035915776 68608 18446744073709551615 366870431252 366870496976 549156205216 0 0 0 4612 0 1073779962 0 0 0 17 1 0 0 0 0 0 366870507912 366870508072 367424618496 549156207218 549156207265 549156207265 549156208609 0
T 2816.42
P 25183 13161 20010055 appspawn-x
25183 (com.example.hel) S 13161 0 0 0 -1 4194624 45962 0 142 0 110 86 0 0 0 -20 33 0 281383 4035387392 68541 18446744073709551615 366870431252 366870496976 549156205216 0 0 0 4612 0 1073779962 0 0 0 17 1 0 0 0 0 0 366870507912 366870508072 367424618496 549156207218 549156207265 549156207265 549156208609 0
T 2816.58
P 25183 13161 20010055 appspawn-x
25183 (com.example.hel) S 13161 0 0 0 -1 4194624 45962 0 142 0 110 86 0 0 0 -20 33 0 281383 4035080192 68474 18446744073709551615 366870431252 366870496976 549156205216 0 0 0 4612 0 1073779962 0 0 0 17 1 0 0 0 0 0 366870507912 366870508072 367424618496 549156207218 549156207265 549156207265 549156208609 0
T 2816.74
P 25183 13161 20010055 appspawn-x
25183 (com.example.hel) S 13161 0 0 0 -1 4194624 45962 0 142 0 110 86 0 0 0 -20 33 0 281383 4034940928 68441 18446744073709551615 366870431252 366870496976 549156205216 0 0 0 4612 0 1073779962 0 0 0 17 1 0 0 0 0 0 366870507912 366870508072 367424618496 549156207218 549156207265 549156207265 549156208609 0
T 2816.90
P 25183 13161 20010055 appspawn-x
25183 (com.example.hel) S 13161 0 0 0 -1 4194624 45962 0 142 0 110 86 0 0 0 -20 33 0 281383 4034662400 68433 18446744073709551615 366870431252 366870496976 549156205216 0 0 0 4612 0 1073779962 0 0 0 17 1 0 0 0 0 0 366870507912 366870508072 367424618496 549156207218 549156207265 549156207265 549156208609 0
T 2817.08
P 25183 13161 20010055 appspawn-x
25183 (com.example.hel) S 13161 0 0 0 -1 4194624 45962 0 142 0 110 86 0 0 0 -20 33 0 281383 4034662400 68433 18446744073709551615 366870431252 366870496976 549156205216 0 0 0 4612 0 1073779962 0 0 0 17 1 0 0 0 0 0 366870507912 366870508072 367424618496 549156207218 549156207265 549156207265 549156208609 0
T 2817.26
P 25183 13161 20010055 appspawn-x
25183 (com.example.hel) S 13161 0 0 0 -1 4194624 45972 0 142 0 111 86 0 0 0 -20 33 0 281383 4034662400 68433 18446744073709551615 366870431252 366870496976 549156205216 0 0 0 4612 0 1073779962 0 0 0 17 1 0 0 0 0 0 366870507912 366870508072 367424618496 549156207218 549156207265 549156207265 549156208609 0
T 2817.46
P 25183 13161 20010055 appspawn-x
25183 (com.example.hel) S 13161 0 0 0 -1 4194624 45972 0 142 0 111 86 0 0 0 -20 33 0 281383 4034662400 68433 18446744073709551615 366870431252 366870496976 549156205216 0 0 0 4612 0 1073779962 0 0 0 17 1 0 0 0 0 0 366870507912 366870508072 367424618496 549156207218 549156207265 549156207265 549156208609 0
T 2817.62
P 25183 13161 20010055 appspawn-x
25183 (com.example.hel) S 13161 0 0 0 -1 4194624 45973 0 142 0 111 86 0 0 0 -20 33 0 281383 4034662400 68433 18446744073709551615 366870431252 366870496976 549156205216 0 0 0 4612 0 1073779962 0 0 0 17 1 0 0 0 0 0 366870507912 366870508072 367424618496 549156207218 549156207265 549156207265 549156208609 0
T 2817.78
P 25183 13161 20010055 appspawn-x
25183 (com.example.hel) S 13161 0 0 0 -1 4194624 45973 0 142 0 111 86 0 0 0 -20 33 0 281383 4034662400 68433 18446744073709551615 366870431252 366870496976 549156205216 0 0 0 4612 0 1073779962 0 0 0 17 1 0 0 0 0 0 366870507912 366870508072 367424618496 549156207218 549156207265 549156207265 549156208609 0
T 2817.96
P 25183 13161 20010055 appspawn-x
25183 (com.example.hel) S 13161 0 0 0 -1 4194624 45973 0 142 0 111 86 0 0 0 -20 33 0 281383 4034662400 68433 18446744073709551615 366870431252 366870496976 549156205216 0 0 0 4612 0 1073779962 0 0 0 17 1 0 0 0 0 0 366870507912 366870508072 367424618496 549156207218 549156207265 549156207265 549156208609 0
T 2818.14
P 25183 13161 20010055 appspawn-x
25183 (com.example.hel) S 13161 0 0 0 -1 4194624 45973 0 142 0 111 86 0 0 0 -20 33 0 281383 4034662400 68433 18446744073709551615 366870431252 366870496976 549156205216 0 0 0 4612 0 1073779962 0 0 0 17 1 0 0 0 0 0 366870507912 366870508072 367424618496 549156207218 549156207265 549156207265 549156208609 0
T 2818.34
P 25183 13161 20010055 appspawn-x
25183 (com.example.hel) S 13161 0 0 0 -1 4194624 45973 0 142 0 111 86 0 0 0 -20 33 0 281383 4034662400 68433 18446744073709551615 366870431252 366870496976 549156205216 0 0 0 4612 0 1073779962 0 0 0 17 1 0 0 0 0 0 366870507912 366870508072 367424618496 549156207218 549156207265 549156207265 549156208609 0
T 2818.50
P 25183 13161 20010055 appspawn-x
25183 (com.example.hel) S 13161 0 0 0 -1 4194624 45973 0 142 0 111 86 0 0 0 -20 33 0 281383 4034662400 68433 18446744073709551615 366870431252 366870496976 549156205216 0 0 0 4612 0 1073779962 0 0 0 17 1 0 0 0 0 0 366870507912 366870508072 367424618496 549156207218 549156207265 549156207265 549156208609 0
T 2818.66
P 25183 13161 20010055 appspawn-x
25183 (com.example.hel) S 13161 0 0 0 -1 4194624 45983 0 142 0 111 86 0 0 0 -20 33 0 281383 4034662400 68556 18446744073709551615 366870431252 366870496976 549156205216 0 0 0 4612 0 1073779962 0 0 0 17 6 0 0 0 0 0 366870507912 366870508072 367424618496 549156207218 549156207265 549156207265 549156208609 0
T 2818.82
P 25183 13161 20010055 appspawn-x
25183 (com.example.hel) S 13161 0 0 0 -1 4194624 45983 0 142 0 111 86 0 0 0 -20 33 0 281383 4034662400 68556 18446744073709551615 366870431252 366870496976 549156205216 0 0 0 4612 0 1073779962 0 0 0 17 6 0 0 0 0 0 366870507912 366870508072 367424618496 549156207218 549156207265 549156207265 549156208609 0
T 2818.97
P 25183 13161 20010055 appspawn-x
25183 (com.example.hel) S 13161 0 0 0 -1 4194624 45983 0 142 0 111 86 0 0 0 -20 33 0 281383 4034662400 68556 18446744073709551615 366870431252 366870496976 549156205216 0 0 0 4612 0 1073779962 0 0 0 17 6 0 0 0 0 0 366870507912 366870508072 367424618496 549156207218 549156207265 549156207265 549156208609 0
T 2819.13
P 25183 13161 20010055 appspawn-x
25183 (com.example.hel) S 13161 0 0 0 -1 4194624 45983 0 142 0 111 86 0 0 0 -20 33 0 281383 4034662400 68556 18446744073709551615 366870431252 366870496976 549156205216 0 0 0 4612 0 1073779962 0 0 0 17 6 0 0 0 0 0 366870507912 366870508072 367424618496 549156207218 549156207265 549156207265 549156208609 0
T 2819.32
P 25183 13161 20010055 appspawn-x
25183 (com.example.hel) S 13161 0 0 0 -1 4194624 45983 0 142 0 111 86 0 0 0 -20 33 0 281383 4034662400 68556 18446744073709551615 366870431252 366870496976 549156205216 0 0 0 4612 0 1073779962 0 0 0 17 6 0 0 0 0 0 366870507912 366870508072 367424618496 549156207218 549156207265 549156207265 549156208609 0
T 2819.51
P 25183 13161 20010055 appspawn-x
25183 (com.example.hel) S 13161 0 0 0 -1 4194624 45983 0 142 0 111 86 0 0 0 -20 33 0 281383 4034662400 68556 18446744073709551615 366870431252 366870496976 549156205216 0 0 0 4612 0 1073779962 0 0 0 17 6 0 0 0 0 0 366870507912 366870508072 367424618496 549156207218 549156207265 549156207265 549156208609 0
T 2819.70
P 25183 13161 20010055 appspawn-x
25183 (com.example.hel) S 13161 0 0 0 -1 4194624 45983 0 142 0 111 86 0 0 0 -20 33 0 281383 4034662400 68556 18446744073709551615 366870431252 366870496976 549156205216 0 0 0 4612 0 1073779962 0 0 0 17 6 0 0 0 0 0 366870507912 366870508072 367424618496 549156207218 549156207265 549156207265 549156208609 0
T 2819.90
P 25183 13161 20010055 appspawn-x
25183 (com.example.hel) S 13161 0 0 0 -1 4194624 45983 0 142 0 111 86 0 0 0 -20 33 0 281383 4034662400 68556 18446744073709551615 366870431252 366870496976 549156205216 0 0 0 4612 0 1073779962 0 0 0 17 6 0 0 0 0 0 366870507912 366870508072 367424618496 549156207218 549156207265 549156207265 549156208609 0
T 2820.08
P 25183 13161 20010055 appspawn-x
25183 (com.example.hel) S 13161 0 0 0 -1 4194624 45983 0 142 0 111 86 0 0 0 -20 33 0 281383 4034662400 68556 18446744073709551615 366870431252 366870496976 549156205216 0 0 0 4612 0 1073779962 0 0 0 17 6 0 0 0 0 0 366870507912 366870508072 367424618496 549156207218 549156207265 549156207265 549156208609 0
T 2820.28
P 25183 13161 20010055 appspawn-x
25183 (com.example.hel) S 13161 0 0 0 -1 4194624 45983 0 142 0 111 86 0 0 0 -20 33 0 281383 4034662400 68556 18446744073709551615 366870431252 366870496976 549156205216 0 0 0 4612 0 1073779962 0 0 0 17 6 0 0 0 0 0 366870507912 366870508072 367424618496 549156207218 549156207265 549156207265 549156208609 0
T 2820.46
P 25183 13161 20010055 appspawn-x
25183 (com.example.hel) S 13161 0 0 0 -1 4194624 45983 0 142 0 111 86 0 0 0 -20 33 0 281383 4034662400 68556 18446744073709551615 366870431252 366870496976 549156205216 0 0 0 4612 0 1073779962 0 0 0 17 6 0 0 0 0 0 366870507912 366870508072 367424618496 549156207218 549156207265 549156207265 549156208609 0
T 2820.64
P 25183 13161 20010055 appspawn-x
25183 (com.example.hel) S 13161 0 0 0 -1 4194624 46005 0 142 0 112 87 0 0 0 -20 33 0 281383 4034662400 68552 18446744073709551615 366870431252 366870496976 549156205216 0 0 0 4612 0 1073779962 0 0 0 17 1 0 0 0 0 0 366870507912 366870508072 367424618496 549156207218 549156207265 549156207265 549156208609 0
T 2820.82
P 25183 13161 20010055 appspawn-x
25183 (com.example.hel) S 13161 0 0 0 -1 4194624 46005 0 142 0 112 87 0 0 0 -20 33 0 281383 4034662400 68552 18446744073709551615 366870431252 366870496976 549156205216 0 0 0 4612 0 1073779962 0 0 0 17 1 0 0 0 0 0 366870507912 366870508072 367424618496 549156207218 549156207265 549156207265 549156208609 0
T 2820.99
P 25183 13161 20010055 appspawn-x
25183 (com.example.hel) S 13161 0 0 0 -1 4194624 46005 0 142 0 112 87 0 0 0 -20 33 0 281383 4034662400 68552 18446744073709551615 366870431252 366870496976 549156205216 0 0 0 4612 0 1073779962 0 0 0 17 1 0 0 0 0 0 366870507912 366870508072 367424618496 549156207218 549156207265 549156207265 549156208609 0
T 2821.17
P 25183 13161 20010055 appspawn-x
25183 (com.example.hel) S 13161 0 0 0 -1 4194624 46005 0 142 0 112 87 0 0 0 -20 33 0 281383 4034662400 68552 18446744073709551615 366870431252 366870496976 549156205216 0 0 0 4612 0 1073779962 0 0 0 17 1 0 0 0 0 0 366870507912 366870508072 367424618496 549156207218 549156207265 549156207265 549156208609 0
T 2821.36
P 25183 13161 20010055 appspawn-x
25183 (com.example.hel) S 13161 0 0 0 -1 4194624 46005 0 142 0 112 87 0 0 0 -20 33 0 281383 4034662400 68552 18446744073709551615 366870431252 366870496976 549156205216 0 0 0 4612 0 1073779962 0 0 0 17 1 0 0 0 0 0 366870507912 366870508072 367424618496 549156207218 549156207265 549156207265 549156208609 0
T 2821.56
P 25183 13161 20010055 appspawn-x
25183 (com.example.hel) S 13161 0 0 0 -1 4194624 46005 0 142 0 112 87 0 0 0 -20 33 0 281383 4034662400 68552 18446744073709551615 366870431252 366870496976 549156205216 0 0 0 4612 0 1073779962 0 0 0 17 1 0 0 0 0 0 366870507912 366870508072 367424618496 549156207218 549156207265 549156207265 549156208609 0
T 2821.76
P 25183 13161 20010055 appspawn-x
25183 (com.example.hel) S 13161 0 0 0 -1 4194624 46005 0 142 0 112 87 0 0 0 -20 33 0 281383 4034662400 68552 18446744073709551615 366870431252 366870496976 549156205216 0 0 0 4612 0 1073779962 0 0 0 17 1 0 0 0 0 0 366870507912 366870508072 367424618496 549156207218 549156207265 549156207265 549156208609 0
T 2821.96
P 25183 13161 20010055 appspawn-x
25183 (com.example.hel) S 13161 0 0 0 -1 4194624 46005 0 142 0 112 87 0 0 0 -20 33 0 281383 4034662400 68552 18446744073709551615 366870431252 366870496976 549156205216 0 0 0 4612 0 1073779962 0 0 0 17 1 0 0 0 0 0 366870507912 366870508072 367424618496 549156207218 549156207265 549156207265 549156208609 0
T 2822.14
P 25183 13161 20010055 appspawn-x
25183 (com.example.hel) S 13161 0 0 0 -1 4194624 46005 0 142 0 112 87 0 0 0 -20 33 0 281383 4034662400 68552 18446744073709551615 366870431252 366870496976 549156205216 0 0 0 4612 0 1073779962 0 0 0 17 1 0 0 0 0 0 366870507912 366870508072 367424618496 549156207218 549156207265 549156207265 549156208609 0
T 2822.32
P 25183 13161 20010055 appspawn-x
25183 (com.example.hel) S 13161 0 0 0 -1 4194624 46005 0 142 0 112 87 0 0 0 -20 33 0 281383 4034662400 68552 18446744073709551615 366870431252 366870496976 549156205216 0 0 0 4612 0 1073779962 0 0 0 17 1 0 0 0 0 0 366870507912 366870508072 367424618496 549156207218 549156207265 549156207265 549156208609 0
T 2822.52
P 25183 13161 20010055 appspawn-x
25183 (com.example.hel) S 13161 0 0 0 -1 4194624 46005 0 142 0 112 87 0 0 0 -20 33 0 281383 4034662400 68552 18446744073709551615 366870431252 366870496976 549156205216 0 0 0 4612 0 1073779962 0 0 0 17 1 0 0 0 0 0 366870507912 366870508072 367424618496 549156207218 549156207265 549156207265 549156208609 0
T 2822.70
P 25183 13161 20010055 appspawn-x
25183 (com.example.hel) S 13161 0 0 0 -1 4194624 46005 0 142 0 112 87 0 0 0 -20 33 0 281383 4034662400 68552 18446744073709551615 366870431252 366870496976 549156205216 0 0 0 4612 0 1073779962 0 0 0 17 1 0 0 0 0 0 366870507912 366870508072 367424618496 549156207218 549156207265 549156207265 549156208609 0
T 2822.90
P 25183 13161 20010055 appspawn-x
25183 (com.example.hel) S 13161 0 0 0 -1 4194624 46005 0 142 0 112 87 0 0 0 -20 33 0 281383 4034662400 68552 18446744073709551615 366870431252 366870496976 549156205216 0 0 0 4612 0 1073779962 0 0 0 17 1 0 0 0 0 0 366870507912 366870508072 367424618496 549156207218 549156207265 549156207265 549156208609 0
T 2823.10
P 25183 13161 20010055 appspawn-x
25183 (com.example.hel) S 13161 0 0 0 -1 4194624 46005 0 142 0 112 87 0 0 0 -20 33 0 281383 4034662400 68552 18446744073709551615 366870431252 366870496976 549156205216 0 0 0 4612 0 1073779962 0 0 0 17 1 0 0 0 0 0 366870507912 366870508072 367424618496 549156207218 549156207265 549156207265 549156208609 0
T 2823.28
P 25183 13161 20010055 appspawn-x
25183 (com.example.hel) S 13161 0 0 0 -1 4194624 46005 0 142 0 112 87 0 0 0 -20 33 0 281383 4034662400 68552 18446744073709551615 366870431252 366870496976 549156205216 0 0 0 4612 0 1073779962 0 0 0 17 1 0 0 0 0 0 366870507912 366870508072 367424618496 549156207218 549156207265 549156207265 549156208609 0
T 2823.48
P 25183 13161 20010055 appspawn-x
25183 (com.example.hel) S 13161 0 0 0 -1 4194624 46005 0 142 0 112 87 0 0 0 -20 33 0 281383 4034662400 68552 18446744073709551615 366870431252 366870496976 549156205216 0 0 0 4612 0 1073779962 0 0 0 17 1 0 0 0 0 0 366870507912 366870508072 367424618496 549156207218 549156207265 549156207265 549156208609 0
T 2823.66
P 25183 13161 20010055 appspawn-x
25183 (com.example.hel) S 13161 0 0 0 -1 4194624 46073 0 142 0 113 87 0 0 0 -20 33 0 281383 4034662400 68538 18446744073709551615 366870431252 366870496976 549156205216 0 0 0 4612 0 1073779962 0 0 0 17 6 0 0 0 0 0 366870507912 366870508072 367424618496 549156207218 549156207265 549156207265 549156208609 0
T 2823.85
P 25183 13161 20010055 appspawn-x
25183 (com.example.hel) S 13161 0 0 0 -1 4194624 46073 0 142 0 113 87 0 0 0 -20 33 0 281383 4034662400 68538 18446744073709551615 366870431252 366870496976 549156205216 0 0 0 4612 0 1073779962 0 0 0 17 6 0 0 0 0 0 366870507912 366870508072 367424618496 549156207218 549156207265 549156207265 549156208609 0
T 2824.04
P 25183 13161 20010055 appspawn-x
25183 (com.example.hel) S 13161 0 0 0 -1 4194624 46073 0 142 0 113 87 0 0 0 -20 33 0 281383 4034662400 68538 18446744073709551615 366870431252 366870496976 549156205216 0 0 0 4612 0 1073779962 0 0 0 17 6 0 0 0 0 0 366870507912 366870508072 367424618496 549156207218 549156207265 549156207265 549156208609 0
T 2824.22
P 25183 13161 20010055 appspawn-x
25183 (com.example.hel) S 13161 0 0 0 -1 4194624 46073 0 142 0 113 87 0 0 0 -20 33 0 281383 4034662400 68538 18446744073709551615 366870431252 366870496976 549156205216 0 0 0 4612 0 1073779962 0 0 0 17 6 0 0 0 0 0 366870507912 366870508072 367424618496 549156207218 549156207265 549156207265 549156208609 0
T 2824.42
P 25183 13161 20010055 appspawn-x
25183 (com.example.hel) S 13161 0 0 0 -1 4194624 46073 0 142 0 113 87 0 0 0 -20 33 0 281383 4034662400 68538 18446744073709551615 366870431252 366870496976 549156205216 0 0 0 4612 0 1073779962 0 0 0 17 6 0 0 0 0 0 366870507912 366870508072 367424618496 549156207218 549156207265 549156207265 549156208609 0
T 2824.62
P 25183 13161 20010055 appspawn-x
25183 (com.example.hel) S 13161 0 0 0 -1 4194624 46073 0 142 0 113 87 0 0 0 -20 33 0 281383 4034662400 68538 18446744073709551615 366870431252 366870496976 549156205216 0 0 0 4612 0 1073779962 0 0 0 17 6 0 0 0 0 0 366870507912 366870508072 367424618496 549156207218 549156207265 549156207265 549156208609 0
T 2824.82
P 25183 13161 20010055 appspawn-x
25183 (com.example.hel) S 13161 0 0 0 -1 4194624 46073 0 142 0 113 87 0 0 0 -20 33 0 281383 4034662400 68538 18446744073709551615 366870431252 366870496976 549156205216 0 0 0 4612 0 1073779962 0 0 0 17 6 0 0 0 0 0 366870507912 366870508072 367424618496 549156207218 549156207265 549156207265 549156208609 0
T 2825.00
P 25183 13161 20010055 appspawn-x
25183 (com.example.hel) S 13161 0 0 0 -1 4194624 46073 0 142 0 113 87 0 0 0 -20 33 0 281383 4034662400 68538 18446744073709551615 366870431252 366870496976 549156205216 0 0 0 4612 0 1073779962 0 0 0 17 6 0 0 0 0 0 366870507912 366870508072 367424618496 549156207218 549156207265 549156207265 549156208609 0
T 2825.18
P 25183 13161 20010055 appspawn-x
25183 (com.example.hel) S 13161 0 0 0 -1 4194624 46073 0 142 0 113 87 0 0 0 -20 33 0 281383 4034662400 68538 18446744073709551615 366870431252 366870496976 549156205216 0 0 0 4612 0 1073779962 0 0 0 17 6 0 0 0 0 0 366870507912 366870508072 367424618496 549156207218 549156207265 549156207265 549156208609 0
T 2825.36
P 25183 13161 20010055 appspawn-x
25183 (com.example.hel) S 13161 0 0 0 -1 4194624 46073 0 142 0 113 87 0 0 0 -20 33 0 281383 4034662400 68538 18446744073709551615 366870431252 366870496976 549156205216 0 0 0 4612 0 1073779962 0 0 0 17 6 0 0 0 0 0 366870507912 366870508072 367424618496 549156207218 549156207265 549156207265 549156208609 0
T 2825.55
P 25183 13161 20010055 appspawn-x
25183 (com.example.hel) S 13161 0 0 0 -1 4194624 46073 0 142 0 113 87 0 0 0 -20 33 0 281383 4034662400 68538 18446744073709551615 366870431252 366870496976 549156205216 0 0 0 4612 0 1073779962 0 0 0 17 6 0 0 0 0 0 366870507912 366870508072 367424618496 549156207218 549156207265 549156207265 549156208609 0
T 2825.74
P 25183 13161 20010055 appspawn-x
25183 (com.example.hel) S 13161 0 0 0 -1 4194624 46073 0 142 0 113 87 0 0 0 -20 33 0 281383 4034662400 68538 18446744073709551615 366870431252 366870496976 549156205216 0 0 0 4612 0 1073779962 0 0 0 17 6 0 0 0 0 0 366870507912 366870508072 367424618496 549156207218 549156207265 549156207265 549156208609 0
T 2825.92
P 25183 13161 20010055 appspawn-x
25183 (com.example.hel) S 13161 0 0 0 -1 4194624 46073 0 142 0 113 87 0 0 0 -20 33 0 281383 4034662400 68538 18446744073709551615 366870431252 366870496976 549156205216 0 0 0 4612 0 1073779962 0 0 0 17 6 0 0 0 0 0 366870507912 366870508072 367424618496 549156207218 549156207265 549156207265 549156208609 0
T 2826.12
P 25183 13161 20010055 appspawn-x
25183 (com.example.hel) S 13161 0 0 0 -1 4194624 46073 0 142 0 113 87 0 0 0 -20 33 0 281383 4034662400 68538 18446744073709551615 366870431252 366870496976 549156205216 0 0 0 4612 0 1073779962 0 0 0 17 6 0 0 0 0 0 366870507912 366870508072 367424618496 549156207218 549156207265 549156207265 549156208609 0
T 2826.32
P 25183 13161 20010055 appspawn-x
25183 (com.example.hel) S 13161 0 0 0 -1 4194624 46073 0 142 0 113 87 0 0 0 -20 33 0 281383 4034662400 68538 18446744073709551615 366870431252 366870496976 549156205216 0 0 0 4612 0 1073779962 0 0 0 17 6 0 0 0 0 0 366870507912 366870508072 367424618496 549156207218 549156207265 549156207265 549156208609 0
T 2826.52
P 25183 13161 20010055 appspawn-x
25183 (com.example.hel) S 13161 0 0 0 -1 4194624 46073 0 142 0 113 87 0 0 0 -20 33 0 281383 4034662400 68538 18446744073709551615 366870431252 366870496976 549156205216 0 0 0 4612 0 1073779962 0 0 0 17 6 0 0 0 0 0 366870507912 366870508072 367424618496 549156207218 549156207265 549156207265 549156208609 0
T 2826.72
P 25183 13161 20010055 appspawn-x
25183 (com.example.hel) S 13161 0 0 0 -1 4194624 46073 0 142 0 113 87 0 0 0 -20 33 0 281383 4034662400 68538 18446744073709551615 366870431252 366870496976 549156205216 0 0 0 4612 0 1073779962 0 0 0 17 6 0 0 0 0 0 366870507912 366870508072 367424618496 549156207218 549156207265 549156207265 549156208609 0
T 2826.92
P 25183 13161 20010055 appspawn-x
25183 (com.example.hel) S 13161 0 0 0 -1 4194624 46073 0 142 0 113 87 0 0 0 -20 33 0 281383 4034662400 68538 18446744073709551615 366870431252 366870496976 549156205216 0 0 0 4612 0 1073779962 0 0 0 17 6 0 0 0 0 0 366870507912 366870508072 367424618496 549156207218 549156207265 549156207265 549156208609 0
T 2827.10
P 25183 13161 20010055 appspawn-x
25183 (com.example.hel) S 13161 0 0 0 -1 4194624 46073 0 142 0 113 87 0 0 0 -20 33 0 281383 4034662400 68538 18446744073709551615 366870431252 366870496976 549156205216 0 0 0 4612 0 1073779962 0 0 0 17 6 0 0 0 0 0 366870507912 366870508072 367424618496 549156207218 549156207265 549156207265 549156208609 0
T 2827.28
P 25183 13161 20010055 appspawn-x
25183 (com.example.hel) S 13161 0 0 0 -1 4194624 46073 0 142 0 113 87 0 0 0 -20 33 0 281383 4034662400 68538 18446744073709551615 366870431252 366870496976 549156205216 0 0 0 4612 0 1073779962 0 0 0 17 6 0 0 0 0 0 366870507912 366870508072 367424618496 549156207218 549156207265 549156207265 549156208609 0
T 2827.48
P 25183 13161 20010055 appspawn-x
25183 (com.example.hel) S 13161 0 0 0 -1 4194624 46073 0 142 0 113 87 0 0 0 -20 33 0 281383 4034662400 68538 18446744073709551615 366870431252 366870496976 549156205216 0 0 0 4612 0 1073779962 0 0 0 17 6 0 0 0 0 0 366870507912 366870508072 367424618496 549156207218 549156207265 549156207265 549156208609 0
T 2827.66
P 25183 13161 20010055 appspawn-x
25183 (com.example.hel) S 13161 0 0 0 -1 4194624 46073 0 142 0 113 87 0 0 0 -20 33 0 281383 4034662400 68538 18446744073709551615 366870431252 366870496976 549156205216 0 0 0 4612 0 1073779962 0 0 0 17 6 0 0 0 0 0 366870507912 366870508072 367424618496 549156207218 549156207265 549156207265 549156208609 0
T 2827.85
P 25183 13161 20010055 appspawn-x
25183 (com.example.hel) S 13161 0 0 0 -1 4194624 46073 0 142 0 113 87 0 0 0 -20 33 0 281383 4034662400 68538 18446744073709551615 366870431252 366870496976 549156205216 0 0 0 4612 0 1073779962 0 0 0 17 6 0 0 0 0 0 366870507912 366870508072 367424618496 549156207218 549156207265 549156207265 549156208609 0
T 2828.04
P 25183 13161 20010055 appspawn-x
25183 (com.example.hel) S 13161 0 0 0 -1 4194624 46073 0 142 0 113 87 0 0 0 -20 33 0 281383 4034662400 68538 18446744073709551615 366870431252 366870496976 549156205216 0 0 0 4612 0 1073779962 0 0 0 17 6 0 0 0 0 0 366870507912 366870508072 367424618496 549156207218 549156207265 549156207265 549156208609 0
T 2828.24
P 25183 13161 20010055 appspawn-x
25183 (com.example.hel) S 13161 0 0 0 -1 4194624 46073 0 142 0 113 87 0 0 0 -20 33 0 281383 4034662400 68538 18446744073709551615 366870431252 366870496976 549156205216 0 0 0 4612 0 1073779962 0 0 0 17 6 0 0 0 0 0 366870507912 366870508072 367424618496 549156207218 549156207265 549156207265 549156208609 0
T 2828.44
P 25183 13161 20010055 appspawn-x
25183 (com.example.hel) S 13161 0 0 0 -1 4194624 46073 0 142 0 113 87 0 0 0 -20 33 0 281383 4034662400 68538 18446744073709551615 366870431252 366870496976 549156205216 0 0 0 4612 0 1073779962 0 0 0 17 6 0 0 0 0 0 366870507912 366870508072 367424618496 549156207218 549156207265 549156207265 549156208609 0
T 2828.64
P 25183 13161 20010055 appspawn-x
25183 (com.example.hel) S 13161 0 0 0 -1 4194624 46073 0 142 0 113 87 0 0 0 -20 33 0 281383 4034662400 68409 18446744073709551615 366870431252 366870496976 549156205216 0 0 0 4612 0 1073779962 0 0 0 17 6 0 0 0 0 0 366870507912 366870508072 367424618496 549156207218 549156207265 549156207265 549156208609 0
T 2828.84
P 25183 13161 20010055 appspawn-x
25183 (com.example.hel) S 13161 0 0 0 -1 4194624 46073 0 142 0 113 87 0 0 0 -20 33 0 281383 4034662400 68409 18446744073709551615 366870431252 366870496976 549156205216 0 0 0 4612 0 1073779962 0 0 0 17 6 0 0 0 0 0 366870507912 366870508072 367424618496 549156207218 549156207265 549156207265 549156208609 0
T 2829.02
P 25183 13161 20010055 appspawn-x
25183 (com.example.hel) S 13161 0 0 0 -1 4194624 46073 0 142 0 113 87 0 0 0 -20 33 0 281383 4034662400 68409 18446744073709551615 366870431252 366870496976 549156205216 0 0 0 4612 0 1073779962 0 0 0 17 6 0 0 0 0 0 366870507912 366870508072 367424618496 549156207218 549156207265 549156207265 549156208609 0
T 2829.20
P 25183 13161 20010055 appspawn-x
25183 (com.example.hel) S 13161 0 0 0 -1 4194624 46073 0 142 0 113 87 0 0 0 -20 33 0 281383 4034662400 68409 18446744073709551615 366870431252 366870496976 549156205216 0 0 0 4612 0 1073779962 0 0 0 17 6 0 0 0 0 0 366870507912 366870508072 367424618496 549156207218 549156207265 549156207265 549156208609 0
T 2829.40
P 25183 13161 20010055 appspawn-x
25183 (com.example.hel) S 13161 0 0 0 -1 4194624 46073 0 142 0 113 87 0 0 0 -20 33 0 281383 4034662400 68409 18446744073709551615 366870431252 366870496976 549156205216 0 0 0 4612 0 1073779962 0 0 0 17 6 0 0 0 0 0 366870507912 366870508072 367424618496 549156207218 549156207265 549156207265 549156208609 0
