T 59924.27
T 59924.46
T 59924.63
P 14092 12163 20010056 appspawn-x
14092 (b.bridge.zigzag) R 12163 0 0 0 -1 4194624 248 0 0 0 6 3 0 0 0 -20 1 0 5992463 2197676032 1606 18446744073709551615 366995412500 366995478224 549633010864 0 0 0 0 4096 1073775866 0 0 0 17 6 0 0 0 0 0 366995489160 366995489320 367679660032 549633014386 549633014433 549633014433 549633015777 0
T 59924.84
P 14092 12163 20010056 appspawn-x
14092 (b.bridge.zigzag) R 12163 0 0 0 -1 4194624 8699 0 0 0 16 12 0 0 0 -20 1 0 5992463 2456219648 14062 18446744073709551615 366995412500 366995478224 549633010864 0 0 0 0 4096 1073775866 0 0 0 17 6 0 0 0 0 0 366995489160 366995489320 367679660032 549633014386 549633014433 549633014433 549633015777 0
T 59925.05
P 14092 12163 20010056 appspawn-x
14092 (main) D 12163 0 0 0 -1 4194624 13657 0 0 0 22 20 0 0 0 -20 10 0 5992463 3367862272 19824 18446744073709551615 366995412500 366995478224 549633010864 0 0 0 4612 0 1073779962 0 0 0 17 4 0 0 0 0 0 366995489160 366995489320 367679660032 549633014386 549633014433 549633014433 549633015777 0
T 59925.21
P 14092 12163 20010056 appspawn-x
14092 (main) R 12163 0 0 0 -1 4194624 15944 0 0 0 27 29 0 0 0 -20 10 0 5992463 3520958464 25285 18446744073709551615 366995412500 366995478224 549633010864 0 0 0 4612 0 1073779962 0 0 0 17 6 0 0 0 0 0 366995489160 366995489320 367679660032 549633014386 549633014433 549633014433 549633015777 0
T 59925.38
P 14092 12163 20010056 appspawn-x
14092 (main) R 12163 0 0 0 -1 4194624 17377 0 0 0 42 31 0 0 0 -20 10 0 5992463 3521204224 28557 18446744073709551615 366995412500 366995478224 549633010864 0 0 0 4612 0 1073779962 0 0 0 17 7 0 0 0 0 0 366995489160 366995489320 367679660032 549633014386 549633014433 549633014433 549633015777 0
T 59925.54
P 14092 12163 20010056 appspawn-x
14092 (main) R 12163 0 0 0 -1 4194624 21408 0 0 0 54 36 0 0 0 -20 10 0 5992463 3670478848 49633 18446744073709551615 366995412500 366995478224 549633010864 0 0 0 4612 0 1073779962 0 0 0 17 7 0 0 0 0 0 366995489160 366995489320 367679660032 549633014386 549633014433 549633014433 549633015777 0
T 59925.72
P 14092 12163 20010056 appspawn-x
14092 (com.a2hlab.brid) R 12163 0 0 0 -1 4194624 28409 0 0 0 65 43 0 0 0 -20 13 0 5992463 3720241152 57115 18446744073709551615 366995412500 366995478224 549633010864 0 0 0 4612 0 1073779962 0 0 0 17 7 0 0 0 0 0 366995489160 366995489320 367679660032 549633014386 549633014433 549633014433 549633015777 0
T 59925.90
P 14092 12163 20010056 appspawn-x
14092 (com.a2hlab.brid) R 12163 0 0 0 -1 4194624 35839 0 0 0 75 49 0 0 0 -20 13 0 5992463 3750662144 64573 18446744073709551615 366995412500 366995478224 549633010864 0 0 0 4612 0 1073779962 0 0 0 17 7 0 0 0 0 0 366995489160 366995489320 367679660032 549633014386 549633014433 549633014433 549633015777 0
T 59926.06
P 14092 12163 20010056 appspawn-x
14092 (com.a2hlab.brid) R 12163 0 0 0 -1 4194624 38775 0 0 0 89 51 0 0 0 -20 13 0 5992463 3736928256 61222 18446744073709551615 366995412500 366995478224 549633010864 0 0 0 4612 0 1073779962 0 0 0 17 7 0 0 0 0 0 366995489160 366995489320 367679660032 549633014386 549633014433 549633014433 549633015777 0
T 59926.22
P 14092 12163 20010056 appspawn-x
14092 (com.a2hlab.brid) R 12163 0 0 0 -1 4194624 41024 0 0 0 101 57 0 0 0 -20 15 0 5992463 3796267008 60408 18446744073709551615 366995412500 366995478224 549633010864 0 0 0 4612 0 1073779962 0 0 0 17 5 0 0 0 0 0 366995489160 366995489320 367679660032 549633014386 549633014433 549633014433 549633015777 0
T 59926.40
P 14092 12163 20010056 appspawn-x
14092 (com.a2hlab.brid) S 12163 0 0 0 -1 1077936448 43578 0 0 0 108 66 0 0 0 -20 31 0 5992463 4258668544 69940 18446744073709551615 366995412500 366995478224 549633010864 0 0 0 4612 0 1073779962 0 0 0 17 6 0 0 0 0 0 366995489160 366995489320 367679660032 549633014386 549633014433 549633014433 549633015777 0
T 59926.61
P 14092 12163 20010056 appspawn-x
14092 (com.a2hlab.brid) S 12163 0 0 0 -1 4194624 48007 0 0 0 119 73 0 0 0 -20 39 0 5992463 6514130944 75821 18446744073709551615 366995412500 366995478224 549633010864 0 0 0 4612 0 1073779962 0 0 0 17 6 0 0 0 0 0 366995489160 366995489320 367679660032 549633014386 549633014433 549633014433 549633015777 0
T 59926.79
P 14092 12163 20010056 appspawn-x
14092 (com.a2hlab.brid) S 12163 0 0 0 -1 4194624 48045 0 0 0 137 73 0 0 0 -20 39 0 5992463 6514135040 75928 18446744073709551615 366995412500 366995478224 549633010864 0 0 0 4612 0 1073779962 0 0 0 17 7 0 0 0 0 0 366995489160 366995489320 367679660032 549633014386 549633014433 549633014433 549633015777 0
T 59926.98
P 14092 12163 20010056 appspawn-x
14092 (com.a2hlab.brid) S 12163 0 0 0 -1 4194624 53464 0 0 0 150 80 0 0 0 -20 46 0 5992463 6604984320 82488 18446744073709551615 366995412500 366995478224 549633010864 0 0 0 4612 0 1619039482 0 0 0 17 2 0 0 0 0 0 366995489160 366995489320 367679660032 549633014386 549633014433 549633014433 549633015777 0
T 59927.16
P 14092 12163 20010056 appspawn-x
14092 (com.a2hlab.brid) S 12163 0 0 0 -1 4194624 57271 0 0 0 154 88 0 0 0 -20 64 0 5992463 7048540160 90555 18446744073709551615 366995412500 366995478224 549633010864 0 0 0 4612 0 1619039482 0 0 0 17 4 0 0 0 0 0 366995489160 366995489320 367679660032 549633014386 549633014433 549633014433 549633015777 0
T 59927.36
P 14092 12163 20010056 appspawn-x
14092 (com.a2hlab.brid) S 12163 0 0 0 -1 4194624 62702 0 0 0 163 101 0 0 0 -20 68 0 5992463 7645409280 97151 18446744073709551615 366995412500 366995478224 549633010864 0 0 0 4612 0 1619039482 0 0 0 17 2 0 0 0 0 0 366995489160 366995489320 367679660032 549633014386 549633014433 549633014433 549633015777 0
T 59927.57
P 14092 12163 20010056 appspawn-x
14092 (com.a2hlab.brid) S 12163 0 0 0 -1 4194624 64294 0 0 0 173 108 0 0 0 -20 68 0 5992463 7968845824 99318 18446744073709551615 366995412500 366995478224 549633010864 0 0 0 4612 0 1619039482 0 0 0 17 5 0 0 0 0 0 366995489160 366995489320 367679660032 549633014386 549633014433 549633014433 549633015777 0
T 59927.77
P 14092 12163 20010056 appspawn-x
14092 (com.a2hlab.brid) S 12163 0 0 0 -1 4194624 64434 0 0 0 176 109 0 0 0 -20 68 0 5992463 7968845824 99387 18446744073709551615 366995412500 366995478224 549633010864 0 0 0 4612 0 1619039482 0 0 0 17 5 0 0 0 0 0 366995489160 366995489320 367679660032 549633014386 549633014433 549633014433 549633015777 0
T 59927.96
P 14092 12163 20010056 appspawn-x
14092 (com.a2hlab.brid) S 12163 0 0 0 -1 4194624 64464 0 0 0 177 111 0 0 0 -20 68 0 5992463 7968845824 99390 18446744073709551615 366995412500 366995478224 549633010864 0 0 0 4612 0 1619039482 0 0 0 17 5 0 0 0 0 0 366995489160 366995489320 367679660032 549633014386 549633014433 549633014433 549633015777 0
T 59928.16
P 14092 12163 20010056 appspawn-x
14092 (com.a2hlab.brid) S 12163 0 0 0 -1 4194624 64578 0 0 0 178 113 0 0 0 -20 68 0 5992463 7968845824 99427 18446744073709551615 366995412500 366995478224 549633010864 0 0 0 4612 0 1619039482 0 0 0 17 5 0 0 0 0 0 366995489160 366995489320 367679660032 549633014386 549633014433 549633014433 549633015777 0
T 59928.34
P 14092 12163 20010056 appspawn-x
14092 (com.a2hlab.brid) S 12163 0 0 0 -1 4194624 64667 0 0 0 180 115 0 0 0 -20 68 0 5992463 7968845824 99466 18446744073709551615 366995412500 366995478224 549633010864 0 0 0 4612 0 1619039482 0 0 0 17 5 0 0 0 0 0 366995489160 366995489320 367679660032 549633014386 549633014433 549633014433 549633015777 0
T 59928.50
P 14092 12163 20010056 appspawn-x
14092 (com.a2hlab.brid) S 12163 0 0 0 -1 4194624 64811 0 0 0 183 116 0 0 0 -20 68 0 5992463 7968845824 99537 18446744073709551615 366995412500 366995478224 549633010864 0 0 0 4612 0 1619039482 0 0 0 17 5 0 0 0 0 0 366995489160 366995489320 367679660032 549633014386 549633014433 549633014433 549633015777 0
T 59928.67
P 14092 12163 20010056 appspawn-x
14092 (com.a2hlab.brid) S 12163 0 0 0 -1 4194624 64920 0 0 0 183 119 0 0 0 -20 68 0 5992463 7968845824 99663 18446744073709551615 366995412500 366995478224 549633010864 0 0 0 4612 0 1619039482 0 0 0 17 5 0 0 0 0 0 366995489160 366995489320 367679660032 549633014386 549633014433 549633014433 549633015777 0
T 59928.86
P 14092 12163 20010056 appspawn-x
14092 (com.a2hlab.brid) S 12163 0 0 0 -1 4194624 65067 0 0 0 186 121 0 0 0 -20 68 0 5992463 7968845824 99735 18446744073709551615 366995412500 366995478224 549633010864 0 0 0 4612 0 1619039482 0 0 0 17 5 0 0 0 0 0 366995489160 366995489320 367679660032 549633014386 549633014433 549633014433 549633015777 0
T 59929.04
P 14092 12163 20010056 appspawn-x
14092 (com.a2hlab.brid) S 12163 0 0 0 -1 4194624 65158 0 0 0 187 123 0 0 0 -20 68 0 5992463 7968845824 99774 18446744073709551615 366995412500 366995478224 549633010864 0 0 0 4612 0 1619039482 0 0 0 17 5 0 0 0 0 0 366995489160 366995489320 367679660032 549633014386 549633014433 549633014433 549633015777 0
T 59929.24
P 14092 12163 20010056 appspawn-x
14092 (com.a2hlab.brid) S 12163 0 0 0 -1 4194624 65245 0 0 0 188 125 0 0 0 -20 68 0 5992463 7968845824 99811 18446744073709551615 366995412500 366995478224 549633010864 0 0 0 4612 0 1619039482 0 0 0 17 5 0 0 0 0 0 366995489160 366995489320 367679660032 549633014386 549633014433 549633014433 549633015777 0
T 59929.41
P 14092 12163 20010056 appspawn-x
14092 (com.a2hlab.brid) S 12163 0 0 0 -1 4194624 65354 0 0 0 190 127 0 0 0 -20 68 0 5992463 7968927744 100366 18446744073709551615 366995412500 366995478224 549633010864 0 0 0 4612 0 1619039482 0 0 0 17 7 0 0 0 0 0 366995489160 366995489320 367679660032 549633014386 549633014433 549633014433 549633015777 0
T 59929.57
P 14092 12163 20010056 appspawn-x
14092 (com.a2hlab.brid) S 12163 0 0 0 -1 4194624 68477 0 0 0 203 132 0 0 0 -20 71 0 5992463 8055652352 103967 18446744073709551615 366995412500 366995478224 549633010864 0 0 0 4612 0 1619039482 0 0 0 17 3 0 0 0 0 0 366995489160 366995489320 367679660032 549633014386 549633014433 549633014433 549633015777 0
T 59929.74
P 14092 12163 20010056 appspawn-x
14092 (com.a2hlab.brid) S 12163 0 0 0 -1 4194624 69967 0 0 0 212 139 0 0 0 -20 72 0 5992463 8061177856 106335 18446744073709551615 366995412500 366995478224 549633010864 0 0 0 4612 0 1619039482 0 0 0 17 3 0 0 0 0 0 366995489160 366995489320 367679660032 549633014386 549633014433 549633014433 549633015777 0
T 59929.94
P 14092 12163 20010056 appspawn-x
14092 (com.a2hlab.brid) S 12163 0 0 0 -1 4194624 70274 0 0 0 213 142 0 0 0 -20 72 0 5992463 8061177856 106584 18446744073709551615 366995412500 366995478224 549633010864 0 0 0 4612 0 1619039482 0 0 0 17 3 0 0 0 0 0 366995489160 366995489320 367679660032 549633014386 549633014433 549633014433 549633015777 0
T 59930.14
P 14092 12163 20010056 appspawn-x
14092 (com.a2hlab.brid) S 12163 0 0 0 -1 4194624 70579 0 0 0 216 144 0 0 0 -20 72 0 5992463 8061177856 107295 18446744073709551615 366995412500 366995478224 549633010864 0 0 0 4612 0 1619039482 0 0 0 17 3 0 0 0 0 0 366995489160 366995489320 367679660032 549633014386 549633014433 549633014433 549633015777 0
T 59930.32
P 14092 12163 20010056 appspawn-x
14092 (com.a2hlab.brid) S 12163 0 0 0 -1 4194624 70744 0 0 0 218 146 0 0 0 -20 72 0 5992463 8061177856 106928 18446744073709551615 366995412500 366995478224 549633010864 0 0 0 4612 0 1619039482 0 0 0 17 3 0 0 0 0 0 366995489160 366995489320 367679660032 549633014386 549633014433 549633014433 549633015777 0
T 59930.50
P 14092 12163 20010056 appspawn-x
14092 (com.a2hlab.brid) S 12163 0 0 0 -1 4194624 70876 0 0 0 220 149 0 0 0 -20 72 0 5992463 8061177856 108009 18446744073709551615 366995412500 366995478224 549633010864 0 0 0 4612 0 1619039482 0 0 0 17 3 0 0 0 0 0 366995489160 366995489320 367679660032 549633014386 549633014433 549633014433 549633015777 0
T 59930.68
P 14092 12163 20010056 appspawn-x
14092 (com.a2hlab.brid) S 12163 0 0 0 -1 4194624 71062 0 0 0 222 151 0 0 0 -20 72 0 5992463 8061177856 107148 18446744073709551615 366995412500 366995478224 549633010864 0 0 0 4612 0 1619039482 0 0 0 17 3 0 0 0 0 0 366995489160 366995489320 367679660032 549633014386 549633014433 549633014433 549633015777 0
T 59930.86
P 14092 12163 20010056 appspawn-x
14092 (com.a2hlab.brid) S 12163 0 0 0 -1 4194624 71201 0 0 0 224 154 0 0 0 -20 72 0 5992463 8061177856 107202 18446744073709551615 366995412500 366995478224 549633010864 0 0 0 4612 0 1619039482 0 0 0 17 3 0 0 0 0 0 366995489160 366995489320 367679660032 549633014386 549633014433 549633014433 549633015777 0
T 59931.06
P 14092 12163 20010056 appspawn-x
14092 (com.a2hlab.brid) S 12163 0 0 0 -1 4194624 71269 0 0 0 226 155 0 0 0 -20 72 0 5992463 8061177856 107293 18446744073709551615 366995412500 366995478224 549633010864 0 0 0 4612 0 1619039482 0 0 0 17 3 0 0 0 0 0 366995489160 366995489320 367679660032 549633014386 549633014433 549633014433 549633015777 0
T 59931.22
P 14092 12163 20010056 appspawn-x
14092 (com.a2hlab.brid) S 12163 0 0 0 -1 4194624 71326 0 0 0 229 156 0 0 0 -20 72 0 5992463 8061177856 108338 18446744073709551615 366995412500 366995478224 549633010864 0 0 0 4612 0 1619039482 0 0 0 17 3 0 0 0 0 0 366995489160 366995489320 367679660032 549633014386 549633014433 549633014433 549633015777 0
T 59931.38
P 14092 12163 20010056 appspawn-x
14092 (com.a2hlab.brid) S 12163 0 0 0 -1 4194624 71403 0 0 0 232 157 0 0 0 -20 72 0 5992463 8061177856 107316 18446744073709551615 366995412500 366995478224 549633010864 0 0 0 4612 0 1619039482 0 0 0 17 3 0 0 0 0 0 366995489160 366995489320 367679660032 549633014386 549633014433 549633014433 549633015777 0
T 59931.54
P 14092 12163 20010056 appspawn-x
14092 (com.a2hlab.brid) S 12163 0 0 0 -1 4194624 71441 0 0 0 234 159 0 0 0 -20 72 0 5992463 8061177856 107383 18446744073709551615 366995412500 366995478224 549633010864 0 0 0 4612 0 1619039482 0 0 0 17 3 0 0 0 0 0 366995489160 366995489320 367679660032 549633014386 549633014433 549633014433 549633015777 0
T 59931.70
P 14092 12163 20010056 appspawn-x
14092 (com.a2hlab.brid) S 12163 0 0 0 -1 4194624 71492 0 0 0 235 161 0 0 0 -20 72 0 5992463 8061177856 107387 18446744073709551615 366995412500 366995478224 549633010864 0 0 0 4612 0 1619039482 0 0 0 17 3 0 0 0 0 0 366995489160 366995489320 367679660032 549633014386 549633014433 549633014433 549633015777 0
T 59931.88
P 14092 12163 20010056 appspawn-x
14092 (com.a2hlab.brid) S 12163 0 0 0 -1 4194624 71539 0 0 0 236 164 0 0 0 -20 72 0 5992463 8061177856 108479 18446744073709551615 366995412500 366995478224 549633010864 0 0 0 4612 0 1619039482 0 0 0 17 3 0 0 0 0 0 366995489160 366995489320 367679660032 549633014386 549633014433 549633014433 549633015777 0
T 59932.05
P 14092 12163 20010056 appspawn-x
14092 (com.a2hlab.brid) S 12163 0 0 0 -1 4194624 71583 0 0 0 238 166 0 0 0 -20 72 0 5992463 8061177856 107456 18446744073709551615 366995412500 366995478224 549633010864 0 0 0 4612 0 1619039482 0 0 0 17 3 0 0 0 0 0 366995489160 366995489320 367679660032 549633014386 549633014433 549633014433 549633015777 0
T 59932.23
P 14092 12163 20010056 appspawn-x
14092 (com.a2hlab.brid) S 12163 0 0 0 -1 4194624 71630 0 0 0 240 169 0 0 0 -20 72 0 5992463 8061177856 107523 18446744073709551615 366995412500 366995478224 549633010864 0 0 0 4612 0 1619039482 0 0 0 17 3 0 0 0 0 0 366995489160 366995489320 367679660032 549633014386 549633014433 549633014433 549633015777 0
T 59932.40
P 14092 12163 20010056 appspawn-x
14092 (com.a2hlab.brid) S 12163 0 0 0 -1 4194624 71673 0 0 0 242 170 0 0 0 -20 72 0 5992463 8061177856 107527 18446744073709551615 366995412500 366995478224 549633010864 0 0 0 4612 0 1619039482 0 0 0 17 3 0 0 0 0 0 366995489160 366995489320 367679660032 549633014386 549633014433 549633014433 549633015777 0
T 59932.56
P 14092 12163 20010056 appspawn-x
14092 (com.a2hlab.brid) S 12163 0 0 0 -1 4194624 71722 0 0 0 245 172 0 0 0 -20 72 0 5992463 8061177856 107596 18446744073709551615 366995412500 366995478224 549633010864 0 0 0 4612 0 1619039482 0 0 0 17 3 0 0 0 0 0 366995489160 366995489320 367679660032 549633014386 549633014433 549633014433 549633015777 0
T 59932.76
P 14092 12163 20010056 appspawn-x
14092 (com.a2hlab.brid) S 12163 0 0 0 -1 4194624 71777 0 0 0 247 174 0 0 0 -20 72 0 5992463 8061177856 107631 18446744073709551615 366995412500 366995478224 549633010864 0 0 0 4612 0 1619039482 0 0 0 17 3 0 0 0 0 0 366995489160 366995489320 367679660032 549633014386 549633014433 549633014433 549633015777 0
T 59932.96
P 14092 12163 20010056 appspawn-x
14092 (com.a2hlab.brid) S 12163 0 0 0 -1 4194624 71822 0 0 0 249 176 0 0 0 -20 72 0 5992463 8061177856 107698 18446744073709551615 366995412500 366995478224 549633010864 0 0 0 4612 0 1619039482 0 0 0 17 3 0 0 0 0 0 366995489160 366995489320 367679660032 549633014386 549633014433 549633014433 549633015777 0
T 59933.14
P 14092 12163 20010056 appspawn-x
14092 (com.a2hlab.brid) S 12163 0 0 0 -1 4194624 71861 0 0 0 251 178 0 0 0 -20 72 0 5992463 8061177856 107698 18446744073709551615 366995412500 366995478224 549633010864 0 0 0 4612 0 1619039482 0 0 0 17 3 0 0 0 0 0 366995489160 366995489320 367679660032 549633014386 549633014433 549633014433 549633015777 0
T 59933.31
P 14092 12163 20010056 appspawn-x
14092 (com.a2hlab.brid) S 12163 0 0 0 -1 4194624 71905 0 0 0 253 180 0 0 0 -20 72 0 5992463 8061177856 107763 18446744073709551615 366995412500 366995478224 549633010864 0 0 0 4612 0 1619039482 0 0 0 17 3 0 0 0 0 0 366995489160 366995489320 367679660032 549633014386 549633014433 549633014433 549633015777 0
T 59933.50
P 14092 12163 20010056 appspawn-x
14092 (com.a2hlab.brid) S 12163 0 0 0 -1 4194624 71950 0 0 0 254 182 0 0 0 -20 72 0 5992463 8069791744 108281 18446744073709551615 366995412500 366995478224 549633010864 0 0 0 4612 0 1619039482 0 0 0 17 3 0 0 0 0 0 366995489160 366995489320 367679660032 549633014386 549633014433 549633014433 549633015777 0
T 59933.68
P 14092 12163 20010056 appspawn-x
14092 (com.a2hlab.brid) S 12163 0 0 0 -1 4194624 71998 0 0 0 256 185 0 0 0 -20 72 0 5992463 8061177856 107832 18446744073709551615 366995412500 366995478224 549633010864 0 0 0 4612 0 1619039482 0 0 0 17 3 0 0 0 0 0 366995489160 366995489320 367679660032 549633014386 549633014433 549633014433 549633015777 0
T 59933.86
P 14092 12163 20010056 appspawn-x
14092 (com.a2hlab.brid) S 12163 0 0 0 -1 4194624 72046 0 0 0 257 187 0 0 0 -20 72 0 5992463 8061177856 107833 18446744073709551615 366995412500 366995478224 549633010864 0 0 0 4612 0 1619039482 0 0 0 17 3 0 0 0 0 0 366995489160 366995489320 367679660032 549633014386 549633014433 549633014433 549633015777 0
T 59934.04
P 14092 12163 20010056 appspawn-x
14092 (com.a2hlab.brid) S 12163 0 0 0 -1 4194624 72089 0 0 0 259 189 0 0 0 -20 72 0 5992463 8061177856 108409 18446744073709551615 366995412500 366995478224 549633010864 0 0 0 4612 0 1619039482 0 0 0 17 3 0 0 0 0 0 366995489160 366995489320 367679660032 549633014386 549633014433 549633014433 549633015777 0
T 59934.22
P 14092 12163 20010056 appspawn-x
14092 (com.a2hlab.brid) S 12163 0 0 0 -1 4194624 72127 0 0 0 262 190 0 0 0 -20 72 0 5992463 8061177856 107964 18446744073709551615 366995412500 366995478224 549633010864 0 0 0 4612 0 1619039482 0 0 0 17 3 0 0 0 0 0 366995489160 366995489320 367679660032 549633014386 549633014433 549633014433 549633015777 0
T 59934.40
P 14092 12163 20010056 appspawn-x
14092 (com.a2hlab.brid) S 12163 0 0 0 -1 4194624 72187 0 0 0 264 192 0 0 0 -20 72 0 5992463 8061177856 108477 18446744073709551615 366995412500 366995478224 549633010864 0 0 0 4612 0 1619039482 0 0 0 17 3 0 0 0 0 0 366995489160 366995489320 367679660032 549633014386 549633014433 549633014433 549633015777 0
T 59934.58
P 14092 12163 20010056 appspawn-x
14092 (com.a2hlab.brid) S 12163 0 0 0 -1 4194624 72230 0 0 0 267 194 0 0 0 -20 72 0 5992463 8061177856 109056 18446744073709551615 366995412500 366995478224 549633010864 0 0 0 4612 0 1619039482 0 0 0 17 3 0 0 0 0 0 366995489160 366995489320 367679660032 549633014386 549633014433 549633014433 549633015777 0
T 59934.79
P 14092 12163 20010056 appspawn-x
14092 (com.a2hlab.brid) S 12163 0 0 0 -1 4194624 72276 0 0 0 269 196 0 0 0 -20 72 0 5992463 8061177856 109056 18446744073709551615 366995412500 366995478224 549633010864 0 0 0 4612 0 1619039482 0 0 0 17 3 0 0 0 0 0 366995489160 366995489320 367679660032 549633014386 549633014433 549633014433 549633015777 0
T 59934.98
P 14092 12163 20010056 appspawn-x
14092 (com.a2hlab.brid) S 12163 0 0 0 -1 4194624 72343 0 0 0 271 198 0 0 0 -20 72 0 5992463 8061177856 108096 18446744073709551615 366995412500 366995478224 549633010864 0 0 0 4612 0 1619039482 0 0 0 17 3 0 0 0 0 0 366995489160 366995489320 367679660032 549633014386 549633014433 549633014433 549633015777 0
T 59935.16
P 14092 12163 20010056 appspawn-x
14092 (com.a2hlab.brid) S 12163 0 0 0 -1 4194624 72380 0 0 0 273 200 0 0 0 -20 72 0 5992463 8061177856 108096 18446744073709551615 366995412500 366995478224 549633010864 0 0 0 4612 0 1619039482 0 0 0 17 3 0 0 0 0 0 366995489160 366995489320 367679660032 549633014386 549633014433 549633014433 549633015777 0
T 59935.34
P 14092 12163 20010056 appspawn-x
14092 (com.a2hlab.brid) S 12163 0 0 0 -1 4194624 72424 0 0 0 274 203 0 0 0 -20 72 0 5992463 8061177856 109186 18446744073709551615 366995412500 366995478224 549633010864 0 0 0 4612 0 1619039482 0 0 0 17 3 0 0 0 0 0 366995489160 366995489320 367679660032 549633014386 549633014433 549633014433 549633015777 0
T 59935.52
P 14092 12163 20010056 appspawn-x
14092 (com.a2hlab.brid) S 12163 0 0 0 -1 4194624 72452 0 0 0 275 204 0 0 0 -20 72 0 5992463 8061177856 108161 18446744073709551615 366995412500 366995478224 549633010864 0 0 0 4612 0 1619039482 0 0 0 17 3 0 0 0 0 0 366995489160 366995489320 367679660032 549633014386 549633014433 549633014433 549633015777 0
T 59935.68
P 14092 12163 20010056 appspawn-x
14092 (com.a2hlab.brid) S 12163 0 0 0 -1 4194624 72497 0 0 0 278 206 0 0 0 -20 72 0 5992463 8061177856 108227 18446744073709551615 366995412500 366995478224 549633010864 0 0 0 4612 0 1619039482 0 0 0 17 3 0 0 0 0 0 366995489160 366995489320 367679660032 549633014386 549633014433 549633014433 549633015777 0
T 59935.86
P 14092 12163 20010056 appspawn-x
14092 (com.a2hlab.brid) S 12163 0 0 0 -1 4194624 72542 0 0 0 280 209 0 0 0 -20 72 0 5992463 8061177856 108227 18446744073709551615 366995412500 366995478224 549633010864 0 0 0 4612 0 1619039482 0 0 0 17 3 0 0 0 0 0 366995489160 366995489320 367679660032 549633014386 549633014433 549633014433 549633015777 0
T 59936.06
P 14092 12163 20010056 appspawn-x
14092 (com.a2hlab.brid) S 12163 0 0 0 -1 4194624 72579 0 0 0 282 210 0 0 0 -20 72 0 5992463 8061177856 108293 18446744073709551615 366995412500 366995478224 549633010864 0 0 0 4612 0 1619039482 0 0 0 17 3 0 0 0 0 0 366995489160 366995489320 367679660032 549633014386 549633014433 549633014433 549633015777 0
T 59936.24
P 14092 12163 20010056 appspawn-x
14092 (com.a2hlab.brid) S 12163 0 0 0 -1 4194624 72624 0 0 0 285 211 0 0 0 -20 72 0 5992463 8061177856 108293 18446744073709551615 366995412500 366995478224 549633010864 0 0 0 4612 0 1619039482 0 0 0 17 3 0 0 0 0 0 366995489160 366995489320 367679660032 549633014386 549633014433 549633014433 549633015777 0
T 59936.45
P 14092 12163 20010056 appspawn-x
14092 (com.a2hlab.brid) S 12163 0 0 0 -1 4194624 72661 0 0 0 286 214 0 0 0 -20 72 0 5992463 8061177856 108358 18446744073709551615 366995412500 366995478224 549633010864 0 0 0 4612 0 1619039482 0 0 0 17 3 0 0 0 0 0 366995489160 366995489320 367679660032 549633014386 549633014433 549633014433 549633015777 0
T 59936.61
P 14092 12163 20010056 appspawn-x
14092 (com.a2hlab.brid) S 12163 0 0 0 -1 4194624 72710 0 0 0 287 217 0 0 0 -20 72 0 5992463 8061177856 109383 18446744073709551615 366995412500 366995478224 549633010864 0 0 0 4612 0 1619039482 0 0 0 17 3 0 0 0 0 0 366995489160 366995489320 367679660032 549633014386 549633014433 549633014433 549633015777 0
T 59936.79
P 14092 12163 20010056 appspawn-x
14092 (com.a2hlab.brid) S 12163 0 0 0 -1 4194624 72746 0 0 0 289 219 0 0 0 -20 72 0 5992463 8061177856 108424 18446744073709551615 366995412500 366995478224 549633010864 0 0 0 4612 0 1619039482 0 0 0 17 3 0 0 0 0 0 366995489160 366995489320 367679660032 549633014386 549633014433 549633014433 549633015777 0
T 59936.96
P 14092 12163 20010056 appspawn-x
14092 (com.a2hlab.brid) S 12163 0 0 0 -1 4194624 72784 0 0 0 291 221 0 0 0 -20 72 0 5992463 8061177856 108424 18446744073709551615 366995412500 366995478224 549633010864 0 0 0 4612 0 1619039482 0 0 0 17 3 0 0 0 0 0 366995489160 366995489320 367679660032 549633014386 549633014433 549633014433 549633015777 0
T 59937.14
P 14092 12163 20010056 appspawn-x
14092 (com.a2hlab.brid) S 12163 0 0 0 -1 4194624 72826 0 0 0 294 222 0 0 0 -20 72 0 5992463 8061177856 108490 18446744073709551615 366995412500 366995478224 549633010864 0 0 0 4612 0 1619039482 0 0 0 17 3 0 0 0 0 0 366995489160 366995489320 367679660032 549633014386 549633014433 549633014433 549633015777 0
T 59937.32
P 14092 12163 20010056 appspawn-x
14092 (com.a2hlab.brid) S 12163 0 0 0 -1 4194624 72857 0 0 0 296 223 0 0 0 -20 72 0 5992463 8061177856 108490 18446744073709551615 366995412500 366995478224 549633010864 0 0 0 4612 0 1619039482 0 0 0 17 3 0 0 0 0 0 366995489160 366995489320 367679660032 549633014386 549633014433 549633014433 549633015777 0
T 59937.48
P 14092 12163 20010056 appspawn-x
14092 (com.a2hlab.brid) S 12163 0 0 0 -1 4194624 72900 0 0 0 298 225 0 0 0 -20 72 0 5992463 8061177856 109581 18446744073709551615 366995412500 366995478224 549633010864 0 0 0 4612 0 1619039482 0 0 0 17 3 0 0 0 0 0 366995489160 366995489320 367679660032 549633014386 549633014433 549633014433 549633015777 0
T 59937.66
P 14092 12163 20010056 appspawn-x
14092 (com.a2hlab.brid) S 12163 0 0 0 -1 4194624 72938 0 0 0 301 226 0 0 0 -20 72 0 5992463 8061177856 108556 18446744073709551615 366995412500 366995478224 549633010864 0 0 0 4612 0 1619039482 0 0 0 17 3 0 0 0 0 0 366995489160 366995489320 367679660032 549633014386 549633014433 549633014433 549633015777 0
T 59937.84
P 14092 12163 20010056 appspawn-x
14092 (com.a2hlab.brid) S 12163 0 0 0 -1 4194624 72975 0 0 0 303 228 0 0 0 -20 72 0 5992463 8061177856 108622 18446744073709551615 366995412500 366995478224 549633010864 0 0 0 4612 0 1619039482 0 0 0 17 3 0 0 0 0 0 366995489160 366995489320 367679660032 549633014386 549633014433 549633014433 549633015777 0
T 59938.00
P 14092 12163 20010056 appspawn-x
14092 (com.a2hlab.brid) S 12163 0 0 0 -1 4194624 73013 0 0 0 304 231 0 0 0 -20 72 0 5992463 8061177856 109647 18446744073709551615 366995412500 366995478224 549633010864 0 0 0 4612 0 1619039482 0 0 0 17 3 0 0 0 0 0 366995489160 366995489320 367679660032 549633014386 549633014433 549633014433 549633015777 0
T 59938.16
P 14092 12163 20010056 appspawn-x
14092 (com.a2hlab.brid) S 12163 0 0 0 -1 4194624 73041 0 0 0 305 232 0 0 0 -20 72 0 5992463 8061177856 108688 18446744073709551615 366995412500 366995478224 549633010864 0 0 0 4612 0 1619039482 0 0 0 17 3 0 0 0 0 0 366995489160 366995489320 367679660032 549633014386 549633014433 549633014433 549633015777 0
T 59938.31
P 14092 12163 20010056 appspawn-x
14092 (com.a2hlab.brid) S 12163 0 0 0 -1 4194624 73085 0 0 0 307 235 0 0 0 -20 72 0 5992463 8061177856 108688 18446744073709551615 366995412500 366995478224 549633010864 0 0 0 4612 0 1619039482 0 0 0 17 3 0 0 0 0 0 366995489160 366995489320 367679660032 549633014386 549633014433 549633014433 549633015777 0
T 59938.49
P 14092 12163 20010056 appspawn-x
14092 (com.a2hlab.brid) S 12163 0 0 0 -1 4194624 73121 0 0 0 308 238 0 0 0 -20 72 0 5992463 8061177856 108754 18446744073709551615 366995412500 366995478224 549633010864 0 0 0 4612 0 1619039482 0 0 0 17 3 0 0 0 0 0 366995489160 366995489320 367679660032 549633014386 549633014433 549633014433 549633015777 0
T 59938.68
P 14092 12163 20010056 appspawn-x
14092 (com.a2hlab.brid) S 12163 0 0 0 -1 4194624 73159 0 0 0 310 240 0 0 0 -20 72 0 5992463 8061177856 108754 18446744073709551615 366995412500 366995478224 549633010864 0 0 0 4612 0 1619039482 0 0 0 17 3 0 0 0 0 0 366995489160 366995489320 367679660032 549633014386 549633014433 549633014433 549633015777 0
T 59938.84
P 14092 12163 20010056 appspawn-x
14092 (com.a2hlab.brid) S 12163 0 0 0 -1 4194624 73201 0 0 0 313 241 0 0 0 -20 72 0 5992463 8061177856 109333 18446744073709551615 366995412500 366995478224 549633010864 0 0 0 4612 0 1619039482 0 0 0 17 3 0 0 0 0 0 366995489160 366995489320 367679660032 549633014386 549633014433 549633014433 549633015777 0
T 59939.02
P 14092 12163 20010056 appspawn-x
14092 (com.a2hlab.brid) S 12163 0 0 0 -1 4194624 73251 0 0 0 315 243 0 0 0 -20 72 0 5992463 8061177856 108820 18446744073709551615 366995412500 366995478224 549633010864 0 0 0 4612 0 1619039482 0 0 0 17 3 0 0 0 0 0 366995489160 366995489320 367679660032 549633014386 549633014433 549633014433 549633015777 0
T 59939.20
P 14092 12163 20010056 appspawn-x
14092 (com.a2hlab.brid) S 12163 0 0 0 -1 4194624 73294 0 0 0 318 244 0 0 0 -20 72 0 5992463 8061177856 108885 18446744073709551615 366995412500 366995478224 549633010864 0 0 0 4612 0 1619039482 0 0 0 17 3 0 0 0 0 0 366995489160 366995489320 367679660032 549633014386 549633014433 549633014433 549633015777 0
T 59939.40
P 14092 12163 20010056 appspawn-x
14092 (com.a2hlab.brid) S 12163 0 0 0 -1 4194624 73332 0 0 0 319 247 0 0 0 -20 72 0 5992463 8061177856 108885 18446744073709551615 366995412500 366995478224 549633010864 0 0 0 4612 0 1619039482 0 0 0 17 3 0 0 0 0 0 366995489160 366995489320 367679660032 549633014386 549633014433 549633014433 549633015777 0
T 59939.58
P 14092 12163 20010056 appspawn-x
14092 (com.a2hlab.brid) S 12163 0 0 0 -1 4194624 73368 0 0 0 321 249 0 0 0 -20 72 0 5992463 8061177856 108951 18446744073709551615 366995412500 366995478224 549633010864 0 0 0 4612 0 1619039482 0 0 0 17 3 0 0 0 0 0 366995489160 366995489320 367679660032 549633014386 549633014433 549633014433 549633015777 0
T 59939.74
P 14092 12163 20010056 appspawn-x
14092 (com.a2hlab.brid) S 12163 0 0 0 -1 4194624 73414 0 0 0 323 251 0 0 0 -20 72 0 5992463 8061177856 109976 18446744073709551615 366995412500 366995478224 549633010864 0 0 0 4612 0 1619039482 0 0 0 17 3 0 0 0 0 0 366995489160 366995489320 367679660032 549633014386 549633014433 549633014433 549633015777 0
T 59939.92
P 14092 12163 20010056 appspawn-x
14092 (com.a2hlab.brid) S 12163 0 0 0 -1 4194624 73458 0 0 0 326 252 0 0 0 -20 72 0 5992463 8061177856 109530 18446744073709551615 366995412500 366995478224 549633010864 0 0 0 4612 0 1619039482 0 0 0 17 3 0 0 0 0 0 366995489160 366995489320 367679660032 549633014386 549633014433 549633014433 549633015777 0
T 59940.12
P 14092 12163 20010056 appspawn-x
14092 (com.a2hlab.brid) S 12163 0 0 0 -1 4194624 73502 0 0 0 329 254 0 0 0 -20 72 0 5992463 8061177856 110042 18446744073709551615 366995412500 366995478224 549633010864 0 0 0 4612 0 1619039482 0 0 0 17 3 0 0 0 0 0 366995489160 366995489320 367679660032 549633014386 549633014433 549633014433 549633015777 0
T 59940.32
P 14092 12163 20010056 appspawn-x
14092 (com.a2hlab.brid) S 12163 0 0 0 -1 4194624 73527 0 0 0 330 257 0 0 0 -20 72 0 5992463 8061177856 109595 18446744073709551615 366995412500 366995478224 549633010864 0 0 0 4612 0 1619039482 0 0 0 17 3 0 0 0 0 0 366995489160 366995489320 367679660032 549633014386 549633014433 549633014433 549633015777 0
T 59940.49
P 14092 12163 20010056 appspawn-x
14092 (com.a2hlab.brid) S 12163 0 0 0 -1 4194624 73559 0 0 0 331 259 0 0 0 -20 72 0 5992463 8061177856 109627 18446744073709551615 366995412500 366995478224 549633010864 0 0 0 4612 0 1619039482 0 0 0 17 3 0 0 0 0 0 366995489160 366995489320 367679660032 549633014386 549633014433 549633014433 549633015777 0
