T 57120.36
T 57120.54
T 57120.73
T 57120.89
P 1816 32749 20010055 appspawn-x
1816 (mple.helloworld) R 32749 0 0 0 -1 4194624 255 0 0 0 6 2 0 0 0 -20 1 0 5712089 2197721088 1617 18446744073709551615 367228733828 367228802048 548998775840 0 0 0 0 4096 1073775866 0 0 0 17 5 0 0 0 0 0 367228813000 367228813160 367865245696 548998777458 548998777505 548998777505 548998778849 0
T 57121.09
P 1816 32749 20010055 appspawn-x
1816 (main) R 32749 0 0 0 -1 4194624 1301 0 0 0 21 4 0 0 0 -20 1 0 5712089 3133820928 5738 18446744073709551615 367228733828 367228802048 548998775840 0 0 0 4612 0 1073779962 0 0 0 17 7 0 0 0 0 0 367228813000 367228813160 367865245696 548998777458 548998777505 548998777505 548998778849 0
T 57121.28
P 1816 32749 20010055 appspawn-x
1816 (main) R 32749 0 0 0 -1 4194624 6210 0 0 0 38 7 0 0 0 -20 1 0 5712089 3154636800 10587 18446744073709551615 367228733828 367228802048 548998775840 0 0 0 4612 0 1073779962 0 0 0 17 7 0 0 0 0 0 367228813000 367228813160 367865245696 548998777458 548998777505 548998777505 548998778849 0
T 57121.48
P 1816 32749 20010055 appspawn-x
1816 (main) R 32749 0 0 0 -1 4194624 11664 0 0 0 52 11 0 0 0 -20 1 0 5712089 3167264768 13923 18446744073709551615 367228733828 367228802048 548998775840 0 0 0 4612 0 1073779962 0 0 0 17 7 0 0 0 0 0 367228813000 367228813160 367865245696 548998777458 548998777505 548998777505 548998778849 0
T 57121.66
P 1816 32749 20010055 appspawn-x
1816 (main) R 32749 0 0 0 -1 4194624 15656 0 0 0 68 14 0 0 0 -20 1 0 5712089 3179356160 16333 18446744073709551615 367228733828 367228802048 548998775840 0 0 0 4612 0 1073779962 0 0 0 17 7 0 0 0 0 0 367228813000 367228813160 367865245696 548998777458 548998777505 548998777505 548998778849 0
T 57121.86
P 1816 32749 20010055 appspawn-x
1816 (main) S 32749 0 0 0 -1 1077936448 18011 0 0 0 75 16 0 0 0 -20 1 0 5712089 3178860544 16858 18446744073709551615 367228733828 367228802048 548998775840 0 0 0 2147221247 0 1073779962 1 0 0 17 6 0 0 0 0 0 367228813000 367228813160 367865245696 548998777458 548998777505 548998777505 548998778849 0
P 1860 1816 20010055 appspawn-x
1860 (main) S 1816 0 0 0 -1 4194368 18 0 0 0 0 0 0 0 0 -20 1 0 5712184 3178860544 11184 18446744073709551615 367228733828 367228802048 548998775840 0 0 0 2147213055 0 1073779962 1 0 0 17 1 0 0 0 0 0 367228813000 367228813160 367865245696 548998777458 548998777505 548998777505 548998778849 0
P 1861 1860 20010055 processdump
1861 (processdump) R 1860 0 0 0 -1 4194304 1138 0 0 0 1 4 0 0 0 -20 1 0 5712185 2184220672 3300 18446744073709551615 366961753244 366961980384 549624796176 0 0 0 2147213055 0 1073775866 0 0 0 17 7 0 0 0 0 0 366961996720 366961996768 367801995264 549624797350 549624797377 549624797377 549624799200 0
T 57122.02
T 57122.19
T 57122.36
T 57122.56
T 57122.71
T 57122.90
T 57123.06
T 57123.26
T 57123.43
T 57123.62
T 57123.79
T 57123.98
T 57124.16
T 57124.33
T 57124.51
T 57124.70
T 57124.89
T 57125.08
T 57125.27
T 57125.46
T 57125.64
T 57125.81
T 57125.99
T 57126.17
T 57126.33
T 57126.49
T 57126.66
T 57126.82
T 57127.00
T 57127.19
T 57127.36
T 57127.54
T 57127.72
T 57127.88
T 57128.07
T 57128.26
T 57128.43
T 57128.62
T 57128.80
T 57128.97
T 57129.16
T 57129.34
T 57129.52
T 57129.72
T 57129.90
T 57130.08
T 57130.27
T 57130.43
T 57130.58
T 57130.74
T 57130.92
T 57131.08
T 57131.24
T 57131.41
T 57131.57
T 57131.73
T 57131.88
T 57132.05
T 57132.21
T 57132.37
T 57132.54
T 57132.70
T 57132.90
T 57133.08
T 57133.26
T 57133.43
T 57133.59
T 57133.75
T 57133.94
T 57134.12
T 57134.30
T 57134.47
T 57134.66
T 57134.83
T 57135.02
T 57135.20
T 57135.37
T 57135.53
T 57135.72
T 57135.87
T 57136.03
T 57136.18
T 57136.38
