T 5751.40
T 5751.60
T 5751.76
P 7151 13161 20010079 appspawn-x
7151 (b5aliasnegative) R 13161 0 0 0 -1 4194624 247 0 0 0 9 2 0 0 0 -20 1 0 575174 2197676032 1617 18446744073709551615 366870431252 366870496976 549156205216 0 0 0 0 4096 1073775866 0 0 0 17 5 0 0 0 0 0 366870507912 366870508072 367424618496 549156207218 549156207265 549156207265 549156208609 0
T 5751.98
P 7151 13161 20010079 appspawn-x
7151 (b5aliasnegative) R 13161 0 0 0 -1 4194624 9901 0 0 0 14 16 0 0 0 -20 1 0 575174 2456219648 14002 18446744073709551615 366870431252 366870496976 549156205216 0 0 0 0 4096 1073775866 0 0 0 17 5 0 0 0 0 0 366870507912 366870508072 367424618496 549156207218 549156207265 549156207265 549156208609 0
T 5752.18
P 7151 13161 20010079 appspawn-x
7151 (main) R 13161 0 0 0 -1 4194624 14083 0 0 0 20 22 0 0 0 -20 10 0 575174 3371352064 20347 18446744073709551615 366870431252 366870496976 549156205216 0 0 0 4612 0 1073779962 0 0 0 17 4 0 0 0 0 0 366870507912 366870508072 367424618496 549156207218 549156207265 549156207265 549156208609 0
T 5752.34
P 7151 13161 20010079 appspawn-x
7151 (main) R 13161 0 0 0 -1 4194624 16671 0 0 0 32 28 0 0 0 -20 10 0 575174 3520983040 25904 18446744073709551615 366870431252 366870496976 549156205216 0 0 0 4612 0 1073779962 0 0 0 17 7 0 0 0 0 0 366870507912 366870508072 367424618496 549156207218 549156207265 549156207265 549156208609 0
T 5752.52
P 7151 13161 20010079 appspawn-x
7151 (main) R 13161 0 0 0 -1 4194624 20539 0 0 0 45 34 0 0 0 -20 10 0 575174 3583545344 45063 18446744073709551615 366870431252 366870496976 549156205216 0 0 0 4612 0 1073779962 0 0 0 17 7 0 0 0 0 0 366870507912 366870508072 367424618496 549156207218 549156207265 549156207265 549156208609 0
T 5752.73
P 7151 13161 20010079 appspawn-x
7151 (org.a2hlab.b5al) R 13161 0 0 0 -1 4194624 24919 0 0 0 53 44 0 0 0 -20 12 0 575174 3697586176 52352 18446744073709551615 366870431252 366870496976 549156205216 0 0 0 4612 0 1073779962 0 0 0 17 7 0 0 0 0 0 366870507912 366870508072 367424618496 549156207218 549156207265 549156207265 549156208609 0
T 5752.91
P 7151 13161 20010079 appspawn-x
7151 (org.a2hlab.b5al) R 13161 0 0 0 -1 4194624 33274 0 0 0 66 49 0 0 0 -20 12 0 575174 3731775488 60733 18446744073709551615 366870431252 366870496976 549156205216 0 0 0 4612 0 1073779962 0 0 0 17 7 0 0 0 0 0 366870507912 366870508072 367424618496 549156207218 549156207265 549156207265 549156208609 0
T 5753.09
P 7151 13161 20010079 appspawn-x
7151 (org.a2hlab.b5al) R 13161 0 0 0 -1 4194624 38456 0 0 0 79 53 0 0 0 -20 12 0 575174 3746578432 64328 18446744073709551615 366870431252 366870496976 549156205216 0 0 0 4612 0 1073779962 0 0 0 17 7 0 0 0 0 0 366870507912 366870508072 367424618496 549156207218 549156207265 549156207265 549156208609 0
T 5753.26
P 7151 13161 20010079 appspawn-x
7151 (org.a2hlab.b5al) R 13161 0 0 0 -1 4194624 40262 0 0 0 91 59 0 0 0 -20 13 0 575174 3778228224 57352 18446744073709551615 366870431252 366870496976 549156205216 0 0 0 4612 0 1073779962 0 0 0 17 2 0 0 0 0 0 366870507912 366870508072 367424618496 549156207218 549156207265 549156207265 549156208609 0
T 5753.45
T 5753.61
T 5753.79
T 5753.96
T 5754.15
T 5754.31
T 5754.48
T 5754.64
T 5754.80
T 5754.98
T 5755.16
T 5755.36
T 5755.54
T 5755.73
T 5755.90
T 5756.09
T 5756.28
T 5756.48
T 5756.68
T 5756.88
T 5757.08
T 5757.27
T 5757.46
T 5757.66
T 5757.86
T 5758.06
T 5758.26
T 5758.46
T 5758.66
T 5758.86
T 5759.02
T 5759.18
T 5759.34
T 5759.52
T 5759.72
T 5759.88
T 5760.04
T 5760.20
T 5760.40
T 5760.60
T 5760.79
T 5760.98
T 5761.18
T 5761.38
T 5761.58
T 5761.76
T 5761.96
T 5762.16
T 5762.36
T 5762.56
T 5762.76
T 5762.96
T 5763.16
T 5763.36
T 5763.56
T 5763.76
T 5763.96
T 5764.14
T 5764.34
T 5764.54
T 5764.70
T 5764.90
T 5765.10
T 5765.30
T 5765.50
T 5765.70
T 5765.88
T 5766.08
T 5766.28
T 5766.46
T 5766.66
T 5766.84
T 5767.02
T 5767.22
T 5767.40
