T 10246.94
T 10247.12
T 10247.32
P 12554 13161 20010056 appspawn-x
12554 (b.bridge.zigzag) R 13161 0 0 0 -1 4194624 247 0 0 0 9 4 0 0 0 -20 1 0 1024731 2197676032 1617 18446744073709551615 366870431252 366870496976 549156205216 0 0 0 0 4096 1073775866 0 0 0 17 5 0 0 0 0 0 366870507912 366870508072 367424618496 549156207218 549156207265 549156207265 549156208609 0
T 10247.57
P 12554 13161 20010056 appspawn-x
12554 (b.bridge.zigzag) R 13161 0 0 0 -1 4194624 10009 0 0 0 14 18 0 0 0 -20 1 0 1024731 2456219648 14058 18446744073709551615 366870431252 366870496976 549156205216 0 0 0 0 4096 1073775866 0 0 0 17 5 0 0 0 0 0 366870507912 366870508072 367424618496 549156207218 549156207265 549156207265 549156208609 0
T 10247.78
P 12554 13161 20010056 appspawn-x
12554 (main) D 13161 0 0 0 -1 4194624 13666 0 1 0 20 24 0 0 0 -20 10 0 1024731 3367862272 19724 18446744073709551615 366870431252 366870496976 549156205216 0 0 0 4612 0 1073779962 0 0 0 17 4 0 0 0 0 0 366870507912 366870508072 367424618496 549156207218 549156207265 549156207265 549156208609 0
T 10247.95
P 12554 13161 20010056 appspawn-x
12554 (main) R 13161 0 0 0 -1 4194624 16482 0 1 0 30 32 0 0 0 -20 10 0 1024731 3520983040 25887 18446744073709551615 366870431252 366870496976 549156205216 0 0 0 4612 0 1073779962 0 0 0 17 7 0 0 0 0 0 366870507912 366870508072 367424618496 549156207218 549156207265 549156207265 549156208609 0
T 10248.14
P 12554 13161 20010056 appspawn-x
12554 (main) R 13161 0 0 0 -1 4194624 19844 0 1 0 42 35 0 0 0 -20 10 0 1024731 3574657024 42055 18446744073709551615 366870431252 366870496976 549156205216 0 0 0 4612 0 1073779962 0 0 0 17 7 0 0 0 0 0 366870507912 366870508072 367424618496 549156207218 549156207265 549156207265 549156208609 0
T 10248.30
P 12554 13161 20010056 appspawn-x
12554 (com.a2hlab.brid) R 13161 0 0 0 -1 4194624 21956 0 1 0 55 40 0 0 0 -20 12 0 1024731 3689541632 51039 18446744073709551615 366870431252 366870496976 549156205216 0 0 0 4612 0 1073779962 0 0 0 17 7 0 0 0 0 0 366870507912 366870508072 367424618496 549156207218 549156207265 549156207265 549156208609 0
T 10248.48
P 12554 13161 20010056 appspawn-x
12554 (com.a2hlab.brid) R 13161 0 0 0 -1 4194624 32500 0 1 0 66 49 0 0 0 -20 12 0 1024731 3728732160 60640 18446744073709551615 366870431252 366870496976 549156205216 0 0 0 4612 0 1073779962 0 0 0 17 7 0 0 0 0 0 366870507912 366870508072 367424618496 549156207218 549156207265 549156207265 549156208609 0
T 10248.68
P 12554 13161 20010056 appspawn-x
12554 (com.a2hlab.brid) R 13161 0 0 0 -1 4194624 38725 0 1 0 81 54 0 0 0 -20 12 0 1024731 3747852288 65290 18446744073709551615 366870431252 366870496976 549156205216 0 0 0 4612 0 1073779962 0 0 0 17 7 0 0 0 0 0 366870507912 366870508072 367424618496 549156207218 549156207265 549156207265 549156208609 0
T 10248.88
P 12554 13161 20010056 appspawn-x
12554 (com.a2hlab.brid) S 13161 0 0 0 -1 1077936448 40767 0 1 0 92 61 0 0 0 -20 13 0 1024731 3779149824 58693 18446744073709551615 366870431252 366870496976 549156205216 0 0 0 4612 0 1073779962 0 0 0 17 7 0 0 0 0 0 366870507912 366870508072 367424618496 549156207218 549156207265 549156207265 549156208609 0
T 10249.06
P 12554 13161 20010056 appspawn-x
12554 (com.a2hlab.brid) R 13161 0 0 0 -1 4194624 42995 0 1 0 97 67 0 0 0 -20 16 0 1024731 4126277632 67023 18446744073709551615 366870431252 366870496976 549156205216 0 0 0 4612 0 1073779962 0 0 0 17 3 0 0 0 0 0 366870507912 366870508072 367424618496 549156207218 549156207265 549156207265 549156208609 0
T 10249.22
P 12554 13161 20010056 appspawn-x
12554 (com.a2hlab.brid) S 13161 0 0 0 -1 4194624 45596 0 1 0 103 74 0 0 0 -20 34 0 1024731 4321677312 72067 18446744073709551615 366870431252 366870496976 549156205216 0 0 0 4612 0 1073779962 0 0 0 17 7 0 0 0 0 0 366870507912 366870508072 367424618496 549156207218 549156207265 549156207265 549156208609 0
T 10249.40
P 12554 13161 20010056 appspawn-x
12554 (com.a2hlab.brid) S 13161 0 0 0 -1 4194624 48169 0 1 0 116 78 0 0 0 -20 40 0 1024731 6522638336 75172 18446744073709551615 366870431252 366870496976 549156205216 0 0 0 4612 0 1073779962 0 0 0 17 1 0 0 0 0 0 366870507912 366870508072 367424618496 549156207218 549156207265 549156207265 549156208609 0
T 10249.59
P 12554 13161 20010056 appspawn-x
12554 (com.a2hlab.brid) S 13161 0 0 0 -1 1077936448 49660 0 1 0 134 79 0 0 0 -20 41 0 1024731 6533566464 78174 18446744073709551615 366870431252 366870496976 549156205216 0 0 0 4612 0 1073779962 0 0 0 17 3 0 0 0 0 0 366870507912 366870508072 367424618496 549156207218 549156207265 549156207265 549156208609 0
T 10249.78
P 12554 13161 20010056 appspawn-x
12554 (com.a2hlab.brid) S 13161 0 0 0 -1 4194624 53733 0 1 0 144 84 0 0 0 -20 64 0 1024731 6729494528 82024 18446744073709551615 366870431252 366870496976 549156205216 0 0 0 4612 0 1619039482 0 0 0 17 6 0 0 0 0 0 366870507912 366870508072 367424618496 549156207218 549156207265 549156207265 549156208609 0
T 10249.94
P 12554 13161 20010056 appspawn-x
12554 (com.a2hlab.brid) S 13161 0 0 0 -1 4194624 58415 0 1 0 149 92 0 0 0 -20 68 0 1024731 7064313856 91027 18446744073709551615 366870431252 366870496976 549156205216 0 0 0 4612 0 1619039482 0 0 0 17 6 0 0 0 0 0 366870507912 366870508072 367424618496 549156207218 549156207265 549156207265 549156208609 0
T 10250.14
P 12554 13161 20010056 appspawn-x
12554 (com.a2hlab.brid) S 13161 0 0 0 -1 4194624 62514 0 1 0 158 102 0 0 0 -20 69 0 1024731 7635304448 96388 18446744073709551615 366870431252 366870496976 549156205216 0 0 0 4612 0 1619039482 0 0 0 17 3 0 0 0 0 0 366870507912 366870508072 367424618496 549156207218 549156207265 549156207265 549156208609 0
T 10250.31
P 12554 13161 20010056 appspawn-x
12554 (com.a2hlab.brid) S 13161 0 0 0 -1 4194624 64079 0 1 0 164 110 0 0 0 -20 69 0 1024731 7958605824 98527 18446744073709551615 366870431252 366870496976 549156205216 0 0 0 4612 0 1619039482 0 0 0 17 6 0 0 0 0 0 366870507912 366870508072 367424618496 549156207218 549156207265 549156207265 549156208609 0
T 10250.47
P 12554 13161 20010056 appspawn-x
12554 (com.a2hlab.brid) S 13161 0 0 0 -1 4194624 64227 0 1 0 166 111 0 0 0 -20 69 0 1024731 7958605824 98600 18446744073709551615 366870431252 366870496976 549156205216 0 0 0 4612 0 1619039482 0 0 0 17 6 0 0 0 0 0 366870507912 366870508072 367424618496 549156207218 549156207265 549156207265 549156208609 0
T 10250.66
P 12554 13161 20010056 appspawn-x
12554 (com.a2hlab.brid) S 13161 0 0 0 -1 4194624 64279 0 1 0 167 113 0 0 0 -20 69 0 1024731 7958605824 99147 18446744073709551615 366870431252 366870496976 549156205216 0 0 0 4612 0 1619039482 0 0 0 17 0 0 0 0 0 0 366870507912 366870508072 367424618496 549156207218 549156207265 549156207265 549156208609 0
T 10250.84
P 12554 13161 20010056 appspawn-x
12554 (com.a2hlab.brid) S 13161 0 0 0 -1 4194624 64337 0 1 0 169 115 0 0 0 -20 69 0 1024731 7958605824 98641 18446744073709551615 366870431252 366870496976 549156205216 0 0 0 4612 0 1619039482 0 0 0 17 0 0 0 0 0 0 366870507912 366870508072 367424618496 549156207218 549156207265 549156207265 549156208609 0
T 10251.01
P 12554 13161 20010056 appspawn-x
12554 (com.a2hlab.brid) S 13161 0 0 0 -1 4194624 64455 0 1 0 173 115 0 0 0 -20 69 0 1024731 7958605824 98711 18446744073709551615 366870431252 366870496976 549156205216 0 0 0 4612 0 1619039482 0 0 0 17 0 0 0 0 0 0 366870507912 366870508072 367424618496 549156207218 549156207265 549156207265 549156208609 0
T 10251.20
P 12554 13161 20010056 appspawn-x
12554 (com.a2hlab.brid) S 13161 0 0 0 -1 4194624 64601 0 1 0 175 116 0 0 0 -20 69 0 1024731 7958605824 98783 18446744073709551615 366870431252 366870496976 549156205216 0 0 0 4612 0 1619039482 0 0 0 17 0 0 0 0 0 0 366870507912 366870508072 367424618496 549156207218 549156207265 549156207265 549156208609 0
T 10251.39
P 12554 13161 20010056 appspawn-x
12554 (com.a2hlab.brid) S 13161 0 0 0 -1 4194624 64727 0 1 0 176 120 0 0 0 -20 69 0 1024731 7958605824 98878 18446744073709551615 366870431252 366870496976 549156205216 0 0 0 4612 0 1619039482 0 0 0 17 0 0 0 0 0 0 366870507912 366870508072 367424618496 549156207218 549156207265 549156207265 549156208609 0
T 10251.58
P 12554 13161 20010056 appspawn-x
12554 (com.a2hlab.brid) S 13161 0 0 0 -1 4194624 64857 0 1 0 176 123 0 0 0 -20 69 0 1024731 7958605824 98948 18446744073709551615 366870431252 366870496976 549156205216 0 0 0 4612 0 1619039482 0 0 0 17 0 0 0 0 0 0 366870507912 366870508072 367424618496 549156207218 549156207265 549156207265 549156208609 0
T 10251.75
P 12554 13161 20010056 appspawn-x
12554 (com.a2hlab.brid) S 13161 0 0 0 -1 4194624 64976 0 1 0 178 125 0 0 0 -20 69 0 1024731 7958605824 99021 18446744073709551615 366870431252 366870496976 549156205216 0 0 0 4612 0 1619039482 0 0 0 17 0 0 0 0 0 0 366870507912 366870508072 367424618496 549156207218 549156207265 549156207265 549156208609 0
T 10251.94
P 12554 13161 20010056 appspawn-x
12554 (com.a2hlab.brid) S 13161 0 0 0 -1 4194624 65052 0 1 0 180 127 0 0 0 -20 69 0 1024731 7958605824 99537 18446744073709551615 366870431252 366870496976 549156205216 0 0 0 4612 0 1619039482 0 0 0 17 0 0 0 0 0 0 366870507912 366870508072 367424618496 549156207218 549156207265 549156207265 549156208609 0
T 10252.14
P 12554 13161 20010056 appspawn-x
12554 (com.a2hlab.brid) S 13161 0 0 0 -1 4194624 66115 0 1 0 183 130 0 0 0 -20 70 0 1024731 7967158272 100136 18446744073709551615 366870431252 366870496976 549156205216 0 0 0 4612 0 1619039482 0 0 0 17 7 0 0 0 0 0 366870507912 366870508072 367424618496 549156207218 549156207265 549156207265 549156208609 0
T 10252.32
P 12554 13161 20010056 appspawn-x
12554 (com.a2hlab.brid) S 13161 0 0 0 -1 4194624 68963 0 1 0 195 138 0 0 0 -20 72 0 1024731 8047738880 104091 18446744073709551615 366870431252 366870496976 549156205216 0 0 0 4612 0 1619039482 0 0 0 17 5 0 0 0 0 0 366870507912 366870508072 367424618496 549156207218 549156207265 549156207265 549156208609 0
T 10252.52
P 12554 13161 20010056 appspawn-x
12554 (com.a2hlab.brid) S 13161 0 0 0 -1 4194624 69943 0 1 0 202 143 0 0 0 -20 73 0 1024731 8050622464 105927 18446744073709551615 366870431252 366870496976 549156205216 0 0 0 4612 0 1619039482 0 0 0 17 3 0 0 0 0 0 366870507912 366870508072 367424618496 549156207218 549156207265 549156207265 549156208609 0
T 10252.70
P 12554 13161 20010056 appspawn-x
12554 (com.a2hlab.brid) S 13161 0 0 0 -1 4194624 70206 0 1 0 204 146 0 0 0 -20 73 0 1024731 8050622464 105615 18446744073709551615 366870431252 366870496976 549156205216 0 0 0 4612 0 1619039482 0 0 0 17 3 0 0 0 0 0 366870507912 366870508072 367424618496 549156207218 549156207265 549156207265 549156208609 0
T 10252.90
P 12554 13161 20010056 appspawn-x
12554 (com.a2hlab.brid) S 13161 0 0 0 -1 4194624 70519 0 1 0 207 147 0 0 0 -20 73 0 1024731 8050622464 105872 18446744073709551615 366870431252 366870496976 549156205216 0 0 0 4612 0 1619039482 0 0 0 17 3 0 0 0 0 0 366870507912 366870508072 367424618496 549156207218 549156207265 549156207265 549156208609 0
T 10253.08
P 12554 13161 20010056 appspawn-x
12554 (com.a2hlab.brid) S 13161 0 0 0 -1 4194624 70657 0 1 0 209 149 0 0 0 -20 73 0 1024731 8050622464 106987 18446744073709551615 366870431252 366870496976 549156205216 0 0 0 4612 0 1619039482 0 0 0 17 3 0 0 0 0 0 366870507912 366870508072 367424618496 549156207218 549156207265 549156207265 549156208609 0
T 10253.24
P 12554 13161 20010056 appspawn-x
12554 (com.a2hlab.brid) S 13161 0 0 0 -1 4194624 70750 0 1 0 211 150 0 0 0 -20 73 0 1024731 8050622464 106080 18446744073709551615 366870431252 366870496976 549156205216 0 0 0 4612 0 1619039482 0 0 0 17 3 0 0 0 0 0 366870507912 366870508072 367424618496 549156207218 549156207265 549156207265 549156208609 0
T 10253.41
P 12554 13161 20010056 appspawn-x
12554 (com.a2hlab.brid) S 13161 0 0 0 -1 4194624 70903 0 1 0 213 153 0 0 0 -20 73 0 1024731 8050622464 106188 18446744073709551615 366870431252 366870496976 549156205216 0 0 0 4612 0 1619039482 0 0 0 17 3 0 0 0 0 0 366870507912 366870508072 367424618496 549156207218 549156207265 549156207265 549156208609 0
T 10253.59
P 12554 13161 20010056 appspawn-x
12554 (com.a2hlab.brid) S 13161 0 0 0 -1 4194624 71034 0 1 0 215 154 0 0 0 -20 73 0 1024731 8050622464 106300 18446744073709551615 366870431252 366870496976 549156205216 0 0 0 4612 0 1619039482 0 0 0 17 3 0 0 0 0 0 366870507912 366870508072 367424618496 549156207218 549156207265 549156207265 549156208609 0
T 10253.75
P 12554 13161 20010056 appspawn-x
12554 (com.a2hlab.brid) S 13161 0 0 0 -1 4194624 71124 0 1 0 217 157 0 0 0 -20 73 0 1024731 8050622464 106300 18446744073709551615 366870431252 366870496976 549156205216 0 0 0 4612 0 1619039482 0 0 0 17 3 0 0 0 0 0 366870507912 366870508072 367424618496 549156207218 549156207265 549156207265 549156208609 0
T 10253.92
P 12554 13161 20010056 appspawn-x
12554 (com.a2hlab.brid) S 13161 0 0 0 -1 4194624 71212 0 1 0 218 160 0 0 0 -20 73 0 1024731 8050622464 106341 18446744073709551615 366870431252 366870496976 549156205216 0 0 0 4612 0 1619039482 0 0 0 17 3 0 0 0 0 0 366870507912 366870508072 367424618496 549156207218 549156207265 549156207265 549156208609 0
T 10254.10
P 12554 13161 20010056 appspawn-x
12554 (com.a2hlab.brid) S 13161 0 0 0 -1 4194624 71278 0 1 0 220 162 0 0 0 -20 73 0 1024731 8050622464 106345 18446744073709551615 366870431252 366870496976 549156205216 0 0 0 4612 0 1619039482 0 0 0 17 3 0 0 0 0 0 366870507912 366870508072 367424618496 549156207218 549156207265 549156207265 549156208609 0
T 10254.28
P 12554 13161 20010056 appspawn-x
12554 (com.a2hlab.brid) S 13161 0 0 0 -1 4194624 71332 0 1 0 222 163 0 0 0 -20 73 0 1024731 8050622464 106412 18446744073709551615 366870431252 366870496976 549156205216 0 0 0 4612 0 1619039482 0 0 0 17 3 0 0 0 0 0 366870507912 366870508072 367424618496 549156207218 549156207265 549156207265 549156208609 0
T 10254.46
P 12554 13161 20010056 appspawn-x
12554 (com.a2hlab.brid) S 13161 0 0 0 -1 4194624 71381 0 1 0 225 165 0 0 0 -20 73 0 1024731 8059240448 106990 18446744073709551615 366870431252 366870496976 549156205216 0 0 0 4612 0 1619039482 0 0 0 17 3 0 0 0 0 0 366870507912 366870508072 367424618496 549156207218 549156207265 549156207265 549156208609 0
T 10254.64
P 12554 13161 20010056 appspawn-x
12554 (com.a2hlab.brid) S 13161 0 0 0 -1 4194624 71419 0 1 0 227 167 0 0 0 -20 73 0 1024731 8050622464 106481 18446744073709551615 366870431252 366870496976 549156205216 0 0 0 4612 0 1619039482 0 0 0 17 3 0 0 0 0 0 366870507912 366870508072 367424618496 549156207218 549156207265 549156207265 549156208609 0
T 10254.82
P 12554 13161 20010056 appspawn-x
12554 (com.a2hlab.brid) S 13161 0 0 0 -1 4194624 71464 0 1 0 230 168 0 0 0 -20 73 0 1024731 8050622464 106550 18446744073709551615 366870431252 366870496976 549156205216 0 0 0 4612 0 1619039482 0 0 0 17 3 0 0 0 0 0 366870507912 366870508072 367424618496 549156207218 549156207265 549156207265 549156208609 0
T 10255.02
P 12554 13161 20010056 appspawn-x
12554 (com.a2hlab.brid) S 13161 0 0 0 -1 4194624 71508 0 1 0 231 170 0 0 0 -20 73 0 1024731 8050622464 106554 18446744073709551615 366870431252 366870496976 549156205216 0 0 0 4612 0 1619039482 0 0 0 17 3 0 0 0 0 0 366870507912 366870508072 367424618496 549156207218 549156207265 549156207265 549156208609 0
T 10255.18
P 12554 13161 20010056 appspawn-x
12554 (com.a2hlab.brid) S 13161 0 0 0 -1 4194624 71545 0 1 0 233 172 0 0 0 -20 73 0 1024731 8050622464 107647 18446744073709551615 366870431252 366870496976 549156205216 0 0 0 4612 0 1619039482 0 0 0 17 3 0 0 0 0 0 366870507912 366870508072 367424618496 549156207218 549156207265 549156207265 549156208609 0
T 10255.34
P 12554 13161 20010056 appspawn-x
12554 (com.a2hlab.brid) S 13161 0 0 0 -1 4194624 71574 0 1 0 234 174 0 0 0 -20 73 0 1024731 8050622464 106623 18446744073709551615 366870431252 366870496976 549156205216 0 0 0 4612 0 1619039482 0 0 0 17 3 0 0 0 0 0 366870507912 366870508072 367424618496 549156207218 549156207265 549156207265 549156208609 0
T 10255.50
P 12554 13161 20010056 appspawn-x
12554 (com.a2hlab.brid) S 13161 0 0 0 -1 4194624 71647 0 1 0 237 175 0 0 0 -20 73 0 1024731 8050622464 106691 18446744073709551615 366870431252 366870496976 549156205216 0 0 0 4612 0 1619039482 0 0 0 17 3 0 0 0 0 0 366870507912 366870508072 367424618496 549156207218 549156207265 549156207265 549156208609 0
T 10255.67
P 12554 13161 20010056 appspawn-x
12554 (com.a2hlab.brid) S 13161 0 0 0 -1 4194624 71695 0 1 0 239 176 0 0 0 -20 73 0 1024731 8050622464 106725 18446744073709551615 366870431252 366870496976 549156205216 0 0 0 4612 0 1619039482 0 0 0 17 3 0 0 0 0 0 366870507912 366870508072 367424618496 549156207218 549156207265 549156207265 549156208609 0
T 10255.86
P 12554 13161 20010056 appspawn-x
12554 (com.a2hlab.brid) S 13161 0 0 0 -1 4194624 71743 0 1 0 243 177 0 0 0 -20 73 0 1024731 8050622464 106788 18446744073709551615 366870431252 366870496976 549156205216 0 0 0 4612 0 1619039482 0 0 0 17 3 0 0 0 0 0 366870507912 366870508072 367424618496 549156207218 549156207265 549156207265 549156208609 0
T 10256.03
P 12554 13161 20010056 appspawn-x
12554 (com.a2hlab.brid) S 13161 0 0 0 -1 4194624 71780 0 1 0 245 178 0 0 0 -20 73 0 1024731 8050622464 106788 18446744073709551615 366870431252 366870496976 549156205216 0 0 0 4612 0 1619039482 0 0 0 17 3 0 0 0 0 0 366870507912 366870508072 367424618496 549156207218 549156207265 549156207265 549156208609 0
T 10256.20
P 12554 13161 20010056 appspawn-x
12554 (com.a2hlab.brid) S 13161 0 0 0 -1 4194624 71824 0 1 0 246 181 0 0 0 -20 73 0 1024731 8050622464 107365 18446744073709551615 366870431252 366870496976 549156205216 0 0 0 4612 0 1619039482 0 0 0 17 3 0 0 0 0 0 366870507912 366870508072 367424618496 549156207218 549156207265 549156207265 549156208609 0
T 10256.38
P 12554 13161 20010056 appspawn-x
12554 (com.a2hlab.brid) S 13161 0 0 0 -1 4194624 71861 0 1 0 248 184 0 0 0 -20 73 0 1024731 8050622464 106854 18446744073709551615 366870431252 366870496976 549156205216 0 0 0 4612 0 1619039482 0 0 0 17 3 0 0 0 0 0 366870507912 366870508072 367424618496 549156207218 549156207265 549156207265 549156208609 0
T 10256.56
P 12554 13161 20010056 appspawn-x
12554 (com.a2hlab.brid) S 13161 0 0 0 -1 4194624 71909 0 1 0 249 187 0 0 0 -20 73 0 1024731 8050622464 106922 18446744073709551615 366870431252 366870496976 549156205216 0 0 0 4612 0 1619039482 0 0 0 17 3 0 0 0 0 0 366870507912 366870508072 367424618496 549156207218 549156207265 549156207265 549156208609 0
T 10256.76
P 12554 13161 20010056 appspawn-x
12554 (com.a2hlab.brid) S 13161 0 0 0 -1 4194624 71956 0 1 0 250 189 0 0 0 -20 73 0 1024731 8050622464 107947 18446744073709551615 366870431252 366870496976 549156205216 0 0 0 4612 0 1619039482 0 0 0 17 3 0 0 0 0 0 366870507912 366870508072 367424618496 549156207218 549156207265 549156207265 549156208609 0
T 10256.94
P 12554 13161 20010056 appspawn-x
12554 (com.a2hlab.brid) S 13161 0 0 0 -1 4194624 72002 0 1 0 252 192 0 0 0 -20 73 0 1024731 8050622464 107501 18446744073709551615 366870431252 366870496976 549156205216 0 0 0 4612 0 1619039482 0 0 0 17 3 0 0 0 0 0 366870507912 366870508072 367424618496 549156207218 549156207265 549156207265 549156208609 0
T 10257.14
P 12554 13161 20010056 appspawn-x
12554 (com.a2hlab.brid) S 13161 0 0 0 -1 4194624 72055 0 1 0 255 193 0 0 0 -20 73 0 1024731 8050622464 106990 18446744073709551615 366870431252 366870496976 549156205216 0 0 0 4612 0 1619039482 0 0 0 17 5 0 0 0 0 0 366870507912 366870508072 367424618496 549156207218 549156207265 549156207265 549156208609 0
T 10257.32
P 12554 13161 20010056 appspawn-x
12554 (com.a2hlab.brid) S 13161 0 0 0 -1 4194624 72091 0 1 0 257 195 0 0 0 -20 73 0 1024731 8050622464 106991 18446744073709551615 366870431252 366870496976 549156205216 0 0 0 4612 0 1619039482 0 0 0 17 5 0 0 0 0 0 366870507912 366870508072 367424618496 549156207218 549156207265 549156207265 549156208609 0
T 10257.50
P 12554 13161 20010056 appspawn-x
12554 (com.a2hlab.brid) S 13161 0 0 0 -1 4194624 72132 0 1 0 259 197 0 0 0 -20 73 0 1024731 8050622464 107058 18446744073709551615 366870431252 366870496976 549156205216 0 0 0 4612 0 1619039482 0 0 0 17 5 0 0 0 0 0 366870507912 366870508072 367424618496 549156207218 549156207265 549156207265 549156208609 0
T 10257.68
P 12554 13161 20010056 appspawn-x
12554 (com.a2hlab.brid) S 13161 0 0 0 -1 4194624 72169 0 1 0 261 198 0 0 0 -20 73 0 1024731 8050622464 107057 18446744073709551615 366870431252 366870496976 549156205216 0 0 0 4612 0 1619039482 0 0 0 17 5 0 0 0 0 0 366870507912 366870508072 367424618496 549156207218 549156207265 549156207265 549156208609 0
T 10257.85
P 12554 13161 20010056 appspawn-x
12554 (com.a2hlab.brid) S 13161 0 0 0 -1 4194624 72203 0 1 0 264 199 0 0 0 -20 73 0 1024731 8050622464 107123 18446744073709551615 366870431252 366870496976 549156205216 0 0 0 4612 0 1619039482 0 0 0 17 5 0 0 0 0 0 366870507912 366870508072 367424618496 549156207218 549156207265 549156207265 549156208609 0
T 10258.02
P 12554 13161 20010056 appspawn-x
12554 (com.a2hlab.brid) S 13161 0 0 0 -1 4194624 72246 0 1 0 266 201 0 0 0 -20 73 0 1024731 8050622464 107124 18446744073709551615 366870431252 366870496976 549156205216 0 0 0 4612 0 1619039482 0 0 0 17 5 0 0 0 0 0 366870507912 366870508072 367424618496 549156207218 549156207265 549156207265 549156208609 0
T 10258.22
P 12554 13161 20010056 appspawn-x
12554 (com.a2hlab.brid) S 13161 0 0 0 -1 4194624 72281 0 1 0 269 203 0 0 0 -20 73 0 1024731 8050622464 107189 18446744073709551615 366870431252 366870496976 549156205216 0 0 0 4612 0 1619039482 0 0 0 17 5 0 0 0 0 0 366870507912 366870508072 367424618496 549156207218 549156207265 549156207265 549156208609 0
T 10258.40
P 12554 13161 20010056 appspawn-x
12554 (com.a2hlab.brid) S 13161 0 0 0 -1 4194624 72317 0 1 0 271 204 0 0 0 -20 73 0 1024731 8050622464 107189 18446744073709551615 366870431252 366870496976 549156205216 0 0 0 4612 0 1619039482 0 0 0 17 5 0 0 0 0 0 366870507912 366870508072 367424618496 549156207218 549156207265 549156207265 549156208609 0
T 10258.57
P 12554 13161 20010056 appspawn-x
12554 (com.a2hlab.brid) S 13161 0 0 0 -1 4194624 72370 0 1 0 273 207 0 0 0 -20 73 0 1024731 8050622464 107256 18446744073709551615 366870431252 366870496976 549156205216 0 0 0 4612 0 1619039482 0 0 0 17 5 0 0 0 0 0 366870507912 366870508072 367424618496 549156207218 549156207265 549156207265 549156208609 0
T 10258.75
P 12554 13161 20010056 appspawn-x
12554 (com.a2hlab.brid) S 13161 0 0 0 -1 4194624 72407 0 1 0 275 208 0 0 0 -20 73 0 1024731 8050622464 107255 18446744073709551615 366870431252 366870496976 549156205216 0 0 0 4612 0 1619039482 0 0 0 17 5 0 0 0 0 0 366870507912 366870508072 367424618496 549156207218 549156207265 549156207265 549156208609 0
T 10258.94
P 12554 13161 20010056 appspawn-x
12554 (com.a2hlab.brid) S 13161 0 0 0 -1 4194624 72441 0 1 0 277 210 0 0 0 -20 73 0 1024731 8050622464 107320 18446744073709551615 366870431252 366870496976 549156205216 0 0 0 4612 0 1619039482 0 0 0 17 5 0 0 0 0 0 366870507912 366870508072 367424618496 549156207218 549156207265 549156207265 549156208609 0
T 10259.10
P 12554 13161 20010056 appspawn-x
12554 (com.a2hlab.brid) S 13161 0 0 0 -1 4194624 72483 0 1 0 278 212 0 0 0 -20 73 0 1024731 8050622464 107321 18446744073709551615 366870431252 366870496976 549156205216 0 0 0 4612 0 1619039482 0 0 0 17 5 0 0 0 0 0 366870507912 366870508072 367424618496 549156207218 549156207265 549156207265 549156208609 0
T 10259.28
P 12554 13161 20010056 appspawn-x
12554 (com.a2hlab.brid) S 13161 0 0 0 -1 4194624 72517 0 1 0 279 215 0 0 0 -20 73 0 1024731 8050622464 107386 18446744073709551615 366870431252 366870496976 549156205216 0 0 0 4612 0 1619039482 0 0 0 17 5 0 0 0 0 0 366870507912 366870508072 367424618496 549156207218 549156207265 549156207265 549156208609 0
T 10259.46
P 12554 13161 20010056 appspawn-x
12554 (com.a2hlab.brid) S 13161 0 0 0 -1 4194624 72560 0 1 0 281 217 0 0 0 -20 73 0 1024731 8050622464 107386 18446744073709551615 366870431252 366870496976 549156205216 0 0 0 4612 0 1619039482 0 0 0 17 5 0 0 0 0 0 366870507912 366870508072 367424618496 549156207218 549156207265 549156207265 549156208609 0
T 10259.66
P 12554 13161 20010056 appspawn-x
12554 (com.a2hlab.brid) S 13161 0 0 0 -1 4194624 72595 0 1 0 282 220 0 0 0 -20 73 0 1024731 8050622464 107453 18446744073709551615 366870431252 366870496976 549156205216 0 0 0 4612 0 1619039482 0 0 0 17 5 0 0 0 0 0 366870507912 366870508072 367424618496 549156207218 549156207265 549156207265 549156208609 0
T 10259.82
P 12554 13161 20010056 appspawn-x
12554 (com.a2hlab.brid) S 13161 0 0 0 -1 4194624 72641 0 1 0 285 221 0 0 0 -20 73 0 1024731 8050622464 107452 18446744073709551615 366870431252 366870496976 549156205216 0 0 0 4612 0 1619039482 0 0 0 17 5 0 0 0 0 0 366870507912 366870508072 367424618496 549156207218 549156207265 549156207265 549156208609 0
T 10260.00
P 12554 13161 20010056 appspawn-x
12554 (com.a2hlab.brid) S 13161 0 0 0 -1 4194624 72683 0 1 0 287 223 0 0 0 -20 73 0 1024731 8050622464 107518 18446744073709551615 366870431252 366870496976 549156205216 0 0 0 4612 0 1619039482 0 0 0 17 5 0 0 0 0 0 366870507912 366870508072 367424618496 549156207218 549156207265 549156207265 549156208609 0
T 10260.20
P 12554 13161 20010056 appspawn-x
12554 (com.a2hlab.brid) S 13161 0 0 0 -1 4194624 72726 0 1 0 289 226 0 0 0 -20 73 0 1024731 8050622464 107518 18446744073709551615 366870431252 366870496976 549156205216 0 0 0 4612 0 1619039482 0 0 0 17 5 0 0 0 0 0 366870507912 366870508072 367424618496 549156207218 549156207265 549156207265 549156208609 0
T 10260.38
P 12554 13161 20010056 appspawn-x
12554 (com.a2hlab.brid) S 13161 0 0 0 -1 4194624 72769 0 1 0 290 229 0 0 0 -20 73 0 1024731 8050622464 108608 18446744073709551615 366870431252 366870496976 549156205216 0 0 0 4612 0 1619039482 0 0 0 17 5 0 0 0 0 0 366870507912 366870508072 367424618496 549156207218 549156207265 549156207265 549156208609 0
T 10260.58
P 12554 13161 20010056 appspawn-x
12554 (com.a2hlab.brid) S 13161 0 0 0 -1 4194624 72803 0 1 0 291 231 0 0 0 -20 73 0 1024731 8050622464 107585 18446744073709551615 366870431252 366870496976 549156205216 0 0 0 4612 0 1619039482 0 0 0 17 5 0 0 0 0 0 366870507912 366870508072 367424618496 549156207218 549156207265 549156207265 549156208609 0
T 10260.76
P 12554 13161 20010056 appspawn-x
12554 (com.a2hlab.brid) S 13161 0 0 0 -1 4194624 72839 0 1 0 293 233 0 0 0 -20 73 0 1024731 8050622464 107650 18446744073709551615 366870431252 366870496976 549156205216 0 0 0 4612 0 1619039482 0 0 0 17 5 0 0 0 0 0 366870507912 366870508072 367424618496 549156207218 549156207265 549156207265 549156208609 0
T 10260.93
P 12554 13161 20010056 appspawn-x
12554 (com.a2hlab.brid) S 13161 0 0 0 -1 4194624 72873 0 1 0 294 236 0 0 0 -20 73 0 1024731 8050622464 107650 18446744073709551615 366870431252 366870496976 549156205216 0 0 0 4612 0 1619039482 0 0 0 17 5 0 0 0 0 0 366870507912 366870508072 367424618496 549156207218 549156207265 549156207265 549156208609 0
T 10261.10
P 12554 13161 20010056 appspawn-x
12554 (com.a2hlab.brid) S 13161 0 0 0 -1 4194624 72910 0 1 0 295 238 0 0 0 -20 73 0 1024731 8050622464 107715 18446744073709551615 366870431252 366870496976 549156205216 0 0 0 4612 0 1619039482 0 0 0 17 5 0 0 0 0 0 366870507912 366870508072 367424618496 549156207218 549156207265 549156207265 549156208609 0
T 10261.26
P 12554 13161 20010056 appspawn-x
12554 (com.a2hlab.brid) S 13161 0 0 0 -1 4194624 72947 0 1 0 298 240 0 0 0 -20 73 0 1024731 8050622464 107716 18446744073709551615 366870431252 366870496976 549156205216 0 0 0 4612 0 1619039482 0 0 0 17 5 0 0 0 0 0 366870507912 366870508072 367424618496 549156207218 549156207265 549156207265 549156208609 0
T 10261.42
P 12554 13161 20010056 appspawn-x
12554 (com.a2hlab.brid) S 13161 0 0 0 -1 4194624 72986 0 1 0 300 241 0 0 0 -20 73 0 1024731 8050622464 107779 18446744073709551615 366870431252 366870496976 549156205216 0 0 0 4612 0 1619039482 0 0 0 17 5 0 0 0 0 0 366870507912 366870508072 367424618496 549156207218 549156207265 549156207265 549156208609 0
T 10261.60
P 12554 13161 20010056 appspawn-x
12554 (com.a2hlab.brid) S 13161 0 0 0 -1 4194624 73020 0 1 0 302 243 0 0 0 -20 73 0 1024731 8050622464 107779 18446744073709551615 366870431252 366870496976 549156205216 0 0 0 4612 0 1619039482 0 0 0 17 5 0 0 0 0 0 366870507912 366870508072 367424618496 549156207218 549156207265 549156207265 549156208609 0
T 10261.77
P 12554 13161 20010056 appspawn-x
12554 (com.a2hlab.brid) S 13161 0 0 0 -1 4194624 73056 0 1 0 304 244 0 0 0 -20 73 0 1024731 8050622464 107779 18446744073709551615 366870431252 366870496976 549156205216 0 0 0 4612 0 1619039482 0 0 0 17 5 0 0 0 0 0 366870507912 366870508072 367424618496 549156207218 549156207265 549156207265 549156208609 0
T 10261.93
P 12554 13161 20010056 appspawn-x
12554 (com.a2hlab.brid) S 13161 0 0 0 -1 4194624 73091 0 1 0 305 247 0 0 0 -20 73 0 1024731 8050622464 107846 18446744073709551615 366870431252 366870496976 549156205216 0 0 0 4612 0 1619039482 0 0 0 17 5 0 0 0 0 0 366870507912 366870508072 367424618496 549156207218 549156207265 549156207265 549156208609 0
T 10262.09
P 12554 13161 20010056 appspawn-x
12554 (com.a2hlab.brid) S 13161 0 0 0 -1 4194624 73125 0 1 0 307 249 0 0 0 -20 73 0 1024731 8050622464 107845 18446744073709551615 366870431252 366870496976 549156205216 0 0 0 4612 0 1619039482 0 0 0 17 5 0 0 0 0 0 366870507912 366870508072 367424618496 549156207218 549156207265 549156207265 549156208609 0
T 10262.26
P 12554 13161 20010056 appspawn-x
12554 (com.a2hlab.brid) S 13161 0 0 0 -1 4194624 73161 0 1 0 308 251 0 0 0 -20 73 0 1024731 8050622464 107911 18446744073709551615 366870431252 366870496976 549156205216 0 0 0 4612 0 1619039482 0 0 0 17 5 0 0 0 0 0 366870507912 366870508072 367424618496 549156207218 549156207265 549156207265 549156208609 0
T 10262.42
P 12554 13161 20010056 appspawn-x
12554 (com.a2hlab.brid) S 13161 0 0 0 -1 4194624 73196 0 1 0 310 252 0 0 0 -20 73 0 1024731 8050622464 107911 18446744073709551615 366870431252 366870496976 549156205216 0 0 0 4612 0 1619039482 0 0 0 17 5 0 0 0 0 0 366870507912 366870508072 367424618496 549156207218 549156207265 549156207265 549156208609 0
T 10262.60
P 12554 13161 20010056 appspawn-x
12554 (com.a2hlab.brid) S 13161 0 0 0 -1 4194624 73231 0 1 0 312 255 0 0 0 -20 73 0 1024731 8050622464 107978 18446744073709551615 366870431252 366870496976 549156205216 0 0 0 4612 0 1619039482 0 0 0 17 5 0 0 0 0 0 366870507912 366870508072 367424618496 549156207218 549156207265 549156207265 549156208609 0
T 10262.77
P 12554 13161 20010056 appspawn-x
12554 (com.a2hlab.brid) S 13161 0 0 0 -1 4194624 73267 0 1 0 314 256 0 0 0 -20 73 0 1024731 8050622464 107977 18446744073709551615 366870431252 366870496976 549156205216 0 0 0 4612 0 1619039482 0 0 0 17 5 0 0 0 0 0 366870507912 366870508072 367424618496 549156207218 549156207265 549156207265 549156208609 0
T 10262.94
P 12554 13161 20010056 appspawn-x
12554 (com.a2hlab.brid) S 13161 0 0 0 -1 4194624 73309 0 1 0 318 257 0 0 0 -20 73 0 1024731 8050622464 108043 18446744073709551615 366870431252 366870496976 549156205216 0 0 0 4612 0 1619039482 0 0 0 17 5 0 0 0 0 0 366870507912 366870508072 367424618496 549156207218 549156207265 549156207265 549156208609 0
T 10263.12
P 12554 13161 20010056 appspawn-x
12554 (com.a2hlab.brid) S 13161 0 0 0 -1 4194624 73352 0 1 0 321 258 0 0 0 -20 73 0 1024731 8050622464 108043 18446744073709551615 366870431252 366870496976 549156205216 0 0 0 4612 0 1619039482 0 0 0 17 5 0 0 0 0 0 366870507912 366870508072 367424618496 549156207218 549156207265 549156207265 549156208609 0
