T 7293.57
T 7293.76
T 7293.91
P 31905 30203 20010055 appspawn-x
31905 (mple.helloworld) R 30203 0 0 0 -1 4194624 2872 0 0 0 3 7 0 0 0 -20 1 0 729391 2454016000 6191 18446744073709551615 366881183188 366881249504 549383580736 0 0 0 0 4096 1073775866 0 0 0 17 6 0 0 0 0 0 366881260440 366881260600 367173632000 549383584349 549383584396 549383584396 549383585761 0
T 7294.14
P 31905 30203 20010055 appspawn-x
31905 (main) D 30203 0 0 0 -1 4194624 13618 0 0 0 10 18 0 0 0 -20 10 0 729391 3365658624 19645 18446744073709551615 366881183188 366881249504 549383580736 0 0 0 4612 0 1073779962 0 0 0 17 6 0 0 0 0 0 366881260440 366881260600 367173632000 549383584349 549383584396 549383584396 549383585761 0
T 7294.34
P 31905 30203 20010055 appspawn-x
31905 (main) R 30203 0 0 0 -1 4194624 16067 0 0 0 18 23 0 0 0 -20 10 0 729391 3518754816 25343 18446744073709551615 366881183188 366881249504 549383580736 0 0 0 4612 0 1073779962 0 0 0 17 7 0 0 0 0 0 366881260440 366881260600 367173632000 549383584349 549383584396 549383584396 549383585761 0
T 7294.50
P 31905 30203 20010055 appspawn-x
31905 (main) R 30203 0 0 0 -1 4194624 19049 0 0 0 31 25 0 0 0 -20 10 0 729391 3553923072 38456 18446744073709551615 366881183188 366881249504 549383580736 0 0 0 4612 0 1073779962 0 0 0 17 7 0 0 0 0 0 366881260440 366881260600 367173632000 549383584349 549383584396 549383584396 549383585761 0
T 7294.65
P 31905 30203 20010055 appspawn-x
31905 (com.example.hel) R 30203 0 0 0 -1 4194624 22075 0 0 0 39 32 0 0 0 -20 12 0 729391 3689791488 52327 18446744073709551615 366881183188 366881249504 549383580736 0 0 0 4612 0 1073779962 0 0 0 17 7 0 0 0 0 0 366881260440 366881260600 367173632000 549383584349 549383584396 549383584396 549383585761 0
T 7294.81
P 31905 30203 20010055 appspawn-x
31905 (com.example.hel) R 30203 0 0 0 -1 4194624 30725 0 0 0 49 37 0 0 0 -20 12 0 729391 3720835072 60130 18446744073709551615 366881183188 366881249504 549383580736 0 0 0 4612 0 1073779962 0 0 0 17 7 0 0 0 0 0 366881260440 366881260600 367173632000 549383584349 549383584396 549383584396 549383585761 0
T 7294.97
P 31905 30203 20010055 appspawn-x
31905 (com.example.hel) R 30203 0 0 0 -1 4194624 37418 0 0 0 61 41 0 0 0 -20 12 0 729391 3741925376 65321 18446744073709551615 366881183188 366881249504 549383580736 0 0 0 4612 0 1073779962 0 0 0 17 7 0 0 0 0 0 366881260440 366881260600 367173632000 549383584349 549383584396 549383584396 549383585761 0
T 7295.12
P 31905 30203 20010055 appspawn-x
31905 (com.example.hel) R 30203 0 0 0 -1 4194624 38798 0 0 0 73 44 0 0 0 -20 12 0 729391 3697549312 55083 18446744073709551615 366881183188 366881249504 549383580736 0 0 0 4612 0 1073779962 0 0 0 17 7 0 0 0 0 0 366881260440 366881260600 367173632000 549383584349 549383584396 549383584396 549383585761 0
T 7295.28
P 31905 30203 20010055 appspawn-x
31905 (com.example.hel) S 30203 0 0 0 -1 1077936448 40863 0 0 0 82 51 0 0 0 -20 15 0 729391 3795501056 64384 18446744073709551615 366881183188 366881249504 549383580736 0 0 0 4612 0 1073779962 0 0 0 17 5 0 0 0 0 0 366881260440 366881260600 367173632000 549383584349 549383584396 549383584396 549383585761 0
T 7295.46
P 31905 30203 20010055 appspawn-x
31905 (com.example.hel) S 30203 0 0 0 -1 1077936448 44080 0 0 0 90 58 0 0 0 -20 31 0 729391 3980480512 71912 18446744073709551615 366881183188 366881249504 549383580736 0 0 0 4612 0 1073779962 0 0 0 17 7 0 0 0 0 0 366881260440 366881260600 367173632000 549383584349 549383584396 549383584396 549383585761 0
T 7295.64
P 31905 30203 20010055 appspawn-x
31905 (com.example.hel) S 30203 0 0 0 -1 4194624 45537 0 0 0 96 64 0 0 0 -20 33 0 729391 4036542464 73673 18446744073709551615 366881183188 366881249504 549383580736 0 0 0 4612 0 1073779962 0 0 0 17 6 0 0 0 0 0 366881260440 366881260600 367173632000 549383584349 549383584396 549383584396 549383585761 0
T 7295.82
P 31905 30203 20010055 appspawn-x
31905 (com.example.hel) S 30203 0 0 0 -1 4194624 45552 0 0 0 97 64 0 0 0 -20 33 0 729391 4036542464 73673 18446744073709551615 366881183188 366881249504 549383580736 0 0 0 4612 0 1073779962 0 0 0 17 5 0 0 0 0 0 366881260440 366881260600 367173632000 549383584349 549383584396 549383584396 549383585761 0
T 7296.00
P 31905 30203 20010055 appspawn-x
31905 (com.example.hel) S 30203 0 0 0 -1 4194624 45552 0 0 0 97 64 0 0 0 -20 33 0 729391 4036542464 73673 18446744073709551615 366881183188 366881249504 549383580736 0 0 0 4612 0 1073779962 0 0 0 17 5 0 0 0 0 0 366881260440 366881260600 367173632000 549383584349 549383584396 549383584396 549383585761 0
T 7296.15
P 31905 30203 20010055 appspawn-x
31905 (com.example.hel) S 30203 0 0 0 -1 4194624 45552 0 0 0 97 64 0 0 0 -20 33 0 729391 4035805184 73553 18446744073709551615 366881183188 366881249504 549383580736 0 0 0 4612 0 1073779962 0 0 0 17 5 0 0 0 0 0 366881260440 366881260600 367173632000 549383584349 549383584396 549383584396 549383585761 0
T 7296.32
P 31905 30203 20010055 appspawn-x
31905 (com.example.hel) S 30203 0 0 0 -1 4194624 45552 0 0 0 97 64 0 0 0 -20 33 0 729391 4035301376 73499 18446744073709551615 366881183188 366881249504 549383580736 0 0 0 4612 0 1073779962 0 0 0 17 5 0 0 0 0 0 366881260440 366881260600 367173632000 549383584349 549383584396 549383584396 549383585761 0
T 7296.47
P 31905 30203 20010055 appspawn-x
31905 (com.example.hel) S 30203 0 0 0 -1 4194624 45552 0 0 0 97 64 0 0 0 -20 33 0 729391 4035297280 73499 18446744073709551615 366881183188 366881249504 549383580736 0 0 0 4612 0 1073779962 0 0 0 17 5 0 0 0 0 0 366881260440 366881260600 367173632000 549383584349 549383584396 549383584396 549383585761 0
T 7296.64
P 31905 30203 20010055 appspawn-x
31905 (com.example.hel) S 30203 0 0 0 -1 4194624 45552 0 0 0 97 64 0 0 0 -20 33 0 729391 4035289088 73499 18446744073709551615 366881183188 366881249504 549383580736 0 0 0 4612 0 1073779962 0 0 0 17 5 0 0 0 0 0 366881260440 366881260600 367173632000 549383584349 549383584396 549383584396 549383585761 0
T 7296.79
P 31905 30203 20010055 appspawn-x
31905 (com.example.hel) S 30203 0 0 0 -1 4194624 45568 0 0 0 97 65 0 0 0 -20 33 0 729391 4035289088 73499 18446744073709551615 366881183188 366881249504 549383580736 0 0 0 4612 0 1073779962 0 0 0 17 5 0 0 0 0 0 366881260440 366881260600 367173632000 549383584349 549383584396 549383584396 549383585761 0
T 7296.97
P 31905 30203 20010055 appspawn-x
31905 (com.example.hel) S 30203 0 0 0 -1 4194624 45568 0 0 0 97 65 0 0 0 -20 33 0 729391 4035289088 73499 18446744073709551615 366881183188 366881249504 549383580736 0 0 0 4612 0 1073779962 0 0 0 17 5 0 0 0 0 0 366881260440 366881260600 367173632000 549383584349 549383584396 549383584396 549383585761 0
T 7297.16
P 31905 30203 20010055 appspawn-x
31905 (com.example.hel) S 30203 0 0 0 -1 4194624 45569 0 0 0 97 65 0 0 0 -20 33 0 729391 4035289088 73499 18446744073709551615 366881183188 366881249504 549383580736 0 0 0 4612 0 1073779962 0 0 0 17 5 0 0 0 0 0 366881260440 366881260600 367173632000 549383584349 549383584396 549383584396 549383585761 0
T 7297.35
P 31905 30203 20010055 appspawn-x
31905 (com.example.hel) S 30203 0 0 0 -1 4194624 45569 0 0 0 97 65 0 0 0 -20 33 0 729391 4035289088 73499 18446744073709551615 366881183188 366881249504 549383580736 0 0 0 4612 0 1073779962 0 0 0 17 5 0 0 0 0 0 366881260440 366881260600 367173632000 549383584349 549383584396 549383584396 549383585761 0
T 7297.53
P 31905 30203 20010055 appspawn-x
31905 (com.example.hel) S 30203 0 0 0 -1 4194624 45569 0 0 0 97 65 0 0 0 -20 33 0 729391 4035289088 73499 18446744073709551615 366881183188 366881249504 549383580736 0 0 0 4612 0 1073779962 0 0 0 17 5 0 0 0 0 0 366881260440 366881260600 367173632000 549383584349 549383584396 549383584396 549383585761 0
T 7297.69
P 31905 30203 20010055 appspawn-x
31905 (com.example.hel) S 30203 0 0 0 -1 4194624 45569 0 0 0 97 65 0 0 0 -20 33 0 729391 4035289088 73499 18446744073709551615 366881183188 366881249504 549383580736 0 0 0 4612 0 1073779962 0 0 0 17 5 0 0 0 0 0 366881260440 366881260600 367173632000 549383584349 549383584396 549383584396 549383585761 0
T 7297.86
P 31905 30203 20010055 appspawn-x
31905 (com.example.hel) S 30203 0 0 0 -1 4194624 45569 0 0 0 97 65 0 0 0 -20 33 0 729391 4035289088 73499 18446744073709551615 366881183188 366881249504 549383580736 0 0 0 4612 0 1073779962 0 0 0 17 5 0 0 0 0 0 366881260440 366881260600 367173632000 549383584349 549383584396 549383584396 549383585761 0
T 7298.05
P 31905 30203 20010055 appspawn-x
31905 (com.example.hel) S 30203 0 0 0 -1 4194624 45569 0 0 0 97 65 0 0 0 -20 33 0 729391 4035289088 73499 18446744073709551615 366881183188 366881249504 549383580736 0 0 0 4612 0 1073779962 0 0 0 17 5 0 0 0 0 0 366881260440 366881260600 367173632000 549383584349 549383584396 549383584396 549383585761 0
T 7298.21
P 31905 30203 20010055 appspawn-x
31905 (com.example.hel) S 30203 0 0 0 -1 4194624 45569 0 0 0 97 65 0 0 0 -20 33 0 729391 4035289088 73499 18446744073709551615 366881183188 366881249504 549383580736 0 0 0 4612 0 1073779962 0 0 0 17 5 0 0 0 0 0 366881260440 366881260600 367173632000 549383584349 549383584396 549383584396 549383585761 0
T 7298.39
P 31905 30203 20010055 appspawn-x
31905 (com.example.hel) S 30203 0 0 0 -1 4194624 45580 0 0 0 97 65 0 0 0 -20 33 0 729391 4035289088 73499 18446744073709551615 366881183188 366881249504 549383580736 0 0 0 4612 0 1073779962 0 0 0 17 5 0 0 0 0 0 366881260440 366881260600 367173632000 549383584349 549383584396 549383584396 549383585761 0
T 7298.58
P 31905 30203 20010055 appspawn-x
31905 (com.example.hel) S 30203 0 0 0 -1 4194624 45580 0 0 0 97 65 0 0 0 -20 33 0 729391 4035289088 73499 18446744073709551615 366881183188 366881249504 549383580736 0 0 0 4612 0 1073779962 0 0 0 17 5 0 0 0 0 0 366881260440 366881260600 367173632000 549383584349 549383584396 549383584396 549383585761 0
T 7298.76
P 31905 30203 20010055 appspawn-x
31905 (com.example.hel) S 30203 0 0 0 -1 4194624 45580 0 0 0 97 65 0 0 0 -20 33 0 729391 4035289088 73499 18446744073709551615 366881183188 366881249504 549383580736 0 0 0 4612 0 1073779962 0 0 0 17 5 0 0 0 0 0 366881260440 366881260600 367173632000 549383584349 549383584396 549383584396 549383585761 0
T 7298.94
P 31905 30203 20010055 appspawn-x
31905 (com.example.hel) S 30203 0 0 0 -1 4194624 45580 0 0 0 97 65 0 0 0 -20 33 0 729391 4035289088 73499 18446744073709551615 366881183188 366881249504 549383580736 0 0 0 4612 0 1073779962 0 0 0 17 5 0 0 0 0 0 366881260440 366881260600 367173632000 549383584349 549383584396 549383584396 549383585761 0
T 7299.12
P 31905 30203 20010055 appspawn-x
31905 (com.example.hel) S 30203 0 0 0 -1 4194624 45580 0 0 0 97 65 0 0 0 -20 33 0 729391 4035289088 73499 18446744073709551615 366881183188 366881249504 549383580736 0 0 0 4612 0 1073779962 0 0 0 17 5 0 0 0 0 0 366881260440 366881260600 367173632000 549383584349 549383584396 549383584396 549383585761 0
T 7299.29
P 31905 30203 20010055 appspawn-x
31905 (com.example.hel) S 30203 0 0 0 -1 4194624 45580 0 0 0 97 65 0 0 0 -20 33 0 729391 4035289088 73499 18446744073709551615 366881183188 366881249504 549383580736 0 0 0 4612 0 1073779962 0 0 0 17 5 0 0 0 0 0 366881260440 366881260600 367173632000 549383584349 549383584396 549383584396 549383585761 0
T 7299.48
P 31905 30203 20010055 appspawn-x
31905 (com.example.hel) S 30203 0 0 0 -1 4194624 45580 0 0 0 97 65 0 0 0 -20 33 0 729391 4035289088 73499 18446744073709551615 366881183188 366881249504 549383580736 0 0 0 4612 0 1073779962 0 0 0 17 5 0 0 0 0 0 366881260440 366881260600 367173632000 549383584349 549383584396 549383584396 549383585761 0
T 7299.64
P 31905 30203 20010055 appspawn-x
31905 (com.example.hel) S 30203 0 0 0 -1 4194624 45580 0 0 0 97 65 0 0 0 -20 33 0 729391 4035289088 73499 18446744073709551615 366881183188 366881249504 549383580736 0 0 0 4612 0 1073779962 0 0 0 17 5 0 0 0 0 0 366881260440 366881260600 367173632000 549383584349 549383584396 549383584396 549383585761 0
T 7299.83
P 31905 30203 20010055 appspawn-x
31905 (com.example.hel) S 30203 0 0 0 -1 4194624 45580 0 0 0 97 65 0 0 0 -20 33 0 729391 4035289088 73499 18446744073709551615 366881183188 366881249504 549383580736 0 0 0 4612 0 1073779962 0 0 0 17 5 0 0 0 0 0 366881260440 366881260600 367173632000 549383584349 549383584396 549383584396 549383585761 0
T 7300.01
P 31905 30203 20010055 appspawn-x
31905 (com.example.hel) S 30203 0 0 0 -1 4194624 45580 0 0 0 97 65 0 0 0 -20 33 0 729391 4035289088 73499 18446744073709551615 366881183188 366881249504 549383580736 0 0 0 4612 0 1073779962 0 0 0 17 5 0 0 0 0 0 366881260440 366881260600 367173632000 549383584349 549383584396 549383584396 549383585761 0
T 7300.20
P 31905 30203 20010055 appspawn-x
31905 (com.example.hel) S 30203 0 0 0 -1 4194624 45580 0 0 0 97 65 0 0 0 -20 33 0 729391 4035289088 73495 18446744073709551615 366881183188 366881249504 549383580736 0 0 0 4612 0 1073779962 0 0 0 17 5 0 0 0 0 0 366881260440 366881260600 367173632000 549383584349 549383584396 549383584396 549383585761 0
T 7300.37
P 31905 30203 20010055 appspawn-x
31905 (com.example.hel) S 30203 0 0 0 -1 4194624 45598 0 0 0 97 65 0 0 0 -20 33 0 729391 4035289088 73649 18446744073709551615 366881183188 366881249504 549383580736 0 0 0 4612 0 1073779962 0 0 0 17 5 0 0 0 0 0 366881260440 366881260600 367173632000 549383584349 549383584396 549383584396 549383585761 0
T 7300.56
P 31905 30203 20010055 appspawn-x
31905 (com.example.hel) S 30203 0 0 0 -1 4194624 45598 0 0 0 97 65 0 0 0 -20 33 0 729391 4035289088 73649 18446744073709551615 366881183188 366881249504 549383580736 0 0 0 4612 0 1073779962 0 0 0 17 5 0 0 0 0 0 366881260440 366881260600 367173632000 549383584349 549383584396 549383584396 549383585761 0
T 7300.74
P 31905 30203 20010055 appspawn-x
31905 (com.example.hel) S 30203 0 0 0 -1 4194624 45598 0 0 0 97 65 0 0 0 -20 33 0 729391 4035289088 73649 18446744073709551615 366881183188 366881249504 549383580736 0 0 0 4612 0 1073779962 0 0 0 17 5 0 0 0 0 0 366881260440 366881260600 367173632000 549383584349 549383584396 549383584396 549383585761 0
T 7300.90
P 31905 30203 20010055 appspawn-x
31905 (com.example.hel) S 30203 0 0 0 -1 4194624 45598 0 0 0 97 65 0 0 0 -20 33 0 729391 4035289088 73649 18446744073709551615 366881183188 366881249504 549383580736 0 0 0 4612 0 1073779962 0 0 0 17 5 0 0 0 0 0 366881260440 366881260600 367173632000 549383584349 549383584396 549383584396 549383585761 0
T 7301.10
P 31905 30203 20010055 appspawn-x
31905 (com.example.hel) S 30203 0 0 0 -1 4194624 45598 0 0 0 97 65 0 0 0 -20 33 0 729391 4035289088 73649 18446744073709551615 366881183188 366881249504 549383580736 0 0 0 4612 0 1073779962 0 0 0 17 5 0 0 0 0 0 366881260440 366881260600 367173632000 549383584349 549383584396 549383584396 549383585761 0
T 7301.27
P 31905 30203 20010055 appspawn-x
31905 (com.example.hel) S 30203 0 0 0 -1 4194624 45598 0 0 0 97 65 0 0 0 -20 33 0 729391 4035289088 73649 18446744073709551615 366881183188 366881249504 549383580736 0 0 0 4612 0 1073779962 0 0 0 17 5 0 0 0 0 0 366881260440 366881260600 367173632000 549383584349 549383584396 549383584396 549383585761 0
T 7301.45
P 31905 30203 20010055 appspawn-x
31905 (com.example.hel) S 30203 0 0 0 -1 4194624 45598 0 0 0 97 65 0 0 0 -20 33 0 729391 4035289088 73649 18446744073709551615 366881183188 366881249504 549383580736 0 0 0 4612 0 1073779962 0 0 0 17 5 0 0 0 0 0 366881260440 366881260600 367173632000 549383584349 549383584396 549383584396 549383585761 0
T 7301.62
P 31905 30203 20010055 appspawn-x
31905 (com.example.hel) S 30203 0 0 0 -1 4194624 45598 0 0 0 97 65 0 0 0 -20 33 0 729391 4035289088 73649 18446744073709551615 366881183188 366881249504 549383580736 0 0 0 4612 0 1073779962 0 0 0 17 5 0 0 0 0 0 366881260440 366881260600 367173632000 549383584349 549383584396 549383584396 549383585761 0
T 7301.80
P 31905 30203 20010055 appspawn-x
31905 (com.example.hel) S 30203 0 0 0 -1 4194624 45598 0 0 0 97 65 0 0 0 -20 33 0 729391 4035289088 73649 18446744073709551615 366881183188 366881249504 549383580736 0 0 0 4612 0 1073779962 0 0 0 17 5 0 0 0 0 0 366881260440 366881260600 367173632000 549383584349 549383584396 549383584396 549383585761 0
T 7301.95
P 31905 30203 20010055 appspawn-x
31905 (com.example.hel) S 30203 0 0 0 -1 4194624 45598 0 0 0 97 65 0 0 0 -20 33 0 729391 4035289088 73649 18446744073709551615 366881183188 366881249504 549383580736 0 0 0 4612 0 1073779962 0 0 0 17 5 0 0 0 0 0 366881260440 366881260600 367173632000 549383584349 549383584396 549383584396 549383585761 0
T 7302.12
P 31905 30203 20010055 appspawn-x
31905 (com.example.hel) S 30203 0 0 0 -1 4194624 45598 0 0 0 97 65 0 0 0 -20 33 0 729391 4035289088 73649 18446744073709551615 366881183188 366881249504 549383580736 0 0 0 4612 0 1073779962 0 0 0 17 5 0 0 0 0 0 366881260440 366881260600 367173632000 549383584349 549383584396 549383584396 549383585761 0
T 7302.31
P 31905 30203 20010055 appspawn-x
31905 (com.example.hel) S 30203 0 0 0 -1 4194624 45598 0 0 0 97 65 0 0 0 -20 33 0 729391 4035289088 73649 18446744073709551615 366881183188 366881249504 549383580736 0 0 0 4612 0 1073779962 0 0 0 17 5 0 0 0 0 0 366881260440 366881260600 367173632000 549383584349 549383584396 549383584396 549383585761 0
T 7302.50
P 31905 30203 20010055 appspawn-x
31905 (com.example.hel) S 30203 0 0 0 -1 4194624 45598 0 0 0 97 65 0 0 0 -20 33 0 729391 4035289088 73649 18446744073709551615 366881183188 366881249504 549383580736 0 0 0 4612 0 1073779962 0 0 0 17 5 0 0 0 0 0 366881260440 366881260600 367173632000 549383584349 549383584396 549383584396 549383585761 0
T 7302.68
P 31905 30203 20010055 appspawn-x
31905 (com.example.hel) S 30203 0 0 0 -1 4194624 45598 0 0 0 97 65 0 0 0 -20 33 0 729391 4035289088 73649 18446744073709551615 366881183188 366881249504 549383580736 0 0 0 4612 0 1073779962 0 0 0 17 5 0 0 0 0 0 366881260440 366881260600 367173632000 549383584349 549383584396 549383584396 549383585761 0
T 7302.88
P 31905 30203 20010055 appspawn-x
31905 (com.example.hel) S 30203 0 0 0 -1 4194624 45598 0 0 0 97 65 0 0 0 -20 33 0 729391 4035289088 73649 18446744073709551615 366881183188 366881249504 549383580736 0 0 0 4612 0 1073779962 0 0 0 17 5 0 0 0 0 0 366881260440 366881260600 367173632000 549383584349 549383584396 549383584396 549383585761 0
T 7303.06
P 31905 30203 20010055 appspawn-x
31905 (com.example.hel) S 30203 0 0 0 -1 4194624 45598 0 0 0 97 65 0 0 0 -20 33 0 729391 4035289088 73649 18446744073709551615 366881183188 366881249504 549383580736 0 0 0 4612 0 1073779962 0 0 0 17 5 0 0 0 0 0 366881260440 366881260600 367173632000 549383584349 549383584396 549383584396 549383585761 0
T 7303.24
P 31905 30203 20010055 appspawn-x
31905 (com.example.hel) S 30203 0 0 0 -1 4194624 45598 0 0 0 97 65 0 0 0 -20 33 0 729391 4035289088 73649 18446744073709551615 366881183188 366881249504 549383580736 0 0 0 4612 0 1073779962 0 0 0 17 5 0 0 0 0 0 366881260440 366881260600 367173632000 549383584349 549383584396 549383584396 549383585761 0
T 7303.40
P 31905 30203 20010055 appspawn-x
31905 (com.example.hel) S 30203 0 0 0 -1 4194624 45616 0 0 0 97 65 0 0 0 -20 33 0 729391 4035289088 73649 18446744073709551615 366881183188 366881249504 549383580736 0 0 0 4612 0 1073779962 0 0 0 17 5 0 0 0 0 0 366881260440 366881260600 367173632000 549383584349 549383584396 549383584396 549383585761 0
T 7303.59
P 31905 30203 20010055 appspawn-x
31905 (com.example.hel) S 30203 0 0 0 -1 4194624 45616 0 0 0 97 65 0 0 0 -20 33 0 729391 4035289088 73649 18446744073709551615 366881183188 366881249504 549383580736 0 0 0 4612 0 1073779962 0 0 0 17 5 0 0 0 0 0 366881260440 366881260600 367173632000 549383584349 549383584396 549383584396 549383585761 0
T 7303.78
P 31905 30203 20010055 appspawn-x
31905 (com.example.hel) S 30203 0 0 0 -1 4194624 45616 0 0 0 97 65 0 0 0 -20 33 0 729391 4035289088 73649 18446744073709551615 366881183188 366881249504 549383580736 0 0 0 4612 0 1073779962 0 0 0 17 5 0 0 0 0 0 366881260440 366881260600 367173632000 549383584349 549383584396 549383584396 549383585761 0
T 7303.95
P 31905 30203 20010055 appspawn-x
31905 (com.example.hel) S 30203 0 0 0 -1 4194624 45616 0 0 0 97 65 0 0 0 -20 33 0 729391 4035289088 73649 18446744073709551615 366881183188 366881249504 549383580736 0 0 0 4612 0 1073779962 0 0 0 17 5 0 0 0 0 0 366881260440 366881260600 367173632000 549383584349 549383584396 549383584396 549383585761 0
T 7304.14
P 31905 30203 20010055 appspawn-x
31905 (com.example.hel) S 30203 0 0 0 -1 4194624 45616 0 0 0 97 65 0 0 0 -20 33 0 729391 4035289088 73649 18446744073709551615 366881183188 366881249504 549383580736 0 0 0 4612 0 1073779962 0 0 0 17 5 0 0 0 0 0 366881260440 366881260600 367173632000 549383584349 549383584396 549383584396 549383585761 0
T 7304.32
P 31905 30203 20010055 appspawn-x
31905 (com.example.hel) S 30203 0 0 0 -1 4194624 45616 0 0 0 97 65 0 0 0 -20 33 0 729391 4035289088 73649 18446744073709551615 366881183188 366881249504 549383580736 0 0 0 4612 0 1073779962 0 0 0 17 5 0 0 0 0 0 366881260440 366881260600 367173632000 549383584349 549383584396 549383584396 549383585761 0
T 7304.50
P 31905 30203 20010055 appspawn-x
31905 (com.example.hel) S 30203 0 0 0 -1 4194624 45616 0 0 0 97 65 0 0 0 -20 33 0 729391 4035289088 73649 18446744073709551615 366881183188 366881249504 549383580736 0 0 0 4612 0 1073779962 0 0 0 17 5 0 0 0 0 0 366881260440 366881260600 367173632000 549383584349 549383584396 549383584396 549383585761 0
T 7304.68
P 31905 30203 20010055 appspawn-x
31905 (com.example.hel) S 30203 0 0 0 -1 4194624 45616 0 0 0 97 65 0 0 0 -20 33 0 729391 4035289088 73649 18446744073709551615 366881183188 366881249504 549383580736 0 0 0 4612 0 1073779962 0 0 0 17 5 0 0 0 0 0 366881260440 366881260600 367173632000 549383584349 549383584396 549383584396 549383585761 0
T 7304.86
P 31905 30203 20010055 appspawn-x
31905 (com.example.hel) S 30203 0 0 0 -1 4194624 45616 0 0 0 97 65 0 0 0 -20 33 0 729391 4035289088 73649 18446744073709551615 366881183188 366881249504 549383580736 0 0 0 4612 0 1073779962 0 0 0 17 5 0 0 0 0 0 366881260440 366881260600 367173632000 549383584349 549383584396 549383584396 549383585761 0
T 7305.04
P 31905 30203 20010055 appspawn-x
31905 (com.example.hel) S 30203 0 0 0 -1 4194624 45616 0 0 0 97 65 0 0 0 -20 33 0 729391 4035289088 73649 18446744073709551615 366881183188 366881249504 549383580736 0 0 0 4612 0 1073779962 0 0 0 17 5 0 0 0 0 0 366881260440 366881260600 367173632000 549383584349 549383584396 549383584396 549383585761 0
T 7305.23
P 31905 30203 20010055 appspawn-x
31905 (com.example.hel) S 30203 0 0 0 -1 4194624 45616 0 0 0 97 65 0 0 0 -20 33 0 729391 4035289088 73649 18446744073709551615 366881183188 366881249504 549383580736 0 0 0 4612 0 1073779962 0 0 0 17 5 0 0 0 0 0 366881260440 366881260600 367173632000 549383584349 549383584396 549383584396 549383585761 0
T 7305.38
P 31905 30203 20010055 appspawn-x
31905 (com.example.hel) S 30203 0 0 0 -1 4194624 45616 0 0 0 97 65 0 0 0 -20 33 0 729391 4035289088 73649 18446744073709551615 366881183188 366881249504 549383580736 0 0 0 4612 0 1073779962 0 0 0 17 5 0 0 0 0 0 366881260440 366881260600 367173632000 549383584349 549383584396 549383584396 549383585761 0
T 7305.57
P 31905 30203 20010055 appspawn-x
31905 (com.example.hel) S 30203 0 0 0 -1 4194624 45616 0 0 0 97 65 0 0 0 -20 33 0 729391 4035289088 73649 18446744073709551615 366881183188 366881249504 549383580736 0 0 0 4612 0 1073779962 0 0 0 17 5 0 0 0 0 0 366881260440 366881260600 367173632000 549383584349 549383584396 549383584396 549383585761 0
T 7305.76
P 31905 30203 20010055 appspawn-x
31905 (com.example.hel) S 30203 0 0 0 -1 4194624 45616 0 0 0 97 65 0 0 0 -20 33 0 729391 4035289088 73649 18446744073709551615 366881183188 366881249504 549383580736 0 0 0 4612 0 1073779962 0 0 0 17 5 0 0 0 0 0 366881260440 366881260600 367173632000 549383584349 549383584396 549383584396 549383585761 0
T 7305.92
P 31905 30203 20010055 appspawn-x
31905 (com.example.hel) S 30203 0 0 0 -1 4194624 45616 0 0 0 97 66 0 0 0 -20 33 0 729391 4035289088 73649 18446744073709551615 366881183188 366881249504 549383580736 0 0 0 4612 0 1073779962 0 0 0 17 5 0 0 0 0 0 366881260440 366881260600 367173632000 549383584349 549383584396 549383584396 549383585761 0
T 7306.10
P 31905 30203 20010055 appspawn-x
31905 (com.example.hel) S 30203 0 0 0 -1 4194624 45616 0 0 0 97 66 0 0 0 -20 33 0 729391 4035289088 73649 18446744073709551615 366881183188 366881249504 549383580736 0 0 0 4612 0 1073779962 0 0 0 17 5 0 0 0 0 0 366881260440 366881260600 367173632000 549383584349 549383584396 549383584396 549383585761 0
T 7306.26
P 31905 30203 20010055 appspawn-x
31905 (com.example.hel) S 30203 0 0 0 -1 4194624 45616 0 0 0 97 66 0 0 0 -20 33 0 729391 4035289088 73649 18446744073709551615 366881183188 366881249504 549383580736 0 0 0 4612 0 1073779962 0 0 0 17 5 0 0 0 0 0 366881260440 366881260600 367173632000 549383584349 549383584396 549383584396 549383585761 0
T 7306.43
P 31905 30203 20010055 appspawn-x
31905 (com.example.hel) S 30203 0 0 0 -1 4194624 45616 0 0 0 97 66 0 0 0 -20 33 0 729391 4035289088 73649 18446744073709551615 366881183188 366881249504 549383580736 0 0 0 4612 0 1073779962 0 0 0 17 5 0 0 0 0 0 366881260440 366881260600 367173632000 549383584349 549383584396 549383584396 549383585761 0
T 7306.60
P 31905 30203 20010055 appspawn-x
31905 (com.example.hel) S 30203 0 0 0 -1 4194624 45616 0 0 0 97 66 0 0 0 -20 33 0 729391 4035289088 73649 18446744073709551615 366881183188 366881249504 549383580736 0 0 0 4612 0 1073779962 0 0 0 17 5 0 0 0 0 0 366881260440 366881260600 367173632000 549383584349 549383584396 549383584396 549383585761 0
T 7306.80
P 31905 30203 20010055 appspawn-x
31905 (com.example.hel) S 30203 0 0 0 -1 4194624 45616 0 0 0 97 66 0 0 0 -20 33 0 729391 4035289088 73649 18446744073709551615 366881183188 366881249504 549383580736 0 0 0 4612 0 1073779962 0 0 0 17 5 0 0 0 0 0 366881260440 366881260600 367173632000 549383584349 549383584396 549383584396 549383585761 0
T 7306.95
P 31905 30203 20010055 appspawn-x
31905 (com.example.hel) S 30203 0 0 0 -1 4194624 45616 0 0 0 97 66 0 0 0 -20 33 0 729391 4035289088 73649 18446744073709551615 366881183188 366881249504 549383580736 0 0 0 4612 0 1073779962 0 0 0 17 5 0 0 0 0 0 366881260440 366881260600 367173632000 549383584349 549383584396 549383584396 549383585761 0
T 7307.10
P 31905 30203 20010055 appspawn-x
31905 (com.example.hel) S 30203 0 0 0 -1 4194624 45616 0 0 0 97 66 0 0 0 -20 33 0 729391 4035289088 73649 18446744073709551615 366881183188 366881249504 549383580736 0 0 0 4612 0 1073779962 0 0 0 17 5 0 0 0 0 0 366881260440 366881260600 367173632000 549383584349 549383584396 549383584396 549383585761 0
T 7307.28
P 31905 30203 20010055 appspawn-x
31905 (com.example.hel) S 30203 0 0 0 -1 4194624 45616 0 0 0 97 66 0 0 0 -20 33 0 729391 4035289088 73649 18446744073709551615 366881183188 366881249504 549383580736 0 0 0 4612 0 1073779962 0 0 0 17 5 0 0 0 0 0 366881260440 366881260600 367173632000 549383584349 549383584396 549383584396 549383585761 0
T 7307.44
P 31905 30203 20010055 appspawn-x
31905 (com.example.hel) S 30203 0 0 0 -1 4194624 45616 0 0 0 97 66 0 0 0 -20 33 0 729391 4035289088 73649 18446744073709551615 366881183188 366881249504 549383580736 0 0 0 4612 0 1073779962 0 0 0 17 5 0 0 0 0 0 366881260440 366881260600 367173632000 549383584349 549383584396 549383584396 549383585761 0
T 7307.64
P 31905 30203 20010055 appspawn-x
31905 (com.example.hel) S 30203 0 0 0 -1 4194624 45616 0 0 0 97 66 0 0 0 -20 33 0 729391 4035289088 73649 18446744073709551615 366881183188 366881249504 549383580736 0 0 0 4612 0 1073779962 0 0 0 17 5 0 0 0 0 0 366881260440 366881260600 367173632000 549383584349 549383584396 549383584396 549383585761 0
T 7307.82
P 31905 30203 20010055 appspawn-x
31905 (com.example.hel) S 30203 0 0 0 -1 4194624 45616 0 0 0 97 66 0 0 0 -20 33 0 729391 4035289088 73649 18446744073709551615 366881183188 366881249504 549383580736 0 0 0 4612 0 1073779962 0 0 0 17 5 0 0 0 0 0 366881260440 366881260600 367173632000 549383584349 549383584396 549383584396 549383585761 0
T 7308.00
P 31905 30203 20010055 appspawn-x
31905 (com.example.hel) S 30203 0 0 0 -1 4194624 45616 0 0 0 97 66 0 0 0 -20 33 0 729391 4035289088 73649 18446744073709551615 366881183188 366881249504 549383580736 0 0 0 4612 0 1073779962 0 0 0 17 5 0 0 0 0 0 366881260440 366881260600 367173632000 549383584349 549383584396 549383584396 549383585761 0
T 7308.17
P 31905 30203 20010055 appspawn-x
31905 (com.example.hel) S 30203 0 0 0 -1 4194624 45616 0 0 0 97 66 0 0 0 -20 33 0 729391 4035289088 73649 18446744073709551615 366881183188 366881249504 549383580736 0 0 0 4612 0 1073779962 0 0 0 17 5 0 0 0 0 0 366881260440 366881260600 367173632000 549383584349 549383584396 549383584396 549383585761 0
T 7308.36
P 31905 30203 20010055 appspawn-x
31905 (com.example.hel) S 30203 0 0 0 -1 4194624 45616 0 0 0 98 66 0 0 0 -20 33 0 729391 4035289088 73649 18446744073709551615 366881183188 366881249504 549383580736 0 0 0 4612 0 1073779962 0 0 0 17 5 0 0 0 0 0 366881260440 366881260600 367173632000 549383584349 549383584396 549383584396 549383585761 0
T 7308.54
P 31905 30203 20010055 appspawn-x
31905 (com.example.hel) S 30203 0 0 0 -1 4194624 45616 0 0 0 98 66 0 0 0 -20 33 0 729391 4035289088 73649 18446744073709551615 366881183188 366881249504 549383580736 0 0 0 4612 0 1073779962 0 0 0 17 5 0 0 0 0 0 366881260440 366881260600 367173632000 549383584349 549383584396 549383584396 549383585761 0
T 7308.71
P 31905 30203 20010055 appspawn-x
31905 (com.example.hel) S 30203 0 0 0 -1 4194624 45616 0 0 0 98 66 0 0 0 -20 33 0 729391 4035289088 73649 18446744073709551615 366881183188 366881249504 549383580736 0 0 0 4612 0 1073779962 0 0 0 17 5 0 0 0 0 0 366881260440 366881260600 367173632000 549383584349 549383584396 549383584396 549383585761 0
T 7308.90
P 31905 30203 20010055 appspawn-x
31905 (com.example.hel) S 30203 0 0 0 -1 4194624 45616 0 0 0 98 66 0 0 0 -20 33 0 729391 4035289088 73649 18446744073709551615 366881183188 366881249504 549383580736 0 0 0 4612 0 1073779962 0 0 0 17 5 0 0 0 0 0 366881260440 366881260600 367173632000 549383584349 549383584396 549383584396 549383585761 0
T 7309.08
P 31905 30203 20010055 appspawn-x
31905 (com.example.hel) S 30203 0 0 0 -1 4194624 45616 0 0 0 98 66 0 0 0 -20 33 0 729391 4035289088 73649 18446744073709551615 366881183188 366881249504 549383580736 0 0 0 4612 0 1073779962 0 0 0 17 5 0 0 0 0 0 366881260440 366881260600 367173632000 549383584349 549383584396 549383584396 549383585761 0
T 7309.26
P 31905 30203 20010055 appspawn-x
31905 (com.example.hel) S 30203 0 0 0 -1 4194624 45616 0 0 0 98 66 0 0 0 -20 33 0 729391 4035289088 73649 18446744073709551615 366881183188 366881249504 549383580736 0 0 0 4612 0 1073779962 0 0 0 17 5 0 0 0 0 0 366881260440 366881260600 367173632000 549383584349 549383584396 549383584396 549383585761 0
T 7309.43
P 31905 30203 20010055 appspawn-x
31905 (com.example.hel) S 30203 0 0 0 -1 4194624 45616 0 0 0 98 66 0 0 0 -20 33 0 729391 4035289088 73649 18446744073709551615 366881183188 366881249504 549383580736 0 0 0 4612 0 1073779962 0 0 0 17 5 0 0 0 0 0 366881260440 366881260600 367173632000 549383584349 549383584396 549383584396 549383585761 0
