T 31307.99
T 31308.18
T 31308.35
T 31308.53
P 12126 7245 20010055 appspawn-x
12126 (mple.helloworld) R 7245 0 0 0 -1 4194624 248 0 0 0 5 1 0 0 0 -20 1 0 3130855 2197676032 1614 18446744073709551615 367075120660 367075186384 548916966048 0 0 0 0 4096 1073775866 0 0 0 17 5 0 0 0 0 0 367075197320 367075197480 367126937600 548916968050 548916968097 548916968097 548916969441 0
T 31308.73
P 12126 7245 20010055 appspawn-x
12126 (mple.helloworld) R 7245 0 0 0 -1 4194624 4411 0 0 0 14 8 0 0 0 -20 1 0 3130855 2456219648 7871 18446744073709551615 367075120660 367075186384 548916966048 0 0 0 0 4096 1073775866 0 0 0 17 7 0 0 0 0 0 367075197320 367075197480 367126937600 548916968050 548916968097 548916968097 548916969441 0
T 31308.89
P 12126 7245 20010055 appspawn-x
12126 (main) R 7245 0 0 0 -1 4194624 13594 0 0 0 18 19 0 0 0 -20 10 0 3130855 3367657472 19683 18446744073709551615 367075120660 367075186384 548916966048 0 0 0 4612 0 1073779962 0 0 0 17 7 0 0 0 0 0 367075197320 367075197480 367126937600 548916968050 548916968097 548916968097 548916969441 0
T 31309.06
P 12126 7245 20010055 appspawn-x
12126 (main) R 7245 0 0 0 -1 4194624 16343 0 0 0 25 27 0 0 0 -20 10 0 3130855 3520954368 25755 18446744073709551615 367075120660 367075186384 548916966048 0 0 0 4612 0 1073779962 0 0 0 17 7 0 0 0 0 0 367075197320 367075197480 367126937600 548916968050 548916968097 548916968097 548916969441 0
T 31309.22
P 12126 7245 20010055 appspawn-x
12126 (main) R 7245 0 0 0 -1 4194624 20036 0 0 0 38 31 0 0 0 -20 10 0 3130855 3578257408 42706 18446744073709551615 367075120660 367075186384 548916966048 0 0 0 4612 0 1073779962 0 0 0 17 7 0 0 0 0 0 367075197320 367075197480 367126937600 548916968050 548916968097 548916968097 548916969441 0
T 31309.40
P 12126 7245 20010055 appspawn-x
12126 (com.example.hel) R 7245 0 0 0 -1 4194624 22447 0 0 0 51 36 0 0 0 -20 12 0 3130855 3709198336 51568 18446744073709551615 367075120660 367075186384 548916966048 0 0 0 4612 0 1073779962 0 0 0 17 7 0 0 0 0 0 367075197320 367075197480 367126937600 548916968050 548916968097 548916968097 548916969441 0
T 31309.58
P 12126 7245 20010055 appspawn-x
12126 (com.example.hel) R 7245 0 0 0 -1 4194624 31235 0 0 0 61 42 0 0 0 -20 12 0 3130855 3723165696 59751 18446744073709551615 367075120660 367075186384 548916966048 0 0 0 4612 0 1073779962 0 0 0 17 7 0 0 0 0 0 367075197320 367075197480 367126937600 548916968050 548916968097 548916968097 548916969441 0
T 31309.74
P 12126 7245 20010055 appspawn-x
12126 (com.example.hel) R 7245 0 0 0 -1 4194624 37701 0 0 0 72 47 0 0 0 -20 12 0 3130855 3743256576 64680 18446744073709551615 367075120660 367075186384 548916966048 0 0 0 4612 0 1073779962 0 0 0 17 7 0 0 0 0 0 367075197320 367075197480 367126937600 548916968050 548916968097 548916968097 548916969441 0
T 31309.90
P 12126 7245 20010055 appspawn-x
12126 (<pre-initialize) S 7245 0 0 0 -1 1077936448 39715 0 0 0 83 53 0 0 0 -20 13 0 3130855 3725512704 57378 18446744073709551615 367075120660 367075186384 548916966048 0 0 0 4612 0 1073779962 0 0 0 17 4 0 0 0 0 0 367075197320 367075197480 367126937600 548916968050 548916968097 548916968097 548916969441 0
T 31310.08
P 12126 7245 20010055 appspawn-x
12126 (com.example.hel) S 7245 0 0 0 -1 1077936448 41306 0 0 0 90 59 0 0 0 -20 15 0 3130855 3796353024 62749 18446744073709551615 367075120660 367075186384 548916966048 0 0 0 4612 0 1073779962 0 0 0 17 6 0 0 0 0 0 367075197320 367075197480 367126937600 548916968050 548916968097 548916968097 548916969441 0
T 31310.26
P 12126 7245 20010055 appspawn-x
12126 (com.example.hel) S 7245 0 0 0 -1 1077936448 44920 0 0 0 98 68 0 0 0 -20 32 0 3130855 3988742144 70195 18446744073709551615 367075120660 367075186384 548916966048 0 0 0 4612 0 1073779962 0 0 0 17 5 0 0 0 0 0 367075197320 367075197480 367126937600 548916968050 548916968097 548916968097 548916969441 0
T 31310.45
P 12126 7245 20010055 appspawn-x
12126 (com.example.hel) S 7245 0 0 0 -1 4194624 46183 0 0 0 101 76 0 0 0 -20 33 0 3130855 4035985408 71658 18446744073709551615 367075120660 367075186384 548916966048 0 0 0 4612 0 1073779962 0 0 0 17 1 0 0 0 0 0 367075197320 367075197480 367126937600 548916968050 548916968097 548916968097 548916969441 0
T 31310.61
P 12126 7245 20010055 appspawn-x
12126 (com.example.hel) S 7245 0 0 0 -1 4194624 46197 0 0 0 101 77 0 0 0 -20 33 0 3130855 4035985408 71659 18446744073709551615 367075120660 367075186384 548916966048 0 0 0 4612 0 1073779962 0 0 0 17 2 0 0 0 0 0 367075197320 367075197480 367126937600 548916968050 548916968097 548916968097 548916969441 0
T 31310.80
P 12126 7245 20010055 appspawn-x
12126 (com.example.hel) S 7245 0 0 0 -1 4194624 46197 0 0 0 101 77 0 0 0 -20 33 0 3130855 4035457024 71592 18446744073709551615 367075120660 367075186384 548916966048 0 0 0 4612 0 1073779962 0 0 0 17 2 0 0 0 0 0 367075197320 367075197480 367126937600 548916968050 548916968097 548916968097 548916969441 0
T 31310.96
P 12126 7245 20010055 appspawn-x
12126 (com.example.hel) S 7245 0 0 0 -1 4194624 46197 0 0 0 101 77 0 0 0 -20 33 0 3130855 4035248128 71539 18446744073709551615 367075120660 367075186384 548916966048 0 0 0 4612 0 1073779962 0 0 0 17 1 0 0 0 0 0 367075197320 367075197480 367126937600 548916968050 548916968097 548916968097 548916969441 0
T 31311.11
P 12126 7245 20010055 appspawn-x
12126 (com.example.hel) S 7245 0 0 0 -1 4194624 46197 0 0 0 101 77 0 0 0 -20 33 0 3130855 4034744320 71484 18446744073709551615 367075120660 367075186384 548916966048 0 0 0 4612 0 1073779962 0 0 0 17 1 0 0 0 0 0 367075197320 367075197480 367126937600 548916968050 548916968097 548916968097 548916969441 0
T 31311.28
P 12126 7245 20010055 appspawn-x
12126 (com.example.hel) S 7245 0 0 0 -1 4194624 46197 0 0 0 101 77 0 0 0 -20 33 0 3130855 4034740224 71484 18446744073709551615 367075120660 367075186384 548916966048 0 0 0 4612 0 1073779962 0 0 0 17 1 0 0 0 0 0 367075197320 367075197480 367126937600 548916968050 548916968097 548916968097 548916969441 0
T 31311.44
P 12126 7245 20010055 appspawn-x
12126 (com.example.hel) S 7245 0 0 0 -1 4194624 46197 0 0 0 101 77 0 0 0 -20 33 0 3130855 4034732032 71484 18446744073709551615 367075120660 367075186384 548916966048 0 0 0 4612 0 1073779962 0 0 0 17 1 0 0 0 0 0 367075197320 367075197480 367126937600 548916968050 548916968097 548916968097 548916969441 0
T 31311.62
P 12126 7245 20010055 appspawn-x
12126 (com.example.hel) S 7245 0 0 0 -1 4194624 46200 0 0 0 102 77 0 0 0 -20 33 0 3130855 4034732032 71484 18446744073709551615 367075120660 367075186384 548916966048 0 0 0 4612 0 1073779962 0 0 0 17 1 0 0 0 0 0 367075197320 367075197480 367126937600 548916968050 548916968097 548916968097 548916969441 0
T 31311.78
P 12126 7245 20010055 appspawn-x
12126 (com.example.hel) S 7245 0 0 0 -1 4194624 46200 0 0 0 102 77 0 0 0 -20 33 0 3130855 4034732032 71484 18446744073709551615 367075120660 367075186384 548916966048 0 0 0 4612 0 1073779962 0 0 0 17 1 0 0 0 0 0 367075197320 367075197480 367126937600 548916968050 548916968097 548916968097 548916969441 0
T 31311.93
P 12126 7245 20010055 appspawn-x
12126 (com.example.hel) S 7245 0 0 0 -1 4194624 46200 0 0 0 102 77 0 0 0 -20 33 0 3130855 4034732032 71484 18446744073709551615 367075120660 367075186384 548916966048 0 0 0 4612 0 1073779962 0 0 0 17 1 0 0 0 0 0 367075197320 367075197480 367126937600 548916968050 548916968097 548916968097 548916969441 0
T 31312.09
P 12126 7245 20010055 appspawn-x
12126 (com.example.hel) S 7245 0 0 0 -1 4194624 46201 0 0 0 102 77 0 0 0 -20 33 0 3130855 4034732032 71484 18446744073709551615 367075120660 367075186384 548916966048 0 0 0 4612 0 1073779962 0 0 0 17 1 0 0 0 0 0 367075197320 367075197480 367126937600 548916968050 548916968097 548916968097 548916969441 0
T 31312.25
P 12126 7245 20010055 appspawn-x
12126 (com.example.hel) S 7245 0 0 0 -1 4194624 46201 0 0 0 102 77 0 0 0 -20 33 0 3130855 4034732032 71484 18446744073709551615 367075120660 367075186384 548916966048 0 0 0 4612 0 1073779962 0 0 0 17 1 0 0 0 0 0 367075197320 367075197480 367126937600 548916968050 548916968097 548916968097 548916969441 0
T 31312.40
P 12126 7245 20010055 appspawn-x
12126 (com.example.hel) S 7245 0 0 0 -1 4194624 46201 0 0 0 102 77 0 0 0 -20 33 0 3130855 4034732032 71484 18446744073709551615 367075120660 367075186384 548916966048 0 0 0 4612 0 1073779962 0 0 0 17 1 0 0 0 0 0 367075197320 367075197480 367126937600 548916968050 548916968097 548916968097 548916969441 0
T 31312.60
P 12126 7245 20010055 appspawn-x
12126 (com.example.hel) S 7245 0 0 0 -1 4194624 46201 0 0 0 102 77 0 0 0 -20 33 0 3130855 4034732032 71484 18446744073709551615 367075120660 367075186384 548916966048 0 0 0 4612 0 1073779962 0 0 0 17 1 0 0 0 0 0 367075197320 367075197480 367126937600 548916968050 548916968097 548916968097 548916969441 0
T 31312.80
P 12126 7245 20010055 appspawn-x
12126 (com.example.hel) S 7245 0 0 0 -1 4194624 46201 0 0 0 102 77 0 0 0 -20 33 0 3130855 4034732032 71484 18446744073709551615 367075120660 367075186384 548916966048 0 0 0 4612 0 1073779962 0 0 0 17 1 0 0 0 0 0 367075197320 367075197480 367126937600 548916968050 548916968097 548916968097 548916969441 0
T 31312.96
P 12126 7245 20010055 appspawn-x
12126 (com.example.hel) S 7245 0 0 0 -1 4194624 46201 0 0 0 102 77 0 0 0 -20 33 0 3130855 4034732032 71484 18446744073709551615 367075120660 367075186384 548916966048 0 0 0 4612 0 1073779962 0 0 0 17 1 0 0 0 0 0 367075197320 367075197480 367126937600 548916968050 548916968097 548916968097 548916969441 0
T 31313.16
P 12126 7245 20010055 appspawn-x
12126 (com.example.hel) S 7245 0 0 0 -1 4194624 46208 0 0 0 102 77 0 0 0 -20 33 0 3130855 4034732032 71484 18446744073709551615 367075120660 367075186384 548916966048 0 0 0 4612 0 1073779962 0 0 0 17 1 0 0 0 0 0 367075197320 367075197480 367126937600 548916968050 548916968097 548916968097 548916969441 0
T 31313.36
P 12126 7245 20010055 appspawn-x
12126 (com.example.hel) S 7245 0 0 0 -1 4194624 46208 0 0 0 102 77 0 0 0 -20 33 0 3130855 4034732032 71484 18446744073709551615 367075120660 367075186384 548916966048 0 0 0 4612 0 1073779962 0 0 0 17 1 0 0 0 0 0 367075197320 367075197480 367126937600 548916968050 548916968097 548916968097 548916969441 0
T 31313.54
P 12126 7245 20010055 appspawn-x
12126 (com.example.hel) S 7245 0 0 0 -1 4194624 46208 0 0 0 102 77 0 0 0 -20 33 0 3130855 4034732032 71484 18446744073709551615 367075120660 367075186384 548916966048 0 0 0 4612 0 1073779962 0 0 0 17 1 0 0 0 0 0 367075197320 367075197480 367126937600 548916968050 548916968097 548916968097 548916969441 0
T 31313.73
P 12126 7245 20010055 appspawn-x
12126 (com.example.hel) S 7245 0 0 0 -1 4194624 46208 0 0 0 102 77 0 0 0 -20 33 0 3130855 4034732032 71484 18446744073709551615 367075120660 367075186384 548916966048 0 0 0 4612 0 1073779962 0 0 0 17 1 0 0 0 0 0 367075197320 367075197480 367126937600 548916968050 548916968097 548916968097 548916969441 0
T 31313.91
P 12126 7245 20010055 appspawn-x
12126 (com.example.hel) S 7245 0 0 0 -1 4194624 46208 0 0 0 102 77 0 0 0 -20 33 0 3130855 4034732032 71484 18446744073709551615 367075120660 367075186384 548916966048 0 0 0 4612 0 1073779962 0 0 0 17 1 0 0 0 0 0 367075197320 367075197480 367126937600 548916968050 548916968097 548916968097 548916969441 0
T 31314.10
P 12126 7245 20010055 appspawn-x
12126 (com.example.hel) S 7245 0 0 0 -1 4194624 46208 0 0 0 102 77 0 0 0 -20 33 0 3130855 4034732032 71484 18446744073709551615 367075120660 367075186384 548916966048 0 0 0 4612 0 1073779962 0 0 0 17 1 0 0 0 0 0 367075197320 367075197480 367126937600 548916968050 548916968097 548916968097 548916969441 0
T 31314.28
P 12126 7245 20010055 appspawn-x
12126 (com.example.hel) S 7245 0 0 0 -1 4194624 46208 0 0 0 102 77 0 0 0 -20 33 0 3130855 4034732032 71484 18446744073709551615 367075120660 367075186384 548916966048 0 0 0 4612 0 1073779962 0 0 0 17 1 0 0 0 0 0 367075197320 367075197480 367126937600 548916968050 548916968097 548916968097 548916969441 0
T 31314.46
P 12126 7245 20010055 appspawn-x
12126 (com.example.hel) S 7245 0 0 0 -1 4194624 46208 0 0 0 102 77 0 0 0 -20 33 0 3130855 4034732032 71484 18446744073709551615 367075120660 367075186384 548916966048 0 0 0 4612 0 1073779962 0 0 0 17 1 0 0 0 0 0 367075197320 367075197480 367126937600 548916968050 548916968097 548916968097 548916969441 0
T 31314.64
P 12126 7245 20010055 appspawn-x
12126 (com.example.hel) S 7245 0 0 0 -1 4194624 46208 0 0 0 102 77 0 0 0 -20 33 0 3130855 4034732032 71484 18446744073709551615 367075120660 367075186384 548916966048 0 0 0 4612 0 1073779962 0 0 0 17 1 0 0 0 0 0 367075197320 367075197480 367126937600 548916968050 548916968097 548916968097 548916969441 0
T 31314.82
P 12126 7245 20010055 appspawn-x
12126 (com.example.hel) S 7245 0 0 0 -1 4194624 46208 0 0 0 102 77 0 0 0 -20 33 0 3130855 4034732032 71484 18446744073709551615 367075120660 367075186384 548916966048 0 0 0 4612 0 1073779962 0 0 0 17 1 0 0 0 0 0 367075197320 367075197480 367126937600 548916968050 548916968097 548916968097 548916969441 0
T 31314.99
P 12126 7245 20010055 appspawn-x
12126 (com.example.hel) S 7245 0 0 0 -1 4194624 46208 0 0 0 102 77 0 0 0 -20 33 0 3130855 4034732032 71480 18446744073709551615 367075120660 367075186384 548916966048 0 0 0 4612 0 1073779962 0 0 0 17 1 0 0 0 0 0 367075197320 367075197480 367126937600 548916968050 548916968097 548916968097 548916969441 0
T 31315.18
P 12126 7245 20010055 appspawn-x
12126 (com.example.hel) S 7245 0 0 0 -1 4194624 46229 0 0 0 103 78 0 0 0 -20 33 0 3130855 4034732032 71480 18446744073709551615 367075120660 367075186384 548916966048 0 0 0 4612 0 1073779962 0 0 0 17 2 0 0 0 0 0 367075197320 367075197480 367126937600 548916968050 548916968097 548916968097 548916969441 0
T 31315.37
P 12126 7245 20010055 appspawn-x
12126 (com.example.hel) S 7245 0 0 0 -1 4194624 46229 0 0 0 103 78 0 0 0 -20 33 0 3130855 4034732032 71480 18446744073709551615 367075120660 367075186384 548916966048 0 0 0 4612 0 1073779962 0 0 0 17 2 0 0 0 0 0 367075197320 367075197480 367126937600 548916968050 548916968097 548916968097 548916969441 0
T 31315.56
P 12126 7245 20010055 appspawn-x
12126 (com.example.hel) S 7245 0 0 0 -1 4194624 46229 0 0 0 103 78 0 0 0 -20 33 0 3130855 4034732032 71480 18446744073709551615 367075120660 367075186384 548916966048 0 0 0 4612 0 1073779962 0 0 0 17 2 0 0 0 0 0 367075197320 367075197480 367126937600 548916968050 548916968097 548916968097 548916969441 0
T 31315.75
P 12126 7245 20010055 appspawn-x
12126 (com.example.hel) S 7245 0 0 0 -1 4194624 46229 0 0 0 103 78 0 0 0 -20 33 0 3130855 4034732032 71480 18446744073709551615 367075120660 367075186384 548916966048 0 0 0 4612 0 1073779962 0 0 0 17 2 0 0 0 0 0 367075197320 367075197480 367126937600 548916968050 548916968097 548916968097 548916969441 0
T 31315.92
P 12126 7245 20010055 appspawn-x
12126 (com.example.hel) S 7245 0 0 0 -1 4194624 46229 0 0 0 103 78 0 0 0 -20 33 0 3130855 4034732032 71480 18446744073709551615 367075120660 367075186384 548916966048 0 0 0 4612 0 1073779962 0 0 0 17 2 0 0 0 0 0 367075197320 367075197480 367126937600 548916968050 548916968097 548916968097 548916969441 0
T 31316.12
P 12126 7245 20010055 appspawn-x
12126 (com.example.hel) S 7245 0 0 0 -1 4194624 46229 0 0 0 103 78 0 0 0 -20 33 0 3130855 4034732032 71480 18446744073709551615 367075120660 367075186384 548916966048 0 0 0 4612 0 1073779962 0 0 0 17 2 0 0 0 0 0 367075197320 367075197480 367126937600 548916968050 548916968097 548916968097 548916969441 0
T 31316.30
P 12126 7245 20010055 appspawn-x
12126 (com.example.hel) S 7245 0 0 0 -1 4194624 46229 0 0 0 103 78 0 0 0 -20 33 0 3130855 4034732032 71480 18446744073709551615 367075120660 367075186384 548916966048 0 0 0 4612 0 1073779962 0 0 0 17 2 0 0 0 0 0 367075197320 367075197480 367126937600 548916968050 548916968097 548916968097 548916969441 0
T 31316.49
P 12126 7245 20010055 appspawn-x
12126 (com.example.hel) S 7245 0 0 0 -1 4194624 46229 0 0 0 103 78 0 0 0 -20 33 0 3130855 4034732032 71480 18446744073709551615 367075120660 367075186384 548916966048 0 0 0 4612 0 1073779962 0 0 0 17 2 0 0 0 0 0 367075197320 367075197480 367126937600 548916968050 548916968097 548916968097 548916969441 0
T 31316.68
P 12126 7245 20010055 appspawn-x
12126 (com.example.hel) S 7245 0 0 0 -1 4194624 46229 0 0 0 103 78 0 0 0 -20 33 0 3130855 4034732032 71480 18446744073709551615 367075120660 367075186384 548916966048 0 0 0 4612 0 1073779962 0 0 0 17 2 0 0 0 0 0 367075197320 367075197480 367126937600 548916968050 548916968097 548916968097 548916969441 0
T 31316.85
P 12126 7245 20010055 appspawn-x
12126 (com.example.hel) S 7245 0 0 0 -1 4194624 46229 0 0 0 103 78 0 0 0 -20 33 0 3130855 4034732032 71480 18446744073709551615 367075120660 367075186384 548916966048 0 0 0 4612 0 1073779962 0 0 0 17 2 0 0 0 0 0 367075197320 367075197480 367126937600 548916968050 548916968097 548916968097 548916969441 0
T 31317.04
P 12126 7245 20010055 appspawn-x
12126 (com.example.hel) S 7245 0 0 0 -1 4194624 46229 0 0 0 103 78 0 0 0 -20 33 0 3130855 4034732032 71480 18446744073709551615 367075120660 367075186384 548916966048 0 0 0 4612 0 1073779962 0 0 0 17 2 0 0 0 0 0 367075197320 367075197480 367126937600 548916968050 548916968097 548916968097 548916969441 0
T 31317.20
P 12126 7245 20010055 appspawn-x
12126 (com.example.hel) S 7245 0 0 0 -1 4194624 46229 0 0 0 103 78 0 0 0 -20 33 0 3130855 4034732032 71480 18446744073709551615 367075120660 367075186384 548916966048 0 0 0 4612 0 1073779962 0 0 0 17 2 0 0 0 0 0 367075197320 367075197480 367126937600 548916968050 548916968097 548916968097 548916969441 0
T 31317.40
P 12126 7245 20010055 appspawn-x
12126 (com.example.hel) S 7245 0 0 0 -1 4194624 46229 0 0 0 103 78 0 0 0 -20 33 0 3130855 4034732032 71480 18446744073709551615 367075120660 367075186384 548916966048 0 0 0 4612 0 1073779962 0 0 0 17 2 0 0 0 0 0 367075197320 367075197480 367126937600 548916968050 548916968097 548916968097 548916969441 0
T 31317.58
P 12126 7245 20010055 appspawn-x
12126 (com.example.hel) S 7245 0 0 0 -1 4194624 46229 0 0 0 103 78 0 0 0 -20 33 0 3130855 4034732032 71480 18446744073709551615 367075120660 367075186384 548916966048 0 0 0 4612 0 1073779962 0 0 0 17 2 0 0 0 0 0 367075197320 367075197480 367126937600 548916968050 548916968097 548916968097 548916969441 0
T 31317.78
P 12126 7245 20010055 appspawn-x
12126 (com.example.hel) S 7245 0 0 0 -1 4194624 46229 0 0 0 103 78 0 0 0 -20 33 0 3130855 4034732032 71480 18446744073709551615 367075120660 367075186384 548916966048 0 0 0 4612 0 1073779962 0 0 0 17 2 0 0 0 0 0 367075197320 367075197480 367126937600 548916968050 548916968097 548916968097 548916969441 0
T 31317.95
P 12126 7245 20010055 appspawn-x
12126 (com.example.hel) S 7245 0 0 0 -1 4194624 46229 0 0 0 103 78 0 0 0 -20 33 0 3130855 4034732032 71480 18446744073709551615 367075120660 367075186384 548916966048 0 0 0 4612 0 1073779962 0 0 0 17 2 0 0 0 0 0 367075197320 367075197480 367126937600 548916968050 548916968097 548916968097 548916969441 0
T 31318.12
P 12126 7245 20010055 appspawn-x
12126 (com.example.hel) S 7245 0 0 0 -1 4194624 46246 0 0 0 103 78 0 0 0 -20 33 0 3130855 4034732032 71668 18446744073709551615 367075120660 367075186384 548916966048 0 0 0 4612 0 1073779962 0 0 0 17 2 0 0 0 0 0 367075197320 367075197480 367126937600 548916968050 548916968097 548916968097 548916969441 0
T 31318.30
P 12126 7245 20010055 appspawn-x
12126 (com.example.hel) S 7245 0 0 0 -1 4194624 46246 0 0 0 103 78 0 0 0 -20 33 0 3130855 4034732032 71668 18446744073709551615 367075120660 367075186384 548916966048 0 0 0 4612 0 1073779962 0 0 0 17 2 0 0 0 0 0 367075197320 367075197480 367126937600 548916968050 548916968097 548916968097 548916969441 0
T 31318.48
P 12126 7245 20010055 appspawn-x
12126 (com.example.hel) S 7245 0 0 0 -1 4194624 46246 0 0 0 103 78 0 0 0 -20 33 0 3130855 4034732032 71668 18446744073709551615 367075120660 367075186384 548916966048 0 0 0 4612 0 1073779962 0 0 0 17 2 0 0 0 0 0 367075197320 367075197480 367126937600 548916968050 548916968097 548916968097 548916969441 0
T 31318.67
P 12126 7245 20010055 appspawn-x
12126 (com.example.hel) S 7245 0 0 0 -1 4194624 46246 0 0 0 103 78 0 0 0 -20 33 0 3130855 4034732032 71668 18446744073709551615 367075120660 367075186384 548916966048 0 0 0 4612 0 1073779962 0 0 0 17 2 0 0 0 0 0 367075197320 367075197480 367126937600 548916968050 548916968097 548916968097 548916969441 0
T 31318.86
P 12126 7245 20010055 appspawn-x
12126 (com.example.hel) S 7245 0 0 0 -1 4194624 46246 0 0 0 103 78 0 0 0 -20 33 0 3130855 4034732032 71668 18446744073709551615 367075120660 367075186384 548916966048 0 0 0 4612 0 1073779962 0 0 0 17 2 0 0 0 0 0 367075197320 367075197480 367126937600 548916968050 548916968097 548916968097 548916969441 0
T 31319.04
P 12126 7245 20010055 appspawn-x
12126 (com.example.hel) S 7245 0 0 0 -1 4194624 46246 0 0 0 103 78 0 0 0 -20 33 0 3130855 4034732032 71668 18446744073709551615 367075120660 367075186384 548916966048 0 0 0 4612 0 1073779962 0 0 0 17 2 0 0 0 0 0 367075197320 367075197480 367126937600 548916968050 548916968097 548916968097 548916969441 0
T 31319.24
P 12126 7245 20010055 appspawn-x
12126 (com.example.hel) S 7245 0 0 0 -1 4194624 46246 0 0 0 103 78 0 0 0 -20 33 0 3130855 4034732032 71668 18446744073709551615 367075120660 367075186384 548916966048 0 0 0 4612 0 1073779962 0 0 0 17 2 0 0 0 0 0 367075197320 367075197480 367126937600 548916968050 548916968097 548916968097 548916969441 0
T 31319.41
P 12126 7245 20010055 appspawn-x
12126 (com.example.hel) S 7245 0 0 0 -1 4194624 46246 0 0 0 103 78 0 0 0 -20 33 0 3130855 4034732032 71668 18446744073709551615 367075120660 367075186384 548916966048 0 0 0 4612 0 1073779962 0 0 0 17 2 0 0 0 0 0 367075197320 367075197480 367126937600 548916968050 548916968097 548916968097 548916969441 0
T 31319.59
P 12126 7245 20010055 appspawn-x
12126 (com.example.hel) S 7245 0 0 0 -1 4194624 46246 0 0 0 103 78 0 0 0 -20 33 0 3130855 4034732032 71668 18446744073709551615 367075120660 367075186384 548916966048 0 0 0 4612 0 1073779962 0 0 0 17 2 0 0 0 0 0 367075197320 367075197480 367126937600 548916968050 548916968097 548916968097 548916969441 0
T 31319.78
P 12126 7245 20010055 appspawn-x
12126 (com.example.hel) S 7245 0 0 0 -1 4194624 46246 0 0 0 103 78 0 0 0 -20 33 0 3130855 4034732032 71668 18446744073709551615 367075120660 367075186384 548916966048 0 0 0 4612 0 1073779962 0 0 0 17 2 0 0 0 0 0 367075197320 367075197480 367126937600 548916968050 548916968097 548916968097 548916969441 0
T 31319.97
P 12126 7245 20010055 appspawn-x
12126 (com.example.hel) S 7245 0 0 0 -1 4194624 46246 0 0 0 103 78 0 0 0 -20 33 0 3130855 4034732032 71668 18446744073709551615 367075120660 367075186384 548916966048 0 0 0 4612 0 1073779962 0 0 0 17 2 0 0 0 0 0 367075197320 367075197480 367126937600 548916968050 548916968097 548916968097 548916969441 0
T 31320.15
P 12126 7245 20010055 appspawn-x
12126 (com.example.hel) S 7245 0 0 0 -1 4194624 46246 0 0 0 103 78 0 0 0 -20 33 0 3130855 4034732032 71668 18446744073709551615 367075120660 367075186384 548916966048 0 0 0 4612 0 1073779962 0 0 0 17 2 0 0 0 0 0 367075197320 367075197480 367126937600 548916968050 548916968097 548916968097 548916969441 0
T 31320.34
P 12126 7245 20010055 appspawn-x
12126 (com.example.hel) S 7245 0 0 0 -1 4194624 46246 0 0 0 103 78 0 0 0 -20 33 0 3130855 4034732032 71668 18446744073709551615 367075120660 367075186384 548916966048 0 0 0 4612 0 1073779962 0 0 0 17 2 0 0 0 0 0 367075197320 367075197480 367126937600 548916968050 548916968097 548916968097 548916969441 0
T 31320.52
P 12126 7245 20010055 appspawn-x
12126 (com.example.hel) S 7245 0 0 0 -1 4194624 46246 0 0 0 103 78 0 0 0 -20 33 0 3130855 4034732032 71668 18446744073709551615 367075120660 367075186384 548916966048 0 0 0 4612 0 1073779962 0 0 0 17 2 0 0 0 0 0 367075197320 367075197480 367126937600 548916968050 548916968097 548916968097 548916969441 0
T 31320.71
P 12126 7245 20010055 appspawn-x
12126 (com.example.hel) S 7245 0 0 0 -1 4194624 46246 0 0 0 103 78 0 0 0 -20 33 0 3130855 4034732032 71668 18446744073709551615 367075120660 367075186384 548916966048 0 0 0 4612 0 1073779962 0 0 0 17 2 0 0 0 0 0 367075197320 367075197480 367126937600 548916968050 548916968097 548916968097 548916969441 0
T 31320.90
P 12126 7245 20010055 appspawn-x
12126 (com.example.hel) S 7245 0 0 0 -1 4194624 46246 0 0 0 103 78 0 0 0 -20 33 0 3130855 4034732032 71668 18446744073709551615 367075120660 367075186384 548916966048 0 0 0 4612 0 1073779962 0 0 0 17 2 0 0 0 0 0 367075197320 367075197480 367126937600 548916968050 548916968097 548916968097 548916969441 0
T 31321.08
P 12126 7245 20010055 appspawn-x
12126 (com.example.hel) S 7245 0 0 0 -1 4194624 46246 0 0 0 103 78 0 0 0 -20 33 0 3130855 4034732032 71668 18446744073709551615 367075120660 367075186384 548916966048 0 0 0 4612 0 1073779962 0 0 0 17 2 0 0 0 0 0 367075197320 367075197480 367126937600 548916968050 548916968097 548916968097 548916969441 0
T 31321.26
P 12126 7245 20010055 appspawn-x
12126 (com.example.hel) S 7245 0 0 0 -1 4194624 46246 0 0 0 103 78 0 0 0 -20 33 0 3130855 4034732032 71668 18446744073709551615 367075120660 367075186384 548916966048 0 0 0 4612 0 1073779962 0 0 0 17 2 0 0 0 0 0 367075197320 367075197480 367126937600 548916968050 548916968097 548916968097 548916969441 0
T 31321.45
P 12126 7245 20010055 appspawn-x
12126 (com.example.hel) S 7245 0 0 0 -1 4194624 46246 0 0 0 103 78 0 0 0 -20 33 0 3130855 4034732032 71668 18446744073709551615 367075120660 367075186384 548916966048 0 0 0 4612 0 1073779962 0 0 0 17 2 0 0 0 0 0 367075197320 367075197480 367126937600 548916968050 548916968097 548916968097 548916969441 0
T 31321.63
P 12126 7245 20010055 appspawn-x
12126 (com.example.hel) S 7245 0 0 0 -1 4194624 46246 0 0 0 103 78 0 0 0 -20 33 0 3130855 4034732032 71668 18446744073709551615 367075120660 367075186384 548916966048 0 0 0 4612 0 1073779962 0 0 0 17 2 0 0 0 0 0 367075197320 367075197480 367126937600 548916968050 548916968097 548916968097 548916969441 0
T 31321.82
P 12126 7245 20010055 appspawn-x
12126 (com.example.hel) S 7245 0 0 0 -1 4194624 46246 0 0 0 103 78 0 0 0 -20 33 0 3130855 4034732032 71668 18446744073709551615 367075120660 367075186384 548916966048 0 0 0 4612 0 1073779962 0 0 0 17 2 0 0 0 0 0 367075197320 367075197480 367126937600 548916968050 548916968097 548916968097 548916969441 0
T 31322.00
P 12126 7245 20010055 appspawn-x
12126 (com.example.hel) S 7245 0 0 0 -1 4194624 46246 0 0 0 103 78 0 0 0 -20 33 0 3130855 4034732032 71668 18446744073709551615 367075120660 367075186384 548916966048 0 0 0 4612 0 1073779962 0 0 0 17 2 0 0 0 0 0 367075197320 367075197480 367126937600 548916968050 548916968097 548916968097 548916969441 0
T 31322.19
P 12126 7245 20010055 appspawn-x
12126 (com.example.hel) S 7245 0 0 0 -1 4194624 46246 0 0 0 103 78 0 0 0 -20 33 0 3130855 4034732032 71668 18446744073709551615 367075120660 367075186384 548916966048 0 0 0 4612 0 1073779962 0 0 0 17 2 0 0 0 0 0 367075197320 367075197480 367126937600 548916968050 548916968097 548916968097 548916969441 0
T 31322.37
P 12126 7245 20010055 appspawn-x
12126 (com.example.hel) S 7245 0 0 0 -1 4194624 46246 0 0 0 103 78 0 0 0 -20 33 0 3130855 4034732032 71668 18446744073709551615 367075120660 367075186384 548916966048 0 0 0 4612 0 1073779962 0 0 0 17 2 0 0 0 0 0 367075197320 367075197480 367126937600 548916968050 548916968097 548916968097 548916969441 0
T 31322.55
P 12126 7245 20010055 appspawn-x
12126 (com.example.hel) S 7245 0 0 0 -1 4194624 46246 0 0 0 103 78 0 0 0 -20 33 0 3130855 4034732032 71668 18446744073709551615 367075120660 367075186384 548916966048 0 0 0 4612 0 1073779962 0 0 0 17 2 0 0 0 0 0 367075197320 367075197480 367126937600 548916968050 548916968097 548916968097 548916969441 0
T 31322.73
P 12126 7245 20010055 appspawn-x
12126 (com.example.hel) S 7245 0 0 0 -1 4194624 46246 0 0 0 103 78 0 0 0 -20 33 0 3130855 4034732032 71668 18446744073709551615 367075120660 367075186384 548916966048 0 0 0 4612 0 1073779962 0 0 0 17 2 0 0 0 0 0 367075197320 367075197480 367126937600 548916968050 548916968097 548916968097 548916969441 0
T 31322.92
P 12126 7245 20010055 appspawn-x
12126 (com.example.hel) S 7245 0 0 0 -1 4194624 46246 0 0 0 103 78 0 0 0 -20 33 0 3130855 4034732032 71668 18446744073709551615 367075120660 367075186384 548916966048 0 0 0 4612 0 1073779962 0 0 0 17 2 0 0 0 0 0 367075197320 367075197480 367126937600 548916968050 548916968097 548916968097 548916969441 0
T 31323.09
P 12126 7245 20010055 appspawn-x
12126 (com.example.hel) S 7245 0 0 0 -1 4194624 46246 0 0 0 103 78 0 0 0 -20 33 0 3130855 4034732032 71668 18446744073709551615 367075120660 367075186384 548916966048 0 0 0 4612 0 1073779962 0 0 0 17 2 0 0 0 0 0 367075197320 367075197480 367126937600 548916968050 548916968097 548916968097 548916969441 0
T 31323.26
P 12126 7245 20010055 appspawn-x
12126 (com.example.hel) S 7245 0 0 0 -1 4194624 46246 0 0 0 103 78 0 0 0 -20 33 0 3130855 4034732032 71668 18446744073709551615 367075120660 367075186384 548916966048 0 0 0 4612 0 1073779962 0 0 0 17 2 0 0 0 0 0 367075197320 367075197480 367126937600 548916968050 548916968097 548916968097 548916969441 0
T 31323.46
P 12126 7245 20010055 appspawn-x
12126 (com.example.hel) S 7245 0 0 0 -1 4194624 46246 0 0 0 103 78 0 0 0 -20 33 0 3130855 4034732032 71668 18446744073709551615 367075120660 367075186384 548916966048 0 0 0 4612 0 1073779962 0 0 0 17 2 0 0 0 0 0 367075197320 367075197480 367126937600 548916968050 548916968097 548916968097 548916969441 0
T 31323.64
P 12126 7245 20010055 appspawn-x
12126 (com.example.hel) S 7245 0 0 0 -1 4194624 46246 0 0 0 103 78 0 0 0 -20 33 0 3130855 4034732032 71668 18446744073709551615 367075120660 367075186384 548916966048 0 0 0 4612 0 1073779962 0 0 0 17 2 0 0 0 0 0 367075197320 367075197480 367126937600 548916968050 548916968097 548916968097 548916969441 0
T 31323.82
P 12126 7245 20010055 appspawn-x
12126 (com.example.hel) S 7245 0 0 0 -1 4194624 46246 0 0 0 103 78 0 0 0 -20 33 0 3130855 4034732032 71668 18446744073709551615 367075120660 367075186384 548916966048 0 0 0 4612 0 1073779962 0 0 0 17 2 0 0 0 0 0 367075197320 367075197480 367126937600 548916968050 548916968097 548916968097 548916969441 0
T 31324.02
P 12126 7245 20010055 appspawn-x
12126 (com.example.hel) S 7245 0 0 0 -1 4194624 46246 0 0 0 103 78 0 0 0 -20 33 0 3130855 4034732032 71668 18446744073709551615 367075120660 367075186384 548916966048 0 0 0 4612 0 1073779962 0 0 0 17 2 0 0 0 0 0 367075197320 367075197480 367126937600 548916968050 548916968097 548916968097 548916969441 0
