T 60058.42
T 60058.60
T 60058.79
T 60059.00
P 17111 16289 20010055 appspawn-x
17111 (mple.helloworld) R 16289 0 0 0 -1 4194624 250 0 0 0 6 3 0 0 0 -20 1 0 6005899 2197721088 1595 18446744073709551615 367406446980 367406515200 548847664544 0 0 0 0 4096 1073775866 0 0 0 17 5 0 0 0 0 0 367406526152 367406526312 367451750400 548847667826 548847667873 548847667873 548847669217 0
T 60059.20
P 17111 16289 20010055 appspawn-x
17111 (mple.helloworld) R 16289 0 0 0 -1 4194624 7802 0 0 0 16 13 0 0 0 -20 1 0 6005899 2454167552 12991 18446744073709551615 367406446980 367406515200 548847664544 0 0 0 0 4096 1073775866 0 0 0 17 7 0 0 0 0 0 367406526152 367406526312 367451750400 548847667826 548847667873 548847667873 548847669217 0
T 60059.40
P 17111 16289 20010055 appspawn-x
17111 (main) R 16289 0 0 0 -1 4194624 15035 0 0 0 21 25 0 0 0 -20 10 0 6005899 3520454656 22560 18446744073709551615 367406446980 367406515200 548847664544 0 0 0 4612 0 1073779962 0 0 0 17 7 0 0 0 0 0 367406526152 367406526312 367451750400 548847667826 548847667873 548847667873 548847669217 0
T 60059.59
P 17111 16289 20010055 appspawn-x
17111 (main) R 16289 0 0 0 -1 4194624 16928 0 0 0 37 27 0 0 0 -20 10 0 6005899 3518926848 26360 18446744073709551615 367406446980 367406515200 548847664544 0 0 0 4612 0 1073779962 0 0 0 17 7 0 0 0 0 0 367406526152 367406526312 367451750400 548847667826 548847667873 548847667873 548847669217 0
T 60059.78
P 17111 16289 20010055 appspawn-x
17111 (main) R 16289 0 0 0 -1 4194624 20679 0 0 0 48 34 0 0 0 -20 10 0 6005899 3579674624 46404 18446744073709551615 367406446980 367406515200 548847664544 0 0 0 4612 0 1073779962 0 0 0 17 7 0 0 0 0 0 367406526152 367406526312 367451750400 548847667826 548847667873 548847667873 548847669217 0
T 60059.95
P 17111 16289 20010055 appspawn-x
17111 (com.example.hel) R 16289 0 0 0 -1 4194624 27734 0 0 0 59 41 0 0 0 -20 12 0 6005899 3705069568 55984 18446744073709551615 367406446980 367406515200 548847664544 0 0 0 4612 0 1073779962 0 0 0 17 7 0 0 0 0 0 367406526152 367406526312 367451750400 548847667826 548847667873 548847667873 548847669217 0
T 60060.14
P 17111 16289 20010055 appspawn-x
17111 (com.example.hel) R 16289 0 0 0 -1 4194624 36791 0 0 0 70 48 0 0 0 -20 12 0 6005899 3742183424 65026 18446744073709551615 367406446980 367406515200 548847664544 0 0 0 4612 0 1073779962 0 0 0 17 7 0 0 0 0 0 367406526152 367406526312 367451750400 548847667826 548847667873 548847667873 548847669217 0
T 60060.32
P 17111 16289 20010055 appspawn-x
17111 (<pre-initialize) S 16289 0 0 0 -1 4194624 39265 0 0 0 86 52 0 0 0 -20 12 0 6005899 3712299008 55335 18446744073709551615 367406446980 367406515200 548847664544 0 0 0 4612 0 1073779962 0 0 0 17 7 0 0 0 0 0 367406526152 367406526312 367451750400 548847667826 548847667873 548847667873 548847669217 0
T 60060.52
T 60060.73
T 60060.89
T 60061.06
T 60061.24
T 60061.44
T 60061.59
T 60061.76
T 60061.94
T 60062.11
T 60062.30
T 60062.48
T 60062.65
T 60062.83
T 60063.01
T 60063.18
T 60063.35
T 60063.52
T 60063.71
T 60063.90
T 60064.06
T 60064.23
T 60064.40
T 60064.57
T 60064.74
T 60064.89
T 60065.05
T 60065.22
T 60065.38
T 60065.54
T 60065.74
T 60065.91
T 60066.10
T 60066.28
T 60066.46
T 60066.64
T 60066.80
T 60066.98
T 60067.16
T 60067.33
T 60067.51
T 60067.70
T 60067.87
T 60068.05
T 60068.24
T 60068.42
T 60068.60
T 60068.77
T 60068.96
T 60069.14
T 60069.29
T 60069.45
T 60069.60
T 60069.76
T 60069.91
T 60070.07
T 60070.22
T 60070.38
T 60070.54
T 60070.72
T 60070.88
T 60071.05
T 60071.22
T 60071.42
T 60071.57
T 60071.73
T 60071.88
T 60072.04
T 60072.19
T 60072.35
T 60072.50
T 60072.66
T 60072.82
T 60072.99
T 60073.17
T 60073.33
T 60073.50
T 60073.67
T 60073.85
T 60074.03
T 60074.21
T 60074.40
