T 2304.01
T 2304.17
T 2304.34
P 12954 9337 20010055 appspawn-x
12954 (mple.helloworld) R 9337 0 0 0 -1 4194624 248 0 0 0 6 5 0 0 0 -20 1 0 230435 2197676032 1602 18446744073709551615 367520839444 367520906112 548860715248 0 0 0 0 4096 1073775866 0 0 0 17 5 0 0 0 0 0 367520917048 367520917208 367858716672 548860717661 548860717708 548860717708 548860719073 0
T 2304.57
P 12954 9337 20010055 appspawn-x
12954 (mple.helloworld) R 9337 0 0 0 -1 4194624 10163 0 0 0 12 17 0 0 0 -20 1 0 230435 2454024192 13919 18446744073709551615 367520839444 367520906112 548860715248 0 0 0 0 4096 1073775866 0 0 0 17 4 0 0 0 0 0 367520917048 367520917208 367858716672 548860717661 548860717708 548860717708 548860719073 0
T 2304.78
P 12954 9337 20010055 appspawn-x
12954 (main) R 9337 0 0 0 -1 4194624 14662 0 0 0 18 26 0 0 0 -20 10 0 230435 3473846272 21124 18446744073709551615 367520839444 367520906112 548860715248 0 0 0 4612 0 1073779962 0 0 0 17 7 0 0 0 0 0 367520917048 367520917208 367858716672 548860717661 548860717708 548860717708 548860719073 0
T 2304.95
P 12954 9337 20010055 appspawn-x
12954 (main) R 9337 0 0 0 -1 4194624 16821 0 0 0 35 28 0 0 0 -20 10 0 230435 3518779392 26236 18446744073709551615 367520839444 367520906112 548860715248 0 0 0 4612 0 1073779962 0 0 0 17 7 0 0 0 0 0 367520917048 367520917208 367858716672 548860717661 548860717708 548860717708 548860719073 0
T 2305.15
P 12954 9337 20010055 appspawn-x
12954 (main) R 9337 0 0 0 -1 4194624 20873 0 8 0 48 34 0 0 0 -20 10 0 230435 3582689280 46982 18446744073709551615 367520839444 367520906112 548860715248 0 0 0 4612 0 1073779962 0 0 0 17 7 0 0 0 0 0 367520917048 367520917208 367858716672 548860717661 548860717708 548860717708 548860719073 0
T 2305.34
P 12954 9337 20010055 appspawn-x
12954 (com.example.hel) R 9337 0 0 0 -1 4194624 28126 0 8 0 61 39 0 0 0 -20 12 0 230435 3708952576 57404 18446744073709551615 367520839444 367520906112 548860715248 0 0 0 4612 0 1073779962 0 0 0 17 7 0 0 0 0 0 367520917048 367520917208 367858716672 548860717661 548860717708 548860717708 548860719073 0
T 2305.54
P 12954 9337 20010055 appspawn-x
12954 (com.example.hel) R 9337 0 0 0 -1 4194624 37219 0 8 0 76 44 0 0 0 -20 12 0 230435 3739877376 64952 18446744073709551615 367520839444 367520906112 548860715248 0 0 0 4612 0 1073779962 0 0 0 17 7 0 0 0 0 0 367520917048 367520917208 367858716672 548860717661 548860717708 548860717708 548860719073 0
T 2305.74
P 12954 9337 20010055 appspawn-x
12954 (<pre-initialize) R 9337 0 0 0 -1 4194624 39517 0 8 0 90 49 0 0 0 -20 13 0 230435 3723386880 58900 18446744073709551615 367520839444 367520906112 548860715248 0 0 0 4612 0 1073779962 0 0 0 17 5 0 0 0 0 0 367520917048 367520917208 367858716672 548860717661 548860717708 548860717708 548860719073 0
T 2305.93
P 12954 9337 20010055 appspawn-x
12954 (com.example.hel) R 9337 0 0 0 -1 4194624 41143 0 8 0 96 56 0 0 0 -20 17 0 230435 3811766272 64716 18446744073709551615 367520839444 367520906112 548860715248 0 0 0 4612 0 1073779962 0 0 0 17 4 0 0 0 0 0 367520917048 367520917208 367858716672 548860717661 548860717708 548860717708 548860719073 0
T 2306.12
P 12954 9337 20010055 appspawn-x
12954 (com.example.hel) S 9337 0 0 0 -1 1077936448 45114 0 8 0 102 65 0 0 0 -20 32 0 230435 3987783680 72993 18446744073709551615 367520839444 367520906112 548860715248 0 0 0 4612 0 1073779962 0 0 0 17 4 0 0 0 0 0 367520917048 367520917208 367858716672 548860717661 548860717708 548860717708 548860719073 0
T 2306.28
P 12954 9337 20010055 appspawn-x
12954 (com.example.hel) S 9337 0 0 0 -1 4194624 45964 0 8 0 106 71 0 0 0 -20 33 0 230435 4033781760 73508 18446744073709551615 367520839444 367520906112 548860715248 0 0 0 4612 0 1073779962 0 0 0 17 0 0 0 0 0 0 367520917048 367520917208 367858716672 548860717661 548860717708 548860717708 548860719073 0
T 2306.48
P 12954 9337 20010055 appspawn-x
12954 (com.example.hel) S 9337 0 0 0 -1 4194624 45976 0 8 0 106 71 0 0 0 -20 33 0 230435 4033781760 73508 18446744073709551615 367520839444 367520906112 548860715248 0 0 0 4612 0 1073779962 0 0 0 17 3 0 0 0 0 0 367520917048 367520917208 367858716672 548860717661 548860717708 548860717708 548860719073 0
T 2306.68
P 12954 9337 20010055 appspawn-x
12954 (com.example.hel) S 9337 0 0 0 -1 4194624 45976 0 8 0 107 71 0 0 0 -20 33 0 230435 4033253376 73441 18446744073709551615 367520839444 367520906112 548860715248 0 0 0 4612 0 1073779962 0 0 0 17 3 0 0 0 0 0 367520917048 367520917208 367858716672 548860717661 548860717708 548860717708 548860719073 0
T 2306.86
P 12954 9337 20010055 appspawn-x
12954 (com.example.hel) S 9337 0 0 0 -1 4194624 45976 0 8 0 107 71 0 0 0 -20 33 0 230435 4032815104 73342 18446744073709551615 367520839444 367520906112 548860715248 0 0 0 4612 0 1073779962 0 0 0 17 3 0 0 0 0 0 367520917048 367520917208 367858716672 548860717661 548860717708 548860717708 548860719073 0
T 2307.05
P 12954 9337 20010055 appspawn-x
12954 (com.example.hel) S 9337 0 0 0 -1 4194624 45976 0 8 0 107 71 0 0 0 -20 33 0 230435 4032536576 73334 18446744073709551615 367520839444 367520906112 548860715248 0 0 0 4612 0 1073779962 0 0 0 17 3 0 0 0 0 0 367520917048 367520917208 367858716672 548860717661 548860717708 548860717708 548860719073 0
T 2307.23
P 12954 9337 20010055 appspawn-x
12954 (com.example.hel) S 9337 0 0 0 -1 4194624 45976 0 8 0 107 71 0 0 0 -20 33 0 230435 4032528384 73334 18446744073709551615 367520839444 367520906112 548860715248 0 0 0 4612 0 1073779962 0 0 0 17 3 0 0 0 0 0 367520917048 367520917208 367858716672 548860717661 548860717708 548860717708 548860719073 0
T 2307.41
P 12954 9337 20010055 appspawn-x
12954 (com.example.hel) S 9337 0 0 0 -1 4194624 45980 0 8 0 107 72 0 0 0 -20 33 0 230435 4032528384 73334 18446744073709551615 367520839444 367520906112 548860715248 0 0 0 4612 0 1073779962 0 0 0 17 4 0 0 0 0 0 367520917048 367520917208 367858716672 548860717661 548860717708 548860717708 548860719073 0
T 2307.60
P 12954 9337 20010055 appspawn-x
12954 (com.example.hel) S 9337 0 0 0 -1 4194624 45980 0 8 0 107 72 0 0 0 -20 33 0 230435 4032528384 73334 18446744073709551615 367520839444 367520906112 548860715248 0 0 0 4612 0 1073779962 0 0 0 17 4 0 0 0 0 0 367520917048 367520917208 367858716672 548860717661 548860717708 548860717708 548860719073 0
T 2307.78
P 12954 9337 20010055 appspawn-x
12954 (com.example.hel) S 9337 0 0 0 -1 4194624 45980 0 8 0 107 72 0 0 0 -20 33 0 230435 4032528384 73334 18446744073709551615 367520839444 367520906112 548860715248 0 0 0 4612 0 1073779962 0 0 0 17 4 0 0 0 0 0 367520917048 367520917208 367858716672 548860717661 548860717708 548860717708 548860719073 0
T 2307.93
P 12954 9337 20010055 appspawn-x
12954 (com.example.hel) S 9337 0 0 0 -1 4194624 45981 0 8 0 107 72 0 0 0 -20 33 0 230435 4032528384 73334 18446744073709551615 367520839444 367520906112 548860715248 0 0 0 4612 0 1073779962 0 0 0 17 4 0 0 0 0 0 367520917048 367520917208 367858716672 548860717661 548860717708 548860717708 548860719073 0
T 2308.12
P 12954 9337 20010055 appspawn-x
12954 (com.example.hel) S 9337 0 0 0 -1 4194624 45981 0 8 0 107 72 0 0 0 -20 33 0 230435 4032528384 73334 18446744073709551615 367520839444 367520906112 548860715248 0 0 0 4612 0 1073779962 0 0 0 17 4 0 0 0 0 0 367520917048 367520917208 367858716672 548860717661 548860717708 548860717708 548860719073 0
T 2308.30
P 12954 9337 20010055 appspawn-x
12954 (com.example.hel) S 9337 0 0 0 -1 4194624 45981 0 8 0 107 72 0 0 0 -20 33 0 230435 4032528384 73334 18446744073709551615 367520839444 367520906112 548860715248 0 0 0 4612 0 1073779962 0 0 0 17 4 0 0 0 0 0 367520917048 367520917208 367858716672 548860717661 548860717708 548860717708 548860719073 0
T 2308.47
P 12954 9337 20010055 appspawn-x
12954 (com.example.hel) S 9337 0 0 0 -1 4194624 45981 0 8 0 107 72 0 0 0 -20 33 0 230435 4032528384 73334 18446744073709551615 367520839444 367520906112 548860715248 0 0 0 4612 0 1073779962 0 0 0 17 4 0 0 0 0 0 367520917048 367520917208 367858716672 548860717661 548860717708 548860717708 548860719073 0
T 2308.65
P 12954 9337 20010055 appspawn-x
12954 (com.example.hel) S 9337 0 0 0 -1 4194624 45981 0 8 0 107 72 0 0 0 -20 33 0 230435 4032528384 73334 18446744073709551615 367520839444 367520906112 548860715248 0 0 0 4612 0 1073779962 0 0 0 17 4 0 0 0 0 0 367520917048 367520917208 367858716672 548860717661 548860717708 548860717708 548860719073 0
T 2308.84
P 12954 9337 20010055 appspawn-x
12954 (com.example.hel) S 9337 0 0 0 -1 4194624 45981 0 8 0 107 72 0 0 0 -20 33 0 230435 4032528384 73334 18446744073709551615 367520839444 367520906112 548860715248 0 0 0 4612 0 1073779962 0 0 0 17 4 0 0 0 0 0 367520917048 367520917208 367858716672 548860717661 548860717708 548860717708 548860719073 0
T 2308.99
P 12954 9337 20010055 appspawn-x
12954 (com.example.hel) S 9337 0 0 0 -1 4194624 45986 0 8 0 107 72 0 0 0 -20 33 0 230435 4032528384 73334 18446744073709551615 367520839444 367520906112 548860715248 0 0 0 4612 0 1073779962 0 0 0 17 4 0 0 0 0 0 367520917048 367520917208 367858716672 548860717661 548860717708 548860717708 548860719073 0
T 2309.18
P 12954 9337 20010055 appspawn-x
12954 (com.example.hel) S 9337 0 0 0 -1 4194624 45986 0 8 0 107 72 0 0 0 -20 33 0 230435 4032528384 73334 18446744073709551615 367520839444 367520906112 548860715248 0 0 0 4612 0 1073779962 0 0 0 17 4 0 0 0 0 0 367520917048 367520917208 367858716672 548860717661 548860717708 548860717708 548860719073 0
T 2309.36
P 12954 9337 20010055 appspawn-x
12954 (com.example.hel) S 9337 0 0 0 -1 4194624 45986 0 8 0 107 72 0 0 0 -20 33 0 230435 4032528384 73334 18446744073709551615 367520839444 367520906112 548860715248 0 0 0 4612 0 1073779962 0 0 0 17 4 0 0 0 0 0 367520917048 367520917208 367858716672 548860717661 548860717708 548860717708 548860719073 0
T 2309.54
P 12954 9337 20010055 appspawn-x
12954 (com.example.hel) S 9337 0 0 0 -1 4194624 45986 0 8 0 107 72 0 0 0 -20 33 0 230435 4032528384 73334 18446744073709551615 367520839444 367520906112 548860715248 0 0 0 4612 0 1073779962 0 0 0 17 4 0 0 0 0 0 367520917048 367520917208 367858716672 548860717661 548860717708 548860717708 548860719073 0
T 2309.74
P 12954 9337 20010055 appspawn-x
12954 (com.example.hel) S 9337 0 0 0 -1 4194624 45986 0 8 0 107 72 0 0 0 -20 33 0 230435 4032528384 73334 18446744073709551615 367520839444 367520906112 548860715248 0 0 0 4612 0 1073779962 0 0 0 17 4 0 0 0 0 0 367520917048 367520917208 367858716672 548860717661 548860717708 548860717708 548860719073 0
T 2309.90
P 12954 9337 20010055 appspawn-x
12954 (com.example.hel) S 9337 0 0 0 -1 4194624 45986 0 8 0 107 72 0 0 0 -20 33 0 230435 4032528384 73334 18446744073709551615 367520839444 367520906112 548860715248 0 0 0 4612 0 1073779962 0 0 0 17 4 0 0 0 0 0 367520917048 367520917208 367858716672 548860717661 548860717708 548860717708 548860719073 0
T 2310.09
P 12954 9337 20010055 appspawn-x
12954 (com.example.hel) S 9337 0 0 0 -1 4194624 45986 0 8 0 107 72 0 0 0 -20 33 0 230435 4032528384 73334 18446744073709551615 367520839444 367520906112 548860715248 0 0 0 4612 0 1073779962 0 0 0 17 4 0 0 0 0 0 367520917048 367520917208 367858716672 548860717661 548860717708 548860717708 548860719073 0
T 2310.28
P 12954 9337 20010055 appspawn-x
12954 (com.example.hel) S 9337 0 0 0 -1 4194624 45986 0 8 0 107 72 0 0 0 -20 33 0 230435 4032528384 73334 18446744073709551615 367520839444 367520906112 548860715248 0 0 0 4612 0 1073779962 0 0 0 17 4 0 0 0 0 0 367520917048 367520917208 367858716672 548860717661 548860717708 548860717708 548860719073 0
T 2310.46
P 12954 9337 20010055 appspawn-x
12954 (com.example.hel) S 9337 0 0 0 -1 4194624 45986 0 8 0 107 72 0 0 0 -20 33 0 230435 4032528384 73334 18446744073709551615 367520839444 367520906112 548860715248 0 0 0 4612 0 1073779962 0 0 0 17 4 0 0 0 0 0 367520917048 367520917208 367858716672 548860717661 548860717708 548860717708 548860719073 0
T 2310.64
P 12954 9337 20010055 appspawn-x
12954 (com.example.hel) S 9337 0 0 0 -1 4194624 45986 0 8 0 107 72 0 0 0 -20 33 0 230435 4032528384 73334 18446744073709551615 367520839444 367520906112 548860715248 0 0 0 4612 0 1073779962 0 0 0 17 4 0 0 0 0 0 367520917048 367520917208 367858716672 548860717661 548860717708 548860717708 548860719073 0
T 2310.82
P 12954 9337 20010055 appspawn-x
12954 (com.example.hel) S 9337 0 0 0 -1 4194624 45986 0 8 0 107 72 0 0 0 -20 33 0 230435 4032528384 73329 18446744073709551615 367520839444 367520906112 548860715248 0 0 0 4612 0 1073779962 0 0 0 17 4 0 0 0 0 0 367520917048 367520917208 367858716672 548860717661 548860717708 548860717708 548860719073 0
T 2311.01
P 12954 9337 20010055 appspawn-x
12954 (com.example.hel) S 9337 0 0 0 -1 4194624 46006 0 8 0 107 72 0 0 0 -20 33 0 230435 4032528384 73543 18446744073709551615 367520839444 367520906112 548860715248 0 0 0 4612 0 1073779962 0 0 0 17 4 0 0 0 0 0 367520917048 367520917208 367858716672 548860717661 548860717708 548860717708 548860719073 0
T 2311.20
P 12954 9337 20010055 appspawn-x
12954 (com.example.hel) S 9337 0 0 0 -1 4194624 46006 0 8 0 107 72 0 0 0 -20 33 0 230435 4032528384 73543 18446744073709551615 367520839444 367520906112 548860715248 0 0 0 4612 0 1073779962 0 0 0 17 4 0 0 0 0 0 367520917048 367520917208 367858716672 548860717661 548860717708 548860717708 548860719073 0
T 2311.35
P 12954 9337 20010055 appspawn-x
12954 (com.example.hel) S 9337 0 0 0 -1 4194624 46006 0 8 0 107 72 0 0 0 -20 33 0 230435 4032528384 73543 18446744073709551615 367520839444 367520906112 548860715248 0 0 0 4612 0 1073779962 0 0 0 17 4 0 0 0 0 0 367520917048 367520917208 367858716672 548860717661 548860717708 548860717708 548860719073 0
T 2311.51
P 12954 9337 20010055 appspawn-x
12954 (com.example.hel) S 9337 0 0 0 -1 4194624 46006 0 8 0 107 72 0 0 0 -20 33 0 230435 4032528384 73543 18446744073709551615 367520839444 367520906112 548860715248 0 0 0 4612 0 1073779962 0 0 0 17 4 0 0 0 0 0 367520917048 367520917208 367858716672 548860717661 548860717708 548860717708 548860719073 0
T 2311.69
P 12954 9337 20010055 appspawn-x
12954 (com.example.hel) S 9337 0 0 0 -1 4194624 46006 0 8 0 107 72 0 0 0 -20 33 0 230435 4032528384 73543 18446744073709551615 367520839444 367520906112 548860715248 0 0 0 4612 0 1073779962 0 0 0 17 4 0 0 0 0 0 367520917048 367520917208 367858716672 548860717661 548860717708 548860717708 548860719073 0
T 2311.86
P 12954 9337 20010055 appspawn-x
12954 (com.example.hel) S 9337 0 0 0 -1 4194624 46006 0 8 0 107 72 0 0 0 -20 33 0 230435 4032528384 73543 18446744073709551615 367520839444 367520906112 548860715248 0 0 0 4612 0 1073779962 0 0 0 17 4 0 0 0 0 0 367520917048 367520917208 367858716672 548860717661 548860717708 548860717708 548860719073 0
T 2312.05
P 12954 9337 20010055 appspawn-x
12954 (com.example.hel) S 9337 0 0 0 -1 4194624 46006 0 8 0 107 72 0 0 0 -20 33 0 230435 4032528384 73543 18446744073709551615 367520839444 367520906112 548860715248 0 0 0 4612 0 1073779962 0 0 0 17 4 0 0 0 0 0 367520917048 367520917208 367858716672 548860717661 548860717708 548860717708 548860719073 0
T 2312.24
P 12954 9337 20010055 appspawn-x
12954 (com.example.hel) S 9337 0 0 0 -1 4194624 46006 0 8 0 107 72 0 0 0 -20 33 0 230435 4032528384 73543 18446744073709551615 367520839444 367520906112 548860715248 0 0 0 4612 0 1073779962 0 0 0 17 4 0 0 0 0 0 367520917048 367520917208 367858716672 548860717661 548860717708 548860717708 548860719073 0
T 2312.42
P 12954 9337 20010055 appspawn-x
12954 (com.example.hel) S 9337 0 0 0 -1 4194624 46006 0 8 0 107 72 0 0 0 -20 33 0 230435 4032528384 73543 18446744073709551615 367520839444 367520906112 548860715248 0 0 0 4612 0 1073779962 0 0 0 17 4 0 0 0 0 0 367520917048 367520917208 367858716672 548860717661 548860717708 548860717708 548860719073 0
T 2312.61
P 12954 9337 20010055 appspawn-x
12954 (com.example.hel) S 9337 0 0 0 -1 4194624 46006 0 8 0 107 72 0 0 0 -20 33 0 230435 4032528384 73543 18446744073709551615 367520839444 367520906112 548860715248 0 0 0 4612 0 1073779962 0 0 0 17 4 0 0 0 0 0 367520917048 367520917208 367858716672 548860717661 548860717708 548860717708 548860719073 0
T 2312.80
P 12954 9337 20010055 appspawn-x
12954 (com.example.hel) S 9337 0 0 0 -1 4194624 46006 0 8 0 107 72 0 0 0 -20 33 0 230435 4032528384 73543 18446744073709551615 367520839444 367520906112 548860715248 0 0 0 4612 0 1073779962 0 0 0 17 4 0 0 0 0 0 367520917048 367520917208 367858716672 548860717661 548860717708 548860717708 548860719073 0
T 2312.98
P 12954 9337 20010055 appspawn-x
12954 (com.example.hel) S 9337 0 0 0 -1 4194624 46006 0 8 0 107 72 0 0 0 -20 33 0 230435 4032528384 73543 18446744073709551615 367520839444 367520906112 548860715248 0 0 0 4612 0 1073779962 0 0 0 17 4 0 0 0 0 0 367520917048 367520917208 367858716672 548860717661 548860717708 548860717708 548860719073 0
T 2313.15
P 12954 9337 20010055 appspawn-x
12954 (com.example.hel) S 9337 0 0 0 -1 4194624 46006 0 8 0 107 72 0 0 0 -20 33 0 230435 4032528384 73543 18446744073709551615 367520839444 367520906112 548860715248 0 0 0 4612 0 1073779962 0 0 0 17 4 0 0 0 0 0 367520917048 367520917208 367858716672 548860717661 548860717708 548860717708 548860719073 0
T 2313.34
P 12954 9337 20010055 appspawn-x
12954 (com.example.hel) S 9337 0 0 0 -1 4194624 46006 0 8 0 107 72 0 0 0 -20 33 0 230435 4032528384 73543 18446744073709551615 367520839444 367520906112 548860715248 0 0 0 4612 0 1073779962 0 0 0 17 4 0 0 0 0 0 367520917048 367520917208 367858716672 548860717661 548860717708 548860717708 548860719073 0
T 2313.51
P 12954 9337 20010055 appspawn-x
12954 (com.example.hel) S 9337 0 0 0 -1 4194624 46006 0 8 0 107 72 0 0 0 -20 33 0 230435 4032528384 73543 18446744073709551615 367520839444 367520906112 548860715248 0 0 0 4612 0 1073779962 0 0 0 17 4 0 0 0 0 0 367520917048 367520917208 367858716672 548860717661 548860717708 548860717708 548860719073 0
T 2313.70
P 12954 9337 20010055 appspawn-x
12954 (com.example.hel) S 9337 0 0 0 -1 4194624 46006 0 8 0 107 72 0 0 0 -20 33 0 230435 4032528384 73543 18446744073709551615 367520839444 367520906112 548860715248 0 0 0 4612 0 1073779962 0 0 0 17 4 0 0 0 0 0 367520917048 367520917208 367858716672 548860717661 548860717708 548860717708 548860719073 0
T 2313.88
P 12954 9337 20010055 appspawn-x
12954 (com.example.hel) S 9337 0 0 0 -1 4194624 46021 0 8 0 107 72 0 0 0 -20 33 0 230435 4032528384 73543 18446744073709551615 367520839444 367520906112 548860715248 0 0 0 4612 0 1073779962 0 0 0 17 5 0 0 0 0 0 367520917048 367520917208 367858716672 548860717661 548860717708 548860717708 548860719073 0
T 2314.07
P 12954 9337 20010055 appspawn-x
12954 (com.example.hel) S 9337 0 0 0 -1 4194624 46021 0 8 0 107 72 0 0 0 -20 33 0 230435 4032528384 73543 18446744073709551615 367520839444 367520906112 548860715248 0 0 0 4612 0 1073779962 0 0 0 17 5 0 0 0 0 0 367520917048 367520917208 367858716672 548860717661 548860717708 548860717708 548860719073 0
T 2314.25
P 12954 9337 20010055 appspawn-x
12954 (com.example.hel) S 9337 0 0 0 -1 4194624 46021 0 8 0 107 72 0 0 0 -20 33 0 230435 4032528384 73543 18446744073709551615 367520839444 367520906112 548860715248 0 0 0 4612 0 1073779962 0 0 0 17 5 0 0 0 0 0 367520917048 367520917208 367858716672 548860717661 548860717708 548860717708 548860719073 0
T 2314.44
P 12954 9337 20010055 appspawn-x
12954 (com.example.hel) S 9337 0 0 0 -1 4194624 46021 0 8 0 107 72 0 0 0 -20 33 0 230435 4032528384 73543 18446744073709551615 367520839444 367520906112 548860715248 0 0 0 4612 0 1073779962 0 0 0 17 5 0 0 0 0 0 367520917048 367520917208 367858716672 548860717661 548860717708 548860717708 548860719073 0
T 2314.61
P 12954 9337 20010055 appspawn-x
12954 (com.example.hel) S 9337 0 0 0 -1 4194624 46021 0 8 0 107 72 0 0 0 -20 33 0 230435 4032528384 73543 18446744073709551615 367520839444 367520906112 548860715248 0 0 0 4612 0 1073779962 0 0 0 17 5 0 0 0 0 0 367520917048 367520917208 367858716672 548860717661 548860717708 548860717708 548860719073 0
T 2314.79
P 12954 9337 20010055 appspawn-x
12954 (com.example.hel) S 9337 0 0 0 -1 4194624 46021 0 8 0 107 72 0 0 0 -20 33 0 230435 4032528384 73543 18446744073709551615 367520839444 367520906112 548860715248 0 0 0 4612 0 1073779962 0 0 0 17 5 0 0 0 0 0 367520917048 367520917208 367858716672 548860717661 548860717708 548860717708 548860719073 0
T 2314.98
P 12954 9337 20010055 appspawn-x
12954 (com.example.hel) S 9337 0 0 0 -1 4194624 46021 0 8 0 107 72 0 0 0 -20 33 0 230435 4032528384 73543 18446744073709551615 367520839444 367520906112 548860715248 0 0 0 4612 0 1073779962 0 0 0 17 5 0 0 0 0 0 367520917048 367520917208 367858716672 548860717661 548860717708 548860717708 548860719073 0
T 2315.13
P 12954 9337 20010055 appspawn-x
12954 (com.example.hel) S 9337 0 0 0 -1 4194624 46021 0 8 0 107 72 0 0 0 -20 33 0 230435 4032528384 73543 18446744073709551615 367520839444 367520906112 548860715248 0 0 0 4612 0 1073779962 0 0 0 17 5 0 0 0 0 0 367520917048 367520917208 367858716672 548860717661 548860717708 548860717708 548860719073 0
T 2315.30
P 12954 9337 20010055 appspawn-x
12954 (com.example.hel) S 9337 0 0 0 -1 4194624 46021 0 8 0 107 72 0 0 0 -20 33 0 230435 4032528384 73543 18446744073709551615 367520839444 367520906112 548860715248 0 0 0 4612 0 1073779962 0 0 0 17 5 0 0 0 0 0 367520917048 367520917208 367858716672 548860717661 548860717708 548860717708 548860719073 0
T 2315.48
P 12954 9337 20010055 appspawn-x
12954 (com.example.hel) S 9337 0 0 0 -1 4194624 46021 0 8 0 107 72 0 0 0 -20 33 0 230435 4032528384 73543 18446744073709551615 367520839444 367520906112 548860715248 0 0 0 4612 0 1073779962 0 0 0 17 5 0 0 0 0 0 367520917048 367520917208 367858716672 548860717661 548860717708 548860717708 548860719073 0
T 2315.64
P 12954 9337 20010055 appspawn-x
12954 (com.example.hel) S 9337 0 0 0 -1 4194624 46021 0 8 0 107 72 0 0 0 -20 33 0 230435 4032528384 73543 18446744073709551615 367520839444 367520906112 548860715248 0 0 0 4612 0 1073779962 0 0 0 17 5 0 0 0 0 0 367520917048 367520917208 367858716672 548860717661 548860717708 548860717708 548860719073 0
T 2315.79
P 12954 9337 20010055 appspawn-x
12954 (com.example.hel) S 9337 0 0 0 -1 4194624 46021 0 8 0 107 72 0 0 0 -20 33 0 230435 4032528384 73543 18446744073709551615 367520839444 367520906112 548860715248 0 0 0 4612 0 1073779962 0 0 0 17 5 0 0 0 0 0 367520917048 367520917208 367858716672 548860717661 548860717708 548860717708 548860719073 0
T 2315.95
P 12954 9337 20010055 appspawn-x
12954 (com.example.hel) S 9337 0 0 0 -1 4194624 46021 0 8 0 107 72 0 0 0 -20 33 0 230435 4032528384 73543 18446744073709551615 367520839444 367520906112 548860715248 0 0 0 4612 0 1073779962 0 0 0 17 5 0 0 0 0 0 367520917048 367520917208 367858716672 548860717661 548860717708 548860717708 548860719073 0
T 2316.10
P 12954 9337 20010055 appspawn-x
12954 (com.example.hel) S 9337 0 0 0 -1 4194624 46021 0 8 0 107 72 0 0 0 -20 33 0 230435 4032528384 73543 18446744073709551615 367520839444 367520906112 548860715248 0 0 0 4612 0 1073779962 0 0 0 17 5 0 0 0 0 0 367520917048 367520917208 367858716672 548860717661 548860717708 548860717708 548860719073 0
T 2316.26
P 12954 9337 20010055 appspawn-x
12954 (com.example.hel) S 9337 0 0 0 -1 4194624 46021 0 8 0 107 72 0 0 0 -20 33 0 230435 4032528384 73543 18446744073709551615 367520839444 367520906112 548860715248 0 0 0 4612 0 1073779962 0 0 0 17 5 0 0 0 0 0 367520917048 367520917208 367858716672 548860717661 548860717708 548860717708 548860719073 0
T 2316.43
P 12954 9337 20010055 appspawn-x
12954 (com.example.hel) S 9337 0 0 0 -1 4194624 46021 0 8 0 107 72 0 0 0 -20 33 0 230435 4032528384 73543 18446744073709551615 367520839444 367520906112 548860715248 0 0 0 4612 0 1073779962 0 0 0 17 5 0 0 0 0 0 367520917048 367520917208 367858716672 548860717661 548860717708 548860717708 548860719073 0
T 2316.59
P 12954 9337 20010055 appspawn-x
12954 (com.example.hel) S 9337 0 0 0 -1 4194624 46021 0 8 0 107 72 0 0 0 -20 33 0 230435 4032528384 73543 18446744073709551615 367520839444 367520906112 548860715248 0 0 0 4612 0 1073779962 0 0 0 17 5 0 0 0 0 0 367520917048 367520917208 367858716672 548860717661 548860717708 548860717708 548860719073 0
T 2316.74
P 12954 9337 20010055 appspawn-x
12954 (com.example.hel) S 9337 0 0 0 -1 4194624 46021 0 8 0 107 73 0 0 0 -20 33 0 230435 4032528384 73543 18446744073709551615 367520839444 367520906112 548860715248 0 0 0 4612 0 1073779962 0 0 0 17 5 0 0 0 0 0 367520917048 367520917208 367858716672 548860717661 548860717708 548860717708 548860719073 0
T 2316.90
P 12954 9337 20010055 appspawn-x
12954 (com.example.hel) S 9337 0 0 0 -1 4194624 46021 0 8 0 107 73 0 0 0 -20 33 0 230435 4032528384 73543 18446744073709551615 367520839444 367520906112 548860715248 0 0 0 4612 0 1073779962 0 0 0 17 5 0 0 0 0 0 367520917048 367520917208 367858716672 548860717661 548860717708 548860717708 548860719073 0
T 2317.06
P 12954 9337 20010055 appspawn-x
12954 (com.example.hel) S 9337 0 0 0 -1 4194624 46021 0 8 0 107 73 0 0 0 -20 33 0 230435 4032528384 73543 18446744073709551615 367520839444 367520906112 548860715248 0 0 0 4612 0 1073779962 0 0 0 17 5 0 0 0 0 0 367520917048 367520917208 367858716672 548860717661 548860717708 548860717708 548860719073 0
T 2317.24
P 12954 9337 20010055 appspawn-x
12954 (com.example.hel) S 9337 0 0 0 -1 4194624 46021 0 8 0 107 73 0 0 0 -20 33 0 230435 4032528384 73543 18446744073709551615 367520839444 367520906112 548860715248 0 0 0 4612 0 1073779962 0 0 0 17 5 0 0 0 0 0 367520917048 367520917208 367858716672 548860717661 548860717708 548860717708 548860719073 0
T 2317.39
P 12954 9337 20010055 appspawn-x
12954 (com.example.hel) S 9337 0 0 0 -1 4194624 46021 0 8 0 107 73 0 0 0 -20 33 0 230435 4032528384 73543 18446744073709551615 367520839444 367520906112 548860715248 0 0 0 4612 0 1073779962 0 0 0 17 5 0 0 0 0 0 367520917048 367520917208 367858716672 548860717661 548860717708 548860717708 548860719073 0
T 2317.55
P 12954 9337 20010055 appspawn-x
12954 (com.example.hel) S 9337 0 0 0 -1 4194624 46021 0 8 0 107 73 0 0 0 -20 33 0 230435 4032528384 73543 18446744073709551615 367520839444 367520906112 548860715248 0 0 0 4612 0 1073779962 0 0 0 17 5 0 0 0 0 0 367520917048 367520917208 367858716672 548860717661 548860717708 548860717708 548860719073 0
T 2317.72
P 12954 9337 20010055 appspawn-x
12954 (com.example.hel) S 9337 0 0 0 -1 4194624 46021 0 8 0 107 73 0 0 0 -20 33 0 230435 4032528384 73543 18446744073709551615 367520839444 367520906112 548860715248 0 0 0 4612 0 1073779962 0 0 0 17 5 0 0 0 0 0 367520917048 367520917208 367858716672 548860717661 548860717708 548860717708 548860719073 0
T 2317.88
P 12954 9337 20010055 appspawn-x
12954 (com.example.hel) S 9337 0 0 0 -1 4194624 46021 0 8 0 107 73 0 0 0 -20 33 0 230435 4032528384 73543 18446744073709551615 367520839444 367520906112 548860715248 0 0 0 4612 0 1073779962 0 0 0 17 5 0 0 0 0 0 367520917048 367520917208 367858716672 548860717661 548860717708 548860717708 548860719073 0
T 2318.07
P 12954 9337 20010055 appspawn-x
12954 (com.example.hel) S 9337 0 0 0 -1 4194624 46021 0 8 0 107 73 0 0 0 -20 33 0 230435 4032528384 73543 18446744073709551615 367520839444 367520906112 548860715248 0 0 0 4612 0 1073779962 0 0 0 17 5 0 0 0 0 0 367520917048 367520917208 367858716672 548860717661 548860717708 548860717708 548860719073 0
T 2318.24
P 12954 9337 20010055 appspawn-x
12954 (com.example.hel) S 9337 0 0 0 -1 4194624 46021 0 8 0 107 73 0 0 0 -20 33 0 230435 4032528384 73543 18446744073709551615 367520839444 367520906112 548860715248 0 0 0 4612 0 1073779962 0 0 0 17 5 0 0 0 0 0 367520917048 367520917208 367858716672 548860717661 548860717708 548860717708 548860719073 0
T 2318.40
P 12954 9337 20010055 appspawn-x
12954 (com.example.hel) S 9337 0 0 0 -1 4194624 46021 0 8 0 107 73 0 0 0 -20 33 0 230435 4032528384 73543 18446744073709551615 367520839444 367520906112 548860715248 0 0 0 4612 0 1073779962 0 0 0 17 5 0 0 0 0 0 367520917048 367520917208 367858716672 548860717661 548860717708 548860717708 548860719073 0
T 2318.56
P 12954 9337 20010055 appspawn-x
12954 (com.example.hel) S 9337 0 0 0 -1 4194624 46021 0 8 0 107 73 0 0 0 -20 33 0 230435 4032528384 73543 18446744073709551615 367520839444 367520906112 548860715248 0 0 0 4612 0 1073779962 0 0 0 17 5 0 0 0 0 0 367520917048 367520917208 367858716672 548860717661 548860717708 548860717708 548860719073 0
T 2318.71
P 12954 9337 20010055 appspawn-x
12954 (com.example.hel) S 9337 0 0 0 -1 4194624 46021 0 8 0 107 73 0 0 0 -20 33 0 230435 4032528384 73543 18446744073709551615 367520839444 367520906112 548860715248 0 0 0 4612 0 1073779962 0 0 0 17 5 0 0 0 0 0 367520917048 367520917208 367858716672 548860717661 548860717708 548860717708 548860719073 0
T 2318.86
P 12954 9337 20010055 appspawn-x
12954 (com.example.hel) S 9337 0 0 0 -1 4194624 46021 0 8 0 107 73 0 0 0 -20 33 0 230435 4032528384 73543 18446744073709551615 367520839444 367520906112 548860715248 0 0 0 4612 0 1073779962 0 0 0 17 5 0 0 0 0 0 367520917048 367520917208 367858716672 548860717661 548860717708 548860717708 548860719073 0
T 2319.03
P 12954 9337 20010055 appspawn-x
12954 (com.example.hel) S 9337 0 0 0 -1 4194624 46021 0 8 0 107 73 0 0 0 -20 33 0 230435 4032528384 73543 18446744073709551615 367520839444 367520906112 548860715248 0 0 0 4612 0 1073779962 0 0 0 17 5 0 0 0 0 0 367520917048 367520917208 367858716672 548860717661 548860717708 548860717708 548860719073 0
T 2319.20
P 12954 9337 20010055 appspawn-x
12954 (com.example.hel) S 9337 0 0 0 -1 4194624 46021 0 8 0 107 73 0 0 0 -20 33 0 230435 4032528384 73543 18446744073709551615 367520839444 367520906112 548860715248 0 0 0 4612 0 1073779962 0 0 0 17 5 0 0 0 0 0 367520917048 367520917208 367858716672 548860717661 548860717708 548860717708 548860719073 0
T 2319.39
P 12954 9337 20010055 appspawn-x
12954 (com.example.hel) S 9337 0 0 0 -1 4194624 46021 0 8 0 107 73 0 0 0 -20 33 0 230435 4032528384 73543 18446744073709551615 367520839444 367520906112 548860715248 0 0 0 4612 0 1073779962 0 0 0 17 5 0 0 0 0 0 367520917048 367520917208 367858716672 548860717661 548860717708 548860717708 548860719073 0
T 2319.55
P 12954 9337 20010055 appspawn-x
12954 (com.example.hel) S 9337 0 0 0 -1 4194624 46021 0 8 0 107 73 0 0 0 -20 33 0 230435 4032528384 73543 18446744073709551615 367520839444 367520906112 548860715248 0 0 0 4612 0 1073779962 0 0 0 17 5 0 0 0 0 0 367520917048 367520917208 367858716672 548860717661 548860717708 548860717708 548860719073 0
T 2319.70
P 12954 9337 20010055 appspawn-x
12954 (com.example.hel) S 9337 0 0 0 -1 4194624 46021 0 8 0 107 73 0 0 0 -20 33 0 230435 4032528384 73543 18446744073709551615 367520839444 367520906112 548860715248 0 0 0 4612 0 1073779962 0 0 0 17 5 0 0 0 0 0 367520917048 367520917208 367858716672 548860717661 548860717708 548860717708 548860719073 0
T 2319.85
P 12954 9337 20010055 appspawn-x
12954 (com.example.hel) S 9337 0 0 0 -1 4194624 46021 0 8 0 107 73 0 0 0 -20 33 0 230435 4032528384 73543 18446744073709551615 367520839444 367520906112 548860715248 0 0 0 4612 0 1073779962 0 0 0 17 5 0 0 0 0 0 367520917048 367520917208 367858716672 548860717661 548860717708 548860717708 548860719073 0
T 2320.01
P 12954 9337 20010055 appspawn-x
12954 (com.example.hel) S 9337 0 0 0 -1 4194624 46021 0 8 0 107 73 0 0 0 -20 33 0 230435 4032528384 73543 18446744073709551615 367520839444 367520906112 548860715248 0 0 0 4612 0 1073779962 0 0 0 17 5 0 0 0 0 0 367520917048 367520917208 367858716672 548860717661 548860717708 548860717708 548860719073 0
