T 794.95
T 795.14
T 795.32
P 16802 9847 20010057 appspawn-x
16802 (org.wikipedia) R 9847 0 0 0 -1 4194624 248 0 0 0 10 3 0 0 0 -20 1 0 79535 2197676032 1606 18446744073709551615 366504318740 366504385408 548786572672 0 0 0 0 4096 1073775866 0 0 0 17 4 0 0 0 0 0 366504396344 366504396504 366837297152 548786575965 548786576012 548786576012 548786577377 0
T 795.61
P 16802 9847 20010057 appspawn-x
16802 (org.wikipedia) R 9847 0 0 0 -1 4194624 11878 0 0 0 17 16 0 0 0 -20 1 0 79535 2454024192 14276 18446744073709551615 366504318740 366504385408 548786572672 0 0 0 0 4096 1073775866 0 0 0 17 6 0 0 0 0 0 366504396344 366504396504 366837297152 548786575965 548786576012 548786576012 548786577377 0
T 795.83
P 16802 9847 20010057 appspawn-x
16802 (main) R 9847 0 0 0 -1 4194624 15157 0 0 0 21 27 0 0 0 -20 10 0 79535 3518763008 22935 18446744073709551615 366504318740 366504385408 548786572672 0 0 0 4612 0 1073779962 0 0 0 17 6 0 0 0 0 0 366504396344 366504396504 366837297152 548786575965 548786576012 548786576012 548786577377 0
T 796.02
P 16802 9847 20010057 appspawn-x
16802 (main) R 9847 0 0 0 -1 4194624 16793 0 0 0 39 30 0 0 0 -20 10 0 79535 3518779392 26230 18446744073709551615 366504318740 366504385408 548786572672 0 0 0 4612 0 1073779962 0 0 0 17 6 0 0 0 0 0 366504396344 366504396504 366837297152 548786575965 548786576012 548786576012 548786577377 0
T 796.23
P 16802 9847 20010057 appspawn-x
16802 (main) R 9847 0 0 0 -1 4194624 20466 0 0 0 51 37 0 0 0 -20 10 0 79535 3581345792 45834 18446744073709551615 366504318740 366504385408 548786572672 0 0 0 4612 0 1073779962 0 0 0 17 5 0 0 0 0 0 366504396344 366504396504 366837297152 548786575965 548786576012 548786576012 548786577377 0
T 796.42
P 16802 9847 20010057 appspawn-x
16802 (org.wikipedia) R 9847 0 0 0 -1 4194624 24434 0 0 0 64 44 0 0 0 -20 12 0 79535 3693809664 54044 18446744073709551615 366504318740 366504385408 548786572672 0 0 0 4612 0 1073779962 0 0 0 17 4 0 0 0 0 0 366504396344 366504396504 366837297152 548786575965 548786576012 548786576012 548786577377 0
T 796.62
P 16802 9847 20010057 appspawn-x
16802 (org.wikipedia) R 9847 0 0 0 -1 4194624 32492 0 0 0 78 50 0 0 0 -20 12 0 79535 3726802944 62095 18446744073709551615 366504318740 366504385408 548786572672 0 0 0 4612 0 1073779962 0 0 0 17 6 0 0 0 0 0 366504396344 366504396504 366837297152 548786575965 548786576012 548786576012 548786577377 0
T 796.82
P 16802 9847 20010057 appspawn-x
16802 (org.wikipedia) R 9847 0 0 0 -1 4194624 38009 0 0 0 93 56 0 0 0 -20 12 0 79535 3743072256 66043 18446744073709551615 366504318740 366504385408 548786572672 0 0 0 4612 0 1073779962 0 0 0 17 6 0 0 0 0 0 366504396344 366504396504 366837297152 548786575965 548786576012 548786576012 548786577377 0
T 797.02
P 16802 9847 20010057 appspawn-x
16802 (<pre-initialize) S 9847 0 0 0 -1 1077936448 39419 0 0 0 104 61 0 0 0 -20 13 0 79535 3723317248 58374 18446744073709551615 366504318740 366504385408 548786572672 0 0 0 4612 0 1073779962 0 0 0 17 5 0 0 0 0 0 366504396344 366504396504 366837297152 548786575965 548786576012 548786576012 548786577377 0
T 797.22
P 16802 9847 20010057 appspawn-x
16802 (org.wikipedia) R 9847 0 0 0 -1 4194624 43734 0 0 0 119 69 0 0 0 -20 13 0 79535 3786985472 63780 18446744073709551615 366504318740 366504385408 548786572672 0 0 0 4612 0 1073779962 0 0 0 17 4 0 0 0 0 0 366504396344 366504396504 366837297152 548786575965 548786576012 548786576012 548786577377 0
T 797.40
P 16802 9847 20010057 appspawn-x
16802 (org.wikipedia) S 9847 0 0 0 -1 1077936448 44645 0 0 0 133 71 0 0 0 -20 13 0 79535 3803074560 65552 18446744073709551615 366504318740 366504385408 548786572672 0 0 0 4612 0 1073779962 0 0 0 17 1 0 0 0 0 0 366504396344 366504396504 366837297152 548786575965 548786576012 548786576012 548786577377 0
T 797.59
P 16802 9847 20010057 appspawn-x
16802 (org.wikipedia) R 9847 0 0 0 -1 4194624 46524 0 0 0 144 78 0 0 0 -20 14 0 79535 3812130816 66270 18446744073709551615 366504318740 366504385408 548786572672 0 0 0 4612 0 1073779962 0 0 0 17 4 0 0 0 0 0 366504396344 366504396504 366837297152 548786575965 548786576012 548786576012 548786577377 0
T 797.78
P 16802 9847 20010057 appspawn-x
16802 (org.wikipedia) R 9847 0 0 0 -1 4194624 47126 0 0 0 157 87 0 0 0 -20 14 0 79535 3812405248 66513 18446744073709551615 366504318740 366504385408 548786572672 0 0 0 4612 0 1073779962 0 0 0 17 4 0 0 0 0 0 366504396344 366504396504 366837297152 548786575965 548786576012 548786576012 548786577377 0
T 798.00
P 16802 9847 20010057 appspawn-x
16802 (org.wikipedia) R 9847 0 0 0 -1 4194624 47780 0 0 0 170 95 0 0 0 -20 14 0 79535 3812810752 67125 18446744073709551615 366504318740 366504385408 548786572672 0 0 0 4612 0 1073779962 0 0 0 17 6 0 0 0 0 0 366504396344 366504396504 366837297152 548786575965 548786576012 548786576012 548786577377 0
T 798.20
P 16802 9847 20010057 [org.wikipedia]
16802 (org.wikipedia) Z 9847 0 0 0 -1 4227396 48629 0 0 0 178 106 0 0 0 -20 2 0 79535 0 0 18446744073709551615 0 0 0 0 0 0 4612 0 1073779962 0 0 0 17 5 0 0 0 0 0 0 0 0 0 0 0 0 0
T 798.41
T 798.59
T 798.76
T 798.96
T 799.17
T 799.36
T 799.55
T 799.74
T 799.92
T 800.11
T 800.30
T 800.50
T 800.68
T 800.86
T 801.04
T 801.21
T 801.40
T 801.60
T 801.80
T 801.98
T 802.15
T 802.32
T 802.50
T 802.70
T 802.89
T 803.08
T 803.26
T 803.45
T 803.64
T 803.84
T 804.03
T 804.22
T 804.40
T 804.60
T 804.80
T 804.98
T 805.16
T 805.34
T 805.53
T 805.71
T 805.90
T 806.10
T 806.28
T 806.48
T 806.68
T 806.87
T 807.06
T 807.24
T 807.42
T 807.60
T 807.78
T 807.98
T 808.18
T 808.36
T 808.56
T 808.74
T 808.94
T 809.13
T 809.32
T 809.51
T 809.70
T 809.90
T 810.10
T 810.29
T 810.48
T 810.68
T 810.86
T 811.06
T 811.24
