T 5547.75
T 5547.94
T 5548.11
T 5548.27
P 3727 13161 20010079 appspawn-x
3727 (b5aliasnegative) R 13161 0 0 0 -1 4194624 1300 0 0 0 12 7 0 0 0 -20 1 0 554814 2446073856 4266 18446744073709551615 366870431252 366870496976 549156205216 0 0 0 0 4096 1073775866 0 0 0 17 6 0 0 0 0 0 366870507912 366870508072 367424618496 549156207218 549156207265 549156207265 549156208609 0
T 5548.46
P 3727 13161 20010079 appspawn-x
3727 (b5aliasnegative) R 13161 0 0 0 -1 4194624 11776 0 0 0 15 20 0 0 0 -20 1 0 554814 2456219648 14343 18446744073709551615 366870431252 366870496976 549156205216 0 0 0 0 4096 1073775866 0 0 0 17 6 0 0 0 0 0 366870507912 366870508072 367424618496 549156207218 549156207265 549156207265 549156208609 0
T 5548.62
P 3727 13161 20010079 appspawn-x
3727 (main) R 13161 0 0 0 -1 4194624 15685 0 0 0 22 29 0 0 0 -20 10 0 554814 3520954368 24599 18446744073709551615 366870431252 366870496976 549156205216 0 0 0 4612 0 1073779962 0 0 0 17 7 0 0 0 0 0 366870507912 366870508072 367424618496 549156207218 549156207265 549156207265 549156208609 0
T 5548.82
P 3727 13161 20010079 appspawn-x
3727 (main) R 13161 0 0 0 -1 4194624 18721 0 0 0 38 33 0 0 0 -20 10 0 554814 3555463168 35365 18446744073709551615 366870431252 366870496976 549156205216 0 0 0 4612 0 1073779962 0 0 0 17 7 0 0 0 0 0 366870507912 366870508072 367424618496 549156207218 549156207265 549156207265 549156208609 0
T 5549.02
P 3727 13161 20010079 appspawn-x
3727 (main) R 13161 0 0 0 -1 4194624 21776 0 0 0 50 39 0 0 0 -20 10 0 554814 3670913024 49102 18446744073709551615 366870431252 366870496976 549156205216 0 0 0 4612 0 1073779962 0 0 0 17 7 0 0 0 0 0 366870507912 366870508072 367424618496 549156207218 549156207265 549156207265 549156208609 0
T 5549.21
P 3727 13161 20010079 appspawn-x
3727 (org.a2hlab.b5al) R 13161 0 0 0 -1 4194624 30089 0 0 0 64 45 0 0 0 -20 12 0 554814 3718422528 57399 18446744073709551615 366870431252 366870496976 549156205216 0 0 0 4612 0 1073779962 0 0 0 17 7 0 0 0 0 0 366870507912 366870508072 367424618496 549156207218 549156207265 549156207265 549156208609 0
T 5549.41
P 3727 13161 20010079 appspawn-x
3727 (org.a2hlab.b5al) R 13161 0 0 0 -1 4194624 37696 0 0 0 75 53 0 0 0 -20 12 0 554814 3743256576 63450 18446744073709551615 366870431252 366870496976 549156205216 0 0 0 4612 0 1073779962 0 0 0 17 7 0 0 0 0 0 366870507912 366870508072 367424618496 549156207218 549156207265 549156207265 549156208609 0
T 5549.60
P 3727 13161 20010079 appspawn-x
3727 (org.a2hlab.b5al) R 13161 0 0 0 -1 4194624 39982 0 0 0 88 61 0 0 0 -20 13 0 554814 3725496320 55892 18446744073709551615 366870431252 366870496976 549156205216 0 0 0 4612 0 1073779962 0 0 0 17 5 0 0 0 0 0 366870507912 366870508072 367424618496 549156207218 549156207265 549156207265 549156208609 0
T 5549.80
T 5550.02
T 5550.19
T 5550.37
T 5550.55
T 5550.74
T 5550.94
T 5551.10
T 5551.30
T 5551.48
T 5551.66
T 5551.84
T 5552.02
T 5552.20
T 5552.40
T 5552.58
T 5552.78
T 5552.93
T 5553.09
T 5553.28
T 5553.44
T 5553.60
T 5553.78
T 5553.96
T 5554.15
T 5554.31
T 5554.48
T 5554.68
T 5554.86
T 5555.05
T 5555.22
T 5555.42
T 5555.61
T 5555.80
T 5556.00
T 5556.18
T 5556.36
T 5556.52
T 5556.72
T 5556.90
T 5557.10
T 5557.28
T 5557.46
T 5557.66
T 5557.84
T 5558.02
T 5558.20
T 5558.38
T 5558.54
T 5558.72
T 5558.90
T 5559.10
T 5559.28
T 5559.47
T 5559.66
T 5559.84
T 5560.02
T 5560.22
T 5560.42
T 5560.61
T 5560.80
T 5560.99
T 5561.18
T 5561.36
T 5561.56
T 5561.76
T 5561.93
T 5562.12
T 5562.32
T 5562.50
T 5562.70
T 5562.89
T 5563.08
T 5563.24
T 5563.42
T 5563.60
